0.000107892	0.0289867	0.00701345	0.0196269	0.00668533	0.00265832	0.00300731	0.000341344	
0.000117819	0.0298698	0.00724371	0.0199944	0.00688634	0.0027303	0.00306532	0.000348636	
0.000243436	0.0394629	0.0097314	0.023832	0.00904155	0.00350077	0.00367396	0.000427503	
0.00695364	0.167656	0.072622	0.106623	0.0563229	0.0197374	0.0140859	0.00229138	
0.00459871	0.00197455	0.00139178	0.00137654	0.0191264	0.0194622	0.0233161	0.0155358	
0.00266007	0.00668591	0.0209008	0.0208654	0.0283528	0.0487667	0.0601886	0.0345826	
0.00503497	0.0701779	0.148043	0.161082	0.154117	0.0892745	0.0632411	0.0177852	
0.0127153	0.0096969	0.0898807	0.0795318	0.13051	0.0787004	0.0518761	0.0291455	
0.0105432	0.082498	0.230991	0.255082	0.251271	0.135253	0.0749312	0.0267278	
0.000861218	0.0629872	0.0339261	0.0337335	0.0620681	0.0342951	0.0253049	0.0121238	
0.00438685	0.0741135	0.119887	0.179575	0.174204	0.173938	0.0987675	0.0288221	
0.0105229	0.110418	0.251741	0.321083	0.298665	0.196793	0.106999	0.0339756	
0.00642329	0.0232077	0.0488138	0.117728	0.240956	0.265869	0.210661	0.0858685	
0.010413	0.00328856	0.102028	0.0975195	0.188287	0.16952	0.14087	0.0675895	
0.0193264	0.109197	0.278856	0.359664	0.365535	0.241955	0.129627	0.0470678	
0.0174888	0.149792	0.291569	0.384807	0.379267	0.286409	0.155591	0.0525866	
0.0290572	0.156609	0.305172	0.410177	0.417399	0.308442	0.169704	0.0602635	
0.0154768	0.00593349	0.0518402	0.0824656	0.162614	0.218361	0.182455	0.0601111	
0.0327843	0.193852	0.309017	0.401509	0.416938	0.348418	0.210069	0.0741117	
0.0594457	0.185676	0.269413	0.3716	0.395938	0.336473	0.200583	0.0813603	
0.0494677	0.216811	0.317719	0.429414	0.449926	0.367464	0.217601	0.0794245	
0.0737187	0.0978985	0.252036	0.344941	0.437367	0.409622	0.31899	0.138847	
0.0675813	0.214584	0.328591	0.422287	0.471453	0.407189	0.273157	0.106372	
0.0100485	0.0419186	0.0506312	0.0618469	0.0550571	0.0768952	0.150248	0.0917136	
0.00303476	0.0380831	0.000715879	0.0276527	0.0236288	0.00892311	0.00545787	0.0284846	
0.104304	0.274175	0.291262	0.399206	0.435809	0.386781	0.249726	0.106476	
0.0904171	0.266769	0.333561	0.439598	0.485171	0.415925	0.273256	0.108818	
0.159175	0.279401	0.314654	0.41706	0.503416	0.500965	0.379744	0.166479	
0.0186857	0.0179082	0.016156	0.0410819	0.113648	0.0692389	0.0605587	0.0302171	
0.0477413	0.0266976	0.0539224	0.0795927	0.0808028	0.107053	0.173085	0.110549	
0.188622	0.271621	0.302187	0.340649	0.346317	0.333743	0.274202	0.150607	
0.205335	0.359598	0.333219	0.452065	0.522182	0.50086	0.370596	0.171319	
0.144572	0.139578	0.215525	0.27222	0.392848	0.385271	0.401944	0.206463	
0.211349	0.351068	0.344512	0.452365	0.535322	0.516246	0.404979	0.190247	
0.275533	0.400465	0.345374	0.457019	0.512949	0.496462	0.37523	0.180722	
0.255123	0.391819	0.358662	0.468999	0.547156	0.530166	0.418797	0.19989	
0.27742	0.410612	0.363795	0.475787	0.547412	0.529	0.412886	0.197859	
0.359269	0.451405	0.387615	0.485032	0.551961	0.541878	0.442654	0.224915	
0.0280809	0.0266128	0.00306144	0.0185508	0.0131446	0.00427606	0.0111424	0.0382919	
0.292773	0.384551	0.377484	0.451853	0.500457	0.485394	0.449277	0.241469	
0.36127	0.462322	0.393923	0.494523	0.557397	0.551154	0.454504	0.233632	
0.170742	0.235457	0.234863	0.325506	0.347239	0.345316	0.268027	0.149491	
0.407937	0.475237	0.408453	0.495105	0.550602	0.550886	0.440123	0.22528	
0.340349	0.430771	0.401238	0.47916	0.568381	0.548313	0.483367	0.252812	
0.405373	0.479744	0.415163	0.502706	0.571836	0.565125	0.464936	0.238855	
0.472385	0.515021	0.427908	0.507085	0.529006	0.553147	0.449901	0.25217	
0.0875282	0.11048	0.179184	0.32382	0.411579	0.385188	0.418732	0.211522	
0.458019	0.51193	0.446178	0.516937	0.586691	0.582292	0.492466	0.260348	
0.486876	0.530432	0.451703	0.524308	0.577783	0.583892	0.483347	0.25999	
0.392847	0.487538	0.472385	0.520819	0.600157	0.585482	0.493991	0.256571	
0.481263	0.529592	0.467191	0.52657	0.593204	0.590417	0.491681	0.259805	
0.415007	0.456917	0.397398	0.525473	0.56178	0.569744	0.487994	0.280966	
0.50412	0.535804	0.465044	0.530091	0.588752	0.589836	0.492939	0.266163	
0.404679	0.535809	0.473456	0.502167	0.570676	0.591914	0.469752	0.243344	
0.511161	0.550786	0.477764	0.529469	0.587003	0.592773	0.487558	0.260354	
0.480706	0.510728	0.448602	0.530849	0.589954	0.589248	0.507869	0.285813	
0.520463	0.547729	0.474429	0.53299	0.589022	0.592815	0.495062	0.269255	
0.520986	0.567579	0.505298	0.535231	0.5942	0.604052	0.498411	0.27011	
0.0394069	0.0374342	0.0708309	0.0214433	0.0641132	0.106553	0.0532955	0.100313	
0.0566084	0.12788	0.142489	0.237283	0.296316	0.364126	0.409061	0.441604	
0.267245	0.215616	0.308702	0.436837	0.525738	0.530709	0.527401	0.33462	
0.542183	0.555773	0.490386	0.539594	0.594725	0.60131	0.512299	0.288903	
0.560175	0.573855	0.507007	0.540157	0.595218	0.604685	0.506778	0.280433	
0.560435	0.571726	0.498552	0.544083	0.594483	0.607715	0.522417	0.301268	
0.324417	0.425907	0.43111	0.455178	0.565482	0.595205	0.459041	0.222625	
0.5787	0.596602	0.527375	0.540079	0.59297	0.613328	0.515082	0.286936	
0.590039	0.597073	0.528479	0.544323	0.595206	0.613393	0.52042	0.294468	
0.602396	0.607219	0.539789	0.545547	0.596968	0.615315	0.532565	0.311077	
0.00245329	0.00337672	0.00229973	0.0112765	0.0310695	0.0285946	0.0759026	0.0689653	
0.289391	0.264495	0.301257	0.33586	0.504132	0.537988	0.397774	0.182142	
0.571726	0.608442	0.528123	0.5264	0.582389	0.616963	0.522176	0.296142	
0.612177	0.617995	0.555655	0.545073	0.594538	0.617572	0.53097	0.307433	
0.613615	0.618399	0.557008	0.545825	0.59533	0.618048	0.532252	0.308991	
0.630635	0.635353	0.579794	0.545313	0.5949	0.624393	0.541592	0.31744	
0.00759654	0.0275009	0.0369058	0.0980367	0.275722	0.457383	0.403679	0.34713	
0.491114	0.545208	0.431475	0.492043	0.578273	0.612534	0.547501	0.343193	
0.633046	0.634683	0.581291	0.547817	0.597086	0.625408	0.546708	0.32414	
0.4017	0.572875	0.466934	0.458249	0.519274	0.576933	0.507317	0.2863	
0.645039	0.648374	0.593548	0.545159	0.59337	0.625882	0.545814	0.321256	
0.629771	0.633621	0.589278	0.546611	0.599582	0.628855	0.555472	0.335187	
0.645666	0.645419	0.597405	0.5493	0.598327	0.628721	0.551626	0.32834	
0.65093	0.657838	0.615399	0.509728	0.559146	0.608865	0.553324	0.333089	
0.664245	0.658912	0.610072	0.543716	0.590681	0.62774	0.554388	0.331054	
0.054458	0.0348337	0.0105407	0.0444171	0.04454	0.0490558	0.0183834	0.0106819	
0.453154	0.527654	0.52838	0.401326	0.512144	0.57138	0.524252	0.328443	
0.662091	0.65692	0.61323	0.551348	0.600125	0.632721	0.559265	0.335777	
0.68655	0.677496	0.641394	0.550235	0.588595	0.636581	0.568978	0.346001	
0.0109583	0.00125028	0.0895939	0.0329424	0.0199577	0.0203464	0.0125525	0.0111956	
0.0841354	0.0838388	0.253778	0.205071	0.295987	0.395188	0.419293	0.256357	
0.66528	0.659529	0.629579	0.559466	0.604674	0.642157	0.57831	0.358668	
0.686234	0.681897	0.65121	0.561282	0.598318	0.642414	0.576033	0.353079	
0.691003	0.681123	0.652919	0.562559	0.599187	0.642637	0.576833	0.355345	
0.706031	0.695683	0.673376	0.569632	0.598254	0.646415	0.581701	0.362703	
0.195284	0.450464	0.525808	0.331292	0.461308	0.495461	0.500212	0.345721	
0.708176	0.703352	0.69135	0.575839	0.601416	0.647857	0.586259	0.375841	
0.0294343	0.040866	0.114486	0.107024	0.117703	0.103291	0.0896262	0.0942553	
0.318854	0.386543	0.387535	0.203536	0.344228	0.429787	0.422137	0.259472	
0.718085	0.709636	0.699548	0.571163	0.59239	0.648654	0.586042	0.369407	
0.723331	0.711039	0.700608	0.580007	0.59888	0.649498	0.58918	0.376133	
0.725013	0.712812	0.703725	0.580472	0.599101	0.650474	0.588922	0.375549	
0.726655	0.719648	0.709157	0.584737	0.599987	0.652644	0.593723	0.383874	
0.104277	0.0540391	0.131575	0.244683	0.297307	0.398851	0.265299	0.123556	
0.280968	0.402419	0.402572	0.425311	0.531108	0.630884	0.516593	0.303052	
0.719857	0.722084	0.703986	0.58443	0.598131	0.653973	0.589808	0.377828	
0.734396	0.723275	0.717755	0.586078	0.599856	0.653417	0.592543	0.381924	
0.736553	0.731581	0.724489	0.589936	0.599246	0.653248	0.595375	0.386209	
0.318057	0.235803	0.177255	0.189543	0.256647	0.390987	0.464267	0.342747	
0.696744	0.724837	0.696063	0.574552	0.591485	0.6527	0.595859	0.392011	
0.742428	0.731325	0.728139	0.589957	0.600531	0.654603	0.596004	0.38801	
0.736953	0.729	0.724461	0.577674	0.596239	0.652357	0.601724	0.39171	
0.744635	0.732505	0.734089	0.592625	0.602062	0.656767	0.599262	0.389899	
0.181932	0.179512	0.189996	0.122981	0.189401	0.18027	0.308594	0.311564	
0.730799	0.743689	0.708725	0.561664	0.581526	0.632199	0.593719	0.400225	
0.747763	0.739548	0.736208	0.594758	0.60197	0.656094	0.599434	0.393541	
0.746598	0.739091	0.745172	0.593912	0.600357	0.66167	0.605751	0.400701	
0.608417	0.669768	0.585438	0.405882	0.491639	0.506156	0.544249	0.395173	
0.757406	0.751778	0.749623	0.604248	0.605201	0.660742	0.605656	0.40499	
0.760509	0.754643	0.751057	0.605533	0.6043	0.661796	0.605738	0.404025	
0.732444	0.72959	0.710426	0.596033	0.604696	0.652956	0.608671	0.413032	
0.760023	0.75499	0.750943	0.607701	0.606337	0.661609	0.607206	0.406422	
0.443733	0.556674	0.504825	0.439294	0.469169	0.596284	0.542055	0.348741	
0.76197	0.760436	0.751043	0.607345	0.602652	0.662018	0.605705	0.404083	
0.761562	0.757264	0.751969	0.610331	0.607204	0.662183	0.608421	0.408547	
0.764589	0.760802	0.75389	0.610738	0.606203	0.6625	0.607876	0.407707	
0.768633	0.764955	0.755092	0.615887	0.609364	0.663178	0.610623	0.412962	
0.136017	0.0202093	0.161128	0.155553	0.26533	0.442707	0.351981	0.205918	
0.698218	0.74115	0.687138	0.588517	0.587918	0.661173	0.59833	0.398659	
0.770691	0.768235	0.758293	0.616534	0.608573	0.663667	0.609703	0.411776	
0.771307	0.767861	0.758297	0.617404	0.609765	0.66374	0.610603	0.413105	
0.774975	0.776456	0.761643	0.622306	0.610529	0.664937	0.611043	0.415583	
0.00915328	0.015589	0.0252035	0.0461307	0.0502745	0.0103659	0.00373882	0.0708817	
0.138743	0.0892646	0.135305	0.226369	0.307522	0.3784	0.476384	0.320901	
0.763824	0.76319	0.751277	0.620725	0.616884	0.662891	0.616249	0.423193	
0.77874	0.775544	0.764385	0.624659	0.614469	0.664959	0.613544	0.418955	
0.780932	0.777045	0.763004	0.625134	0.616481	0.664638	0.617929	0.425227	
0.232281	0.0291514	0.191843	0.219416	0.375053	0.489198	0.419996	0.230476	
0.723256	0.753543	0.722663	0.608278	0.602024	0.664327	0.60895	0.414016	
0.783178	0.779269	0.76814	0.626863	0.61609	0.665233	0.616893	0.423873	
0.783691	0.779158	0.768038	0.627341	0.616806	0.665315	0.617523	0.424782	
0.788005	0.783069	0.771752	0.631156	0.617947	0.666955	0.620683	0.428079	
0.0468402	0.028589	0.0661162	0.101431	0.136126	0.129199	0.342857	0.346786	
0.732982	0.743306	0.730864	0.595487	0.61463	0.648493	0.621986	0.440721	
0.788061	0.782684	0.771562	0.632446	0.619997	0.666551	0.621567	0.430383	
0.757186	0.751522	0.753614	0.598552	0.607743	0.657804	0.624594	0.426056	
0.790163	0.784343	0.772183	0.632044	0.6194	0.667208	0.62275	0.430328	
0.737171	0.699628	0.737937	0.585803	0.612202	0.635662	0.61578	0.442983	
0.79054	0.784523	0.772905	0.634583	0.62155	0.666776	0.62278	0.432783	
0.697035	0.696889	0.715288	0.582072	0.601883	0.648531	0.619064	0.426498	
0.793585	0.787704	0.773849	0.635514	0.621901	0.667629	0.624467	0.433089	
0.545012	0.65401	0.651858	0.561539	0.608208	0.64168	0.622881	0.443052	
0.794007	0.787091	0.773739	0.637505	0.625981	0.66869	0.625818	0.435509	
0.358815	0.572614	0.482056	0.46317	0.481103	0.595811	0.56804	0.391608	
0.793814	0.790871	0.775218	0.638993	0.623345	0.666989	0.624806	0.435625	
0.797618	0.787579	0.771241	0.638634	0.628006	0.668565	0.628626	0.438292	
0.799725	0.791063	0.776301	0.641173	0.627631	0.668457	0.627391	0.437915	
0.80371	0.791289	0.773884	0.644227	0.632548	0.668381	0.630915	0.443998	
0.0095831	0.0165534	0.0424083	0.0593156	0.0678644	0.0990089	0.0423091	0.116807	
0.591336	0.658671	0.636467	0.541385	0.54069	0.63961	0.595947	0.417165	
0.805554	0.794491	0.778851	0.646603	0.6319	0.66835	0.629507	0.443018	
0.80655	0.794467	0.778401	0.646928	0.632555	0.668455	0.630252	0.443972	
0.809924	0.797223	0.780182	0.651299	0.634412	0.66828	0.630807	0.447204	
0.132828	0.0628564	0.191014	0.261661	0.391303	0.447819	0.444898	0.267606	
0.788102	0.773384	0.740543	0.628405	0.635644	0.669795	0.632304	0.447991	
0.811223	0.796803	0.780508	0.651223	0.636196	0.669132	0.631526	0.447938	
0.814006	0.800689	0.785325	0.657032	0.638567	0.669107	0.629931	0.449844	
0.00650758	0.0417376	0.0634905	0.0734269	0.101096	0.169068	0.279603	0.26381	
0.688454	0.628933	0.609295	0.561152	0.607377	0.647199	0.633181	0.461653	
0.817617	0.801553	0.784568	0.657185	0.640734	0.669983	0.632499	0.453133	
0.812577	0.798945	0.787008	0.655443	0.64527	0.673067	0.633366	0.452666	
0.702962	0.748553	0.638273	0.603196	0.628491	0.656088	0.633748	0.46937	
0.821273	0.802355	0.788508	0.660837	0.645266	0.672076	0.634728	0.456869	
0.81434	0.805529	0.789644	0.662069	0.64078	0.66978	0.631887	0.453984	
0.822736	0.80525	0.790843	0.662921	0.644766	0.67216	0.634096	0.456083	
0.731542	0.733108	0.676581	0.609904	0.619378	0.654868	0.637569	0.476527	
0.823601	0.804908	0.78905	0.663928	0.645501	0.672072	0.635702	0.459033	
0.525584	0.618065	0.570191	0.545441	0.599824	0.660393	0.601811	0.415604	
0.822323	0.805542	0.791254	0.663431	0.646477	0.673706	0.634569	0.456617	
0.824357	0.805782	0.790623	0.666062	0.646877	0.672754	0.636329	0.460169	
0.825552	0.806635	0.792111	0.666161	0.647222	0.673327	0.63609	0.459448	
0.828269	0.808379	0.794107	0.671404	0.649186	0.674142	0.63837	0.463004	
0.521803	0.459523	0.381238	0.41451	0.540517	0.607417	0.576127	0.422323	
0.825663	0.800071	0.78601	0.664417	0.654569	0.676235	0.638242	0.463752	
0.82911	0.808037	0.794771	0.67112	0.651351	0.675494	0.638608	0.463317	
0.65386	0.4963	0.535145	0.480201	0.554659	0.558918	0.614166	0.458783	
0.827846	0.807272	0.79304	0.674382	0.650031	0.673126	0.63967	0.465922	
0.82926	0.808968	0.795081	0.673485	0.651042	0.674705	0.639168	0.46456	
0.82096	0.806444	0.794402	0.673463	0.652583	0.676298	0.639743	0.467	
0.829538	0.810537	0.796784	0.67494	0.652114	0.675663	0.639604	0.465658	
0.291387	0.196283	0.261353	0.211132	0.323185	0.406617	0.56173	0.453773	
0.815438	0.798668	0.783228	0.670936	0.651569	0.674183	0.64295	0.472088	
0.830716	0.810591	0.796428	0.676787	0.652959	0.675807	0.640771	0.46759	
0.825848	0.80507	0.795971	0.679093	0.649	0.671732	0.639223	0.469468	
0.831119	0.812566	0.797919	0.678792	0.652842	0.675273	0.640702	0.468507	
0.454473	0.266471	0.299728	0.291327	0.452367	0.514835	0.543884	0.400643	
0.830457	0.802911	0.789716	0.676107	0.655238	0.677373	0.642851	0.470228	
0.832309	0.811762	0.797236	0.679166	0.654567	0.676429	0.641706	0.469298	
0.834673	0.81672	0.799188	0.680607	0.65698	0.67541	0.64241	0.471883	
0.0254932	0.0101899	0.0728935	0.111126	0.0717495	0.150707	0.269444	0.30918	
0.799184	0.771773	0.743917	0.635936	0.632946	0.669375	0.637816	0.477064	
0.835761	0.816119	0.799314	0.681998	0.65779	0.676478	0.643134	0.473382	
0.8328	0.808987	0.795297	0.682046	0.659117	0.680513	0.641772	0.470386	
0.837086	0.816137	0.800375	0.683327	0.659331	0.678104	0.642848	0.472598	
0.507377	0.475588	0.429804	0.368983	0.506751	0.585067	0.622077	0.480005	
0.834833	0.811878	0.796866	0.683831	0.657816	0.677487	0.646018	0.478533	
0.837522	0.815663	0.800483	0.684457	0.659216	0.678045	0.644285	0.475168	
0.82811	0.812202	0.798779	0.678688	0.658756	0.677118	0.64292	0.475082	
0.838292	0.816974	0.803304	0.68464	0.65994	0.678313	0.644167	0.475299	
0.521671	0.524115	0.541841	0.507882	0.56031	0.614397	0.619644	0.464616	
0.83728	0.813922	0.800038	0.686038	0.65989	0.679324	0.646278	0.478824	
0.839556	0.817168	0.805212	0.685969	0.660524	0.678882	0.645663	0.47844	
0.840686	0.817253	0.805045	0.687058	0.66117	0.679585	0.645927	0.478943	
0.841298	0.819695	0.80885	0.688372	0.662854	0.680096	0.646757	0.4832	
0.0486832	0.0119808	0.0596529	0.0343619	0.0795606	0.0683722	0.175394	0.101068	
0.535927	0.667572	0.664235	0.61978	0.63766	0.659354	0.617236	0.453106	
0.843603	0.819642	0.808102	0.689206	0.664693	0.68177	0.646328	0.482174	
0.844022	0.820058	0.809172	0.689721	0.664603	0.681242	0.646711	0.483115	
0.844607	0.818855	0.8088	0.69195	0.670301	0.683872	0.646248	0.483203	
0.00706844	0.0680162	0.0156796	0.00447372	0.00450827	0.0354595	0.106338	0.11926	
0.700278	0.778024	0.753348	0.65526	0.619271	0.650212	0.631491	0.478349	
0.846257	0.820863	0.810876	0.693349	0.66865	0.682909	0.64652	0.483958	
0.847074	0.822965	0.81113	0.693617	0.670524	0.683404	0.647791	0.486352	
0.205625	0.0645185	0.144597	0.258464	0.184273	0.218226	0.324097	0.268211	
0.835019	0.778641	0.778534	0.676543	0.646601	0.668022	0.634194	0.481513	
0.847621	0.823915	0.812336	0.69649	0.670655	0.683387	0.647079	0.486352	
0.84754	0.810422	0.809255	0.699845	0.678696	0.684504	0.646084	0.483499	
0.849123	0.822604	0.812301	0.69794	0.673713	0.683987	0.646885	0.485419	
0.715947	0.456203	0.630715	0.599441	0.605475	0.614942	0.613054	0.481679	
0.848089	0.822462	0.81215	0.700832	0.672374	0.682833	0.646807	0.487151	
0.84954	0.824436	0.812446	0.698549	0.676002	0.68425	0.646695	0.485241	
0.850035	0.824533	0.813235	0.700649	0.675087	0.684058	0.647282	0.486726	
0.850227	0.824943	0.813699	0.700862	0.675725	0.684101	0.64708	0.486438	
0.850787	0.824947	0.813622	0.704222	0.678393	0.684849	0.647008	0.48748	
0.298972	0.110944	0.237809	0.286569	0.457455	0.563126	0.490384	0.312984	
0.774162	0.804422	0.717975	0.660925	0.66553	0.681865	0.642198	0.476431	
0.851485	0.825861	0.814579	0.703876	0.679526	0.684898	0.646696	0.486683	
0.851597	0.82574	0.814826	0.70433	0.679415	0.68496	0.646878	0.487199	
0.852114	0.827057	0.815299	0.705275	0.681569	0.685292	0.647071	0.488362	
0.403191	0.313354	0.361789	0.281119	0.503644	0.618858	0.629617	0.472186	
0.84069	0.820833	0.780643	0.697385	0.674072	0.685589	0.648283	0.493045	
0.852355	0.826963	0.815726	0.705793	0.681341	0.685427	0.647276	0.489066	
0.853382	0.829164	0.816275	0.707513	0.684503	0.686055	0.646181	0.489344	
0.0409428	0.00571284	0.118092	0.142995	0.220454	0.220694	0.45163	0.37607	
0.780602	0.776878	0.719079	0.665885	0.661103	0.677735	0.650935	0.501086	
0.853424	0.828754	0.817156	0.708156	0.684887	0.686252	0.647091	0.490981	
0.850946	0.827451	0.819067	0.706963	0.684597	0.685547	0.647919	0.491384	
0.853476	0.829168	0.818776	0.708249	0.685126	0.686214	0.647543	0.491175	
0.613942	0.44379	0.69735	0.544799	0.575949	0.550203	0.608208	0.484856	
0.851286	0.826059	0.817057	0.708558	0.685505	0.685857	0.647553	0.492144	
0.853579	0.829606	0.818599	0.709003	0.685535	0.686422	0.647658	0.491521	
0.854471	0.829836	0.819583	0.70812	0.688374	0.68804	0.647787	0.490631	
0.817703	0.73892	0.795912	0.669188	0.658006	0.656291	0.640023	0.493567	
0.853969	0.831656	0.820258	0.710809	0.688014	0.687844	0.648305	0.491908	
0.85399	0.832036	0.821087	0.7119	0.68971	0.688391	0.64858	0.492724	
0.0495273	0.113598	0.0343173	0.0913071	0.163093	0.190679	0.285857	0.296208	
0.82921	0.790631	0.774825	0.681536	0.669133	0.678278	0.643928	0.493443	
0.854299	0.832433	0.822655	0.713073	0.688852	0.688512	0.648734	0.493215	
0.854287	0.827176	0.820535	0.712366	0.692925	0.690631	0.649886	0.4935	
0.854625	0.831827	0.82207	0.713191	0.690944	0.689629	0.649333	0.493427	
0.712735	0.25468	0.643482	0.498444	0.482548	0.48544	0.546405	0.459936	
0.853492	0.822636	0.823013	0.714017	0.686913	0.68726	0.648352	0.49402	
0.854685	0.832762	0.822947	0.71425	0.690458	0.689421	0.649296	0.493668	
0.856439	0.831447	0.824316	0.714344	0.692761	0.69062	0.648722	0.493151	
0.752904	0.747296	0.788159	0.685045	0.667781	0.670452	0.648474	0.499594	
0.856705	0.833191	0.824922	0.716219	0.692622	0.690662	0.649627	0.494498	
0.852576	0.83365	0.818604	0.717695	0.691938	0.691264	0.64931	0.49359	
0.856908	0.833916	0.825013	0.716958	0.69281	0.690884	0.649575	0.494242	
0.775616	0.803695	0.708703	0.695863	0.672212	0.684223	0.652285	0.501186	
0.856522	0.833382	0.824815	0.717426	0.693183	0.691229	0.650112	0.495195	
0.85742	0.834207	0.825461	0.717574	0.693601	0.691154	0.649529	0.494568	
0.857382	0.834043	0.825631	0.718216	0.693742	0.691349	0.649983	0.49513	
0.853232	0.830837	0.824038	0.716219	0.69595	0.6911	0.648377	0.494789	
0.857878	0.834354	0.826081	0.71824	0.694608	0.691508	0.649639	0.495096	
0.681675	0.698289	0.743726	0.67332	0.636076	0.646999	0.646493	0.498867	
0.855967	0.833507	0.825761	0.719597	0.694295	0.69171	0.65046	0.496394	
0.858058	0.834989	0.826584	0.719331	0.695428	0.691754	0.649773	0.495403	
0.858039	0.834967	0.826713	0.719894	0.695572	0.692005	0.650101	0.495925	
0.85865	0.835746	0.828172	0.721937	0.69805	0.692852	0.650024	0.496725	
0.315194	0.213243	0.335693	0.263466	0.214101	0.319991	0.512427	0.46328	
0.844173	0.819265	0.814707	0.71865	0.692184	0.689017	0.65028	0.500422	
0.858408	0.835867	0.827929	0.722863	0.69821	0.692965	0.650299	0.49733	
0.85641	0.834506	0.815926	0.722187	0.696382	0.69305	0.648018	0.494482	
0.858884	0.836678	0.82805	0.723457	0.698867	0.693279	0.649954	0.496808	
0.755863	0.747808	0.547865	0.595772	0.62482	0.662793	0.649098	0.503275	
0.857995	0.835858	0.826526	0.724409	0.698609	0.693013	0.650773	0.49833	
0.858829	0.836561	0.828347	0.72419	0.699038	0.69324	0.650332	0.497485	
0.857853	0.837777	0.828006	0.724817	0.702627	0.693767	0.649234	0.498028	
0.803304	0.770244	0.70138	0.676458	0.672531	0.686539	0.651634	0.504972	
0.859109	0.837928	0.830449	0.726879	0.701989	0.693623	0.649936	0.499234	
0.85728	0.834308	0.827703	0.725057	0.702355	0.694337	0.650231	0.500848	
0.859107	0.837915	0.83088	0.726828	0.702503	0.693947	0.650096	0.499718	
0.827422	0.77675	0.781022	0.706052	0.677875	0.682256	0.642396	0.497657	
0.858826	0.838001	0.831821	0.727764	0.702737	0.69383	0.64975	0.499816	
0.859063	0.838036	0.831393	0.727428	0.703609	0.694294	0.650154	0.50037	
0.859089	0.838271	0.832433	0.728111	0.703701	0.694188	0.649933	0.500361	
0.858264	0.835653	0.830292	0.727068	0.707102	0.695505	0.650084	0.502463	
0.818915	0.758272	0.76712	0.702894	0.664943	0.671876	0.63797	0.497653	
0.859127	0.838248	0.834764	0.73009	0.707313	0.695219	0.649929	0.50269	
0.856128	0.838016	0.826432	0.72984	0.709131	0.695496	0.648527	0.50137	
0.85927	0.839095	0.834778	0.730442	0.708166	0.695411	0.649649	0.502386	
0.841629	0.809247	0.770615	0.713763	0.698099	0.692608	0.653144	0.509368	
0.85931	0.838755	0.835366	0.731057	0.707888	0.695426	0.650176	0.503223	
0.838531	0.807318	0.783198	0.697333	0.708862	0.693835	0.648626	0.4996	
0.859685	0.839031	0.835546	0.730653	0.709006	0.695852	0.65024	0.503117	
0.85911	0.838755	0.835753	0.73227	0.708449	0.695463	0.650269	0.503829	
0.859833	0.839228	0.836203	0.731391	0.709301	0.696054	0.650524	0.503714	
0.859727	0.839376	0.836316	0.731989	0.709316	0.69599	0.650561	0.50399	
0.860026	0.839624	0.837492	0.733385	0.710214	0.696475	0.651562	0.505633	
0.312564	0.209807	0.575882	0.438196	0.318262	0.324398	0.493226	0.4729	
0.83788	0.823689	0.830095	0.732515	0.706152	0.690114	0.64961	0.508651	
0.859863	0.839743	0.8374	0.734082	0.710533	0.696391	0.651551	0.506091	
0.856656	0.832346	0.834967	0.728329	0.712391	0.69673	0.650264	0.504682	
0.860125	0.839863	0.837808	0.734009	0.711222	0.696826	0.651448	0.505877	
0.799116	0.76601	0.80972	0.685624	0.686911	0.673131	0.645552	0.512961	
0.85945	0.839589	0.838072	0.735486	0.711053	0.696376	0.651581	0.507053	
0.860173	0.8401	0.838296	0.735136	0.712093	0.697052	0.651404	0.506321	
0.860024	0.840123	0.838659	0.736026	0.711952	0.696891	0.651457	0.50684	
0.860244	0.839195	0.839068	0.736468	0.715446	0.697842	0.650968	0.507122	
0.81269	0.764819	0.787098	0.669075	0.689923	0.675416	0.64628	0.511848	
0.860256	0.840103	0.840877	0.739065	0.714683	0.69764	0.651212	0.508287	
0.860105	0.840212	0.841749	0.740647	0.717512	0.697694	0.651677	0.509662	
0.31078	0.280136	0.368577	0.223051	0.315127	0.448717	0.517939	0.429426	
0.846016	0.833359	0.839585	0.728133	0.712389	0.696916	0.648953	0.509557	
0.860442	0.840111	0.842364	0.741259	0.717755	0.698137	0.651456	0.509793	
0.855029	0.825002	0.820697	0.734497	0.722067	0.696933	0.65092	0.509242	
0.860584	0.840128	0.842449	0.741261	0.718818	0.698284	0.651513	0.509798	
0.810413	0.778573	0.770231	0.713255	0.705371	0.691751	0.648773	0.516316	
0.860097	0.839929	0.842698	0.742244	0.7186	0.698222	0.651641	0.510716	
0.860675	0.840439	0.843194	0.741704	0.719687	0.698423	0.65155	0.509941	
0.860523	0.84033	0.843378	0.742302	0.719754	0.698456	0.651638	0.510632	
0.857925	0.84039	0.84306	0.741859	0.722423	0.698439	0.651528	0.509718	
0.860642	0.840776	0.843834	0.742381	0.72096	0.698511	0.651645	0.510303	
0.411025	0.539422	0.524731	0.462879	0.561199	0.59586	0.606384	0.506743	
0.851416	0.836181	0.839498	0.741912	0.719746	0.697902	0.651689	0.513151	
0.860788	0.840614	0.844057	0.742959	0.721087	0.698571	0.651737	0.510968	
0.861031	0.840922	0.845402	0.743686	0.723151	0.698802	0.652146	0.511422	
0.619057	0.688658	0.711481	0.650383	0.664312	0.644577	0.626754	0.515266	
0.858096	0.839292	0.843553	0.74404	0.724721	0.698851	0.652415	0.51341	
0.860708	0.840729	0.84516	0.744087	0.723898	0.698958	0.652315	0.512166	
0.76611	0.78832	0.790376	0.673947	0.680856	0.673629	0.637914	0.492077	
0.861029	0.840941	0.846094	0.743392	0.724589	0.699048	0.651946	0.510962	
0.861195	0.840996	0.845755	0.743994	0.72435	0.699082	0.652178	0.511644	
0.859759	0.839814	0.844381	0.744446	0.726475	0.698962	0.652434	0.514299	
0.830814	0.815977	0.789946	0.698596	0.708304	0.692948	0.647584	0.503647	
0.86145	0.841086	0.847172	0.745266	0.728372	0.699432	0.652271	0.513251	
0.861446	0.841109	0.847279	0.745394	0.728527	0.699485	0.652308	0.513368	
0.861289	0.841556	0.848539	0.745553	0.73093	0.699844	0.652176	0.513547	
0.25474	0.232863	0.317428	0.233272	0.224048	0.279134	0.4616	0.420401	
0.836783	0.825845	0.828433	0.731467	0.720843	0.693168	0.651518	0.51671	
0.861457	0.841622	0.848563	0.746205	0.730994	0.699905	0.652378	0.514116	
0.860996	0.841336	0.847409	0.74638	0.73337	0.700418	0.652625	0.515399	
0.853172	0.823215	0.790155	0.730712	0.721366	0.698325	0.651797	0.515889	
0.861224	0.841597	0.849552	0.747434	0.733319	0.7006	0.652784	0.515641	
0.860967	0.841215	0.851233	0.747194	0.734204	0.700572	0.652238	0.514468	
0.86154	0.841733	0.850674	0.747651	0.733871	0.700727	0.65261	0.515159	
0.773608	0.76827	0.783424	0.68493	0.691957	0.671536	0.643349	0.519554	
0.860959	0.841178	0.849567	0.748439	0.734381	0.700995	0.653085	0.516518	
0.861443	0.84177	0.851129	0.748203	0.734896	0.700999	0.652498	0.515432	
0.861499	0.841533	0.850794	0.748975	0.735185	0.701266	0.653019	0.516434	
0.861628	0.841755	0.851295	0.749032	0.735592	0.701269	0.652893	0.516265	
0.861902	0.841297	0.851309	0.750654	0.737015	0.701889	0.653217	0.517131	
0.320346	0.303395	0.23382	0.358263	0.486401	0.612644	0.563483	0.41836	
0.849649	0.823931	0.78287	0.723271	0.721946	0.699246	0.650693	0.51359	
0.86206	0.841544	0.851947	0.750674	0.737932	0.701853	0.653083	0.516917	
0.862075	0.841474	0.852038	0.750946	0.737952	0.70192	0.653186	0.517143	
0.862329	0.841468	0.851584	0.751964	0.740221	0.70222	0.653223	0.517795	
0.451288	0.311706	0.30341	0.247567	0.45606	0.557265	0.57535	0.473926	
0.850589	0.833549	0.808404	0.736495	0.72382	0.700799	0.654592	0.522083	
0.862374	0.84157	0.852539	0.752397	0.739855	0.702244	0.653477	0.518433	
0.862352	0.842373	0.853206	0.752681	0.740693	0.702552	0.653921	0.518792	
0.812155	0.807116	0.834285	0.737646	0.722657	0.686853	0.650359	0.523783	
0.862785	0.84238	0.853064	0.753626	0.741143	0.702673	0.654261	0.519756	
0.862851	0.841976	0.85266	0.753516	0.742857	0.703331	0.654895	0.520037	
0.856198	0.807618	0.836426	0.741149	0.73503	0.697455	0.653256	0.523744	
0.862866	0.842644	0.853507	0.754917	0.742598	0.703178	0.654922	0.520794	
0.857568	0.8367	0.850905	0.751508	0.74049	0.702427	0.654373	0.518771	
0.863102	0.842914	0.853785	0.75493	0.742761	0.703428	0.65501	0.520551	
0.850789	0.824974	0.847741	0.751878	0.736312	0.698396	0.654538	0.524495	
0.863024	0.842606	0.853723	0.755671	0.742919	0.703418	0.655194	0.521161	
0.840033	0.810558	0.823079	0.730933	0.735671	0.700286	0.652091	0.515999	
0.863237	0.842788	0.853884	0.755559	0.743765	0.703709	0.655201	0.520911	
0.863147	0.842598	0.853693	0.756144	0.743522	0.703951	0.655411	0.521473	
0.863334	0.842774	0.854055	0.756386	0.744127	0.70398	0.65537	0.521284	
0.863348	0.842743	0.854178	0.756543	0.744205	0.704085	0.655465	0.521465	
0.863374	0.842565	0.853807	0.758065	0.746323	0.704909	0.655736	0.522024	
0.379067	0.176315	0.323498	0.258286	0.447588	0.544597	0.54883	0.41999	
0.836706	0.826479	0.659949	0.686129	0.69948	0.70165	0.657029	0.524905	
0.863369	0.842554	0.854315	0.758287	0.746246	0.70506	0.655994	0.522574	
0.863458	0.842609	0.854767	0.758587	0.746629	0.705116	0.655921	0.522439	
0.863337	0.842687	0.854638	0.759287	0.747408	0.705736	0.656449	0.523412	
0.523745	0.603645	0.461988	0.441665	0.54546	0.674412	0.628889	0.460921	
0.857751	0.841442	0.829743	0.74771	0.74065	0.705519	0.655483	0.520677	
0.86345	0.842928	0.855305	0.759551	0.747846	0.705842	0.656357	0.523113	
0.863429	0.842886	0.855295	0.759736	0.747952	0.705892	0.656464	0.523358	
0.86359	0.843174	0.855579	0.760502	0.749276	0.706775	0.656826	0.523672	
0.387914	0.20915	0.333423	0.265108	0.407422	0.42548	0.524707	0.486518	
0.842738	0.823499	0.838546	0.7493	0.742925	0.702055	0.65666	0.528022	
0.863562	0.843025	0.855872	0.761112	0.749287	0.706645	0.656968	0.524264	
0.863468	0.842522	0.856585	0.760888	0.74975	0.707564	0.657507	0.524733	
0.846551	0.80617	0.849162	0.756203	0.74359	0.699642	0.654675	0.526793	
0.86354	0.843285	0.856745	0.761999	0.750011	0.707431	0.657506	0.525185	
0.863754	0.844003	0.856073	0.76149	0.750682	0.707778	0.657676	0.524935	
0.857939	0.83789	0.847458	0.758466	0.74753	0.706978	0.658	0.528	
0.863526	0.843779	0.85748	0.762968	0.750699	0.707786	0.657868	0.525771	
0.859908	0.83643	0.857552	0.759465	0.749548	0.707725	0.657786	0.525772	
0.863826	0.843866	0.857934	0.762715	0.750829	0.707962	0.657931	0.525805	
0.85544	0.82097	0.854675	0.761401	0.749989	0.705168	0.657859	0.529978	
0.863615	0.843571	0.858029	0.763362	0.751061	0.707898	0.658045	0.526433	
0.834413	0.806187	0.833689	0.736566	0.746459	0.703624	0.655372	0.520098	
0.864031	0.844158	0.858213	0.763024	0.751632	0.708086	0.658121	0.526072	
0.863784	0.843667	0.858497	0.763797	0.751577	0.708224	0.658231	0.52683	
0.864108	0.844079	0.858579	0.763716	0.752007	0.708262	0.658302	0.526634	
0.860914	0.839642	0.85719	0.764784	0.75265	0.709091	0.658631	0.529056	
0.863656	0.843368	0.858883	0.764842	0.752487	0.708674	0.658485	0.527528	
0.503059	0.555636	0.424642	0.456571	0.543732	0.627667	0.610147	0.461722	
0.859457	0.840376	0.850183	0.756535	0.752749	0.707321	0.658166	0.525347	
0.864313	0.844031	0.859088	0.764755	0.753094	0.708652	0.65854	0.527236	
0.864691	0.844009	0.859692	0.765596	0.754526	0.709062	0.65903	0.528206	
0.538447	0.665349	0.603314	0.591818	0.523759	0.623996	0.614154	0.482851	
0.859927	0.843357	0.856935	0.765315	0.753794	0.708519	0.657827	0.526726	
0.864903	0.844244	0.859866	0.765958	0.754861	0.709142	0.65887	0.527968	
0.848913	0.838704	0.850469	0.761656	0.750808	0.708113	0.659756	0.53076	
0.86479	0.844165	0.860031	0.76613	0.754891	0.70926	0.65907	0.528426	
0.848243	0.840769	0.84905	0.760945	0.752445	0.708503	0.6578	0.526005	
0.864949	0.844515	0.860288	0.766284	0.755409	0.709434	0.659008	0.528209	
0.808604	0.813456	0.797471	0.729987	0.724658	0.70093	0.660017	0.534793	
0.864675	0.844227	0.860205	0.766744	0.755298	0.709542	0.659455	0.529255	
0.865085	0.844772	0.860561	0.766821	0.756058	0.709745	0.65931	0.528701	
0.865022	0.844699	0.86077	0.767137	0.75608	0.709831	0.659479	0.529137	
0.865052	0.845403	0.860968	0.768052	0.758696	0.710854	0.659896	0.529752	
0.0475362	0.0138668	0.0332767	0.142585	0.130493	0.151413	0.319758	0.405532	
0.70887	0.711996	0.619346	0.56769	0.658475	0.675663	0.652941	0.531713	
0.864326	0.844734	0.860953	0.769294	0.757826	0.710804	0.660522	0.53134	
0.865352	0.845509	0.862	0.769549	0.758973	0.710964	0.660341	0.530827	
0.865167	0.845531	0.862135	0.770808	0.760085	0.711167	0.660837	0.53203	
0.451775	0.489171	0.3836	0.43552	0.52648	0.627537	0.600213	0.467792	
0.857424	0.838443	0.849953	0.759863	0.757079	0.71001	0.659081	0.529915	
0.865611	0.845721	0.862707	0.770719	0.760481	0.711206	0.660701	0.531842	
0.86532	0.845201	0.863567	0.772133	0.761328	0.712069	0.661018	0.532916	
0.481325	0.419345	0.509727	0.449508	0.544366	0.589034	0.572992	0.481965	
0.862698	0.835191	0.858676	0.761478	0.761357	0.708593	0.660758	0.532213	
0.865608	0.845693	0.863621	0.772018	0.762058	0.711858	0.661206	0.532933	
0.864803	0.844716	0.864205	0.7739	0.763352	0.712331	0.660834	0.533672	
0.851795	0.792786	0.846892	0.745926	0.741915	0.70293	0.658066	0.534145	
0.865411	0.845765	0.86478	0.773619	0.764091	0.712329	0.66146	0.534179	
0.865611	0.846387	0.865877	0.77382	0.764611	0.713378	0.661431	0.534605	
0.415019	0.641227	0.584672	0.398662	0.384789	0.562485	0.605018	0.5051	
0.859163	0.844221	0.85518	0.765897	0.759898	0.711591	0.661262	0.535036	
0.865653	0.846488	0.865681	0.774306	0.765631	0.713349	0.661498	0.534738	
0.855053	0.842303	0.860849	0.770969	0.758815	0.713594	0.662975	0.538785	
0.865189	0.846198	0.866273	0.774677	0.765519	0.713521	0.661809	0.535498	
0.81211	0.812134	0.81804	0.751348	0.747179	0.708399	0.656852	0.526973	
0.865389	0.846625	0.866279	0.774547	0.766414	0.713743	0.661585	0.535017	
0.86439	0.846223	0.866142	0.775347	0.766278	0.71377	0.661954	0.536035	
0.865354	0.84675	0.866618	0.775194	0.766566	0.713926	0.661891	0.53577	
0.862824	0.845998	0.866288	0.776549	0.767121	0.714485	0.662586	0.537446	
0.837311	0.817376	0.855559	0.764921	0.763746	0.709369	0.659563	0.532064	
0.864888	0.847335	0.867346	0.776285	0.767574	0.714685	0.662496	0.536937	
0.864818	0.848436	0.866784	0.777005	0.768932	0.714751	0.662567	0.537802	
0.252817	0.289612	0.28138	0.239246	0.316346	0.415582	0.479472	0.447555	
0.847968	0.840111	0.859792	0.769058	0.761701	0.714218	0.661541	0.537522	
0.864998	0.848223	0.867707	0.777433	0.76891	0.715418	0.662772	0.537903	
0.860005	0.846674	0.866171	0.779463	0.768541	0.715379	0.663637	0.540882	
0.864194	0.847975	0.867637	0.77856	0.769269	0.715562	0.663152	0.539057	
0.456052	0.526538	0.570486	0.557976	0.504658	0.592152	0.597977	0.440999	
0.85407	0.8456	0.866211	0.773473	0.766804	0.715027	0.662256	0.53542	
0.864986	0.848418	0.868171	0.778248	0.769518	0.715751	0.663119	0.538598	
0.863444	0.845312	0.867784	0.779225	0.770772	0.715312	0.663806	0.538729	
0.864742	0.84855	0.868146	0.778675	0.770039	0.715658	0.663369	0.538653	
0.818288	0.734557	0.834299	0.752929	0.761363	0.711784	0.658263	0.535761	
0.864752	0.848524	0.868168	0.77823	0.770346	0.71602	0.663265	0.538644	
0.864672	0.848912	0.868377	0.779082	0.77048	0.715756	0.663447	0.538756	
0.864826	0.849119	0.868459	0.778981	0.770601	0.715873	0.663457	0.538792	
0.864422	0.849391	0.868837	0.780197	0.771834	0.716082	0.663762	0.539304	
0.581447	0.545878	0.648842	0.64391	0.670524	0.669453	0.63671	0.499139	
0.857568	0.846514	0.866059	0.777219	0.772437	0.716435	0.66347	0.538101	
0.864545	0.849844	0.868947	0.780024	0.772167	0.716275	0.663773	0.539158	
0.849695	0.842507	0.861654	0.778183	0.769353	0.715273	0.664346	0.541743	
0.864331	0.849678	0.869083	0.780566	0.772232	0.71632	0.663951	0.539611	
0.847457	0.842286	0.845884	0.769086	0.76765	0.716211	0.663257	0.536072	
0.864536	0.850212	0.868955	0.780551	0.772955	0.716504	0.663971	0.539342	
0.838073	0.835114	0.830399	0.754348	0.745893	0.714253	0.665292	0.544664	
0.864238	0.850142	0.869258	0.780744	0.772817	0.716678	0.664266	0.540109	
0.864494	0.850569	0.869134	0.781012	0.773666	0.71681	0.664163	0.539598	
0.864348	0.850539	0.869436	0.781106	0.773672	0.716948	0.66435	0.540084	
0.86323	0.851665	0.864624	0.780075	0.774461	0.717956	0.664305	0.538793	
0.864411	0.851159	0.869057	0.781409	0.774815	0.717325	0.664344	0.539719	
0.679063	0.696295	0.47222	0.403842	0.570608	0.656226	0.656446	0.535014	
0.861722	0.849598	0.863427	0.777328	0.769772	0.717322	0.665323	0.541998	
0.864332	0.851155	0.869542	0.781559	0.774888	0.717433	0.664574	0.540236	
0.864127	0.851845	0.869675	0.78252	0.776478	0.718234	0.665065	0.540908	
0.818465	0.825437	0.80455	0.759342	0.76967	0.718747	0.660675	0.532135	
0.864536	0.852673	0.869016	0.783018	0.777544	0.718865	0.665155	0.540379	
0.853294	0.835153	0.847107	0.769172	0.76925	0.716763	0.663684	0.54345	
0.864401	0.852734	0.869951	0.783569	0.77767	0.718946	0.665279	0.540945	
0.863174	0.8516	0.870041	0.783767	0.778173	0.718944	0.666072	0.542642	
0.844011	0.820465	0.848943	0.759583	0.768387	0.714718	0.664083	0.540565	
0.863615	0.852844	0.870641	0.784756	0.778814	0.719291	0.66618	0.542627	
0.863628	0.853773	0.866581	0.784519	0.780135	0.720654	0.665238	0.539841	
0.864295	0.853688	0.870347	0.784937	0.779543	0.719801	0.66594	0.541824	
0.847375	0.826033	0.80355	0.717458	0.745647	0.715477	0.66332	0.544774	
0.863907	0.853581	0.870544	0.785023	0.779501	0.719931	0.666034	0.542458	
0.864152	0.853836	0.870356	0.785295	0.780057	0.720136	0.666068	0.542046	
0.864056	0.85393	0.87086	0.785646	0.780235	0.720187	0.666161	0.542388	
0.86375	0.854395	0.870225	0.786289	0.781655	0.721043	0.666409	0.54234	
0.848107	0.830414	0.825779	0.748355	0.753168	0.717071	0.665987	0.544892	
0.863782	0.854463	0.871341	0.786775	0.781845	0.721083	0.66654	0.542838	
0.86334	0.854236	0.872068	0.787696	0.782473	0.721534	0.667294	0.544138	
0.536628	0.187595	0.606738	0.537949	0.480189	0.556122	0.581313	0.500246	
0.857229	0.827667	0.867509	0.786739	0.782196	0.719419	0.665846	0.543265	
0.86345	0.854519	0.872127	0.788052	0.783039	0.721486	0.667213	0.544087	
0.863392	0.849122	0.869735	0.785132	0.784232	0.722158	0.667329	0.544326	
0.863813	0.854558	0.872066	0.787931	0.783615	0.721754	0.66736	0.544191	
0.800338	0.712145	0.814942	0.704536	0.758178	0.709707	0.65527	0.545796	
0.862984	0.853754	0.872334	0.788379	0.783578	0.721875	0.667373	0.544958	
0.863623	0.854626	0.87239	0.78839	0.783675	0.721843	0.667398	0.544552	
0.861844	0.854325	0.862078	0.783992	0.779407	0.72169	0.666928	0.543518	
0.863815	0.854807	0.872234	0.788606	0.7841	0.721887	0.667349	0.544439	
0.850547	0.84858	0.811732	0.758006	0.74343	0.719579	0.667409	0.548053	
0.863735	0.854695	0.872576	0.788613	0.783715	0.721988	0.667435	0.544911	
0.863898	0.854857	0.872459	0.788949	0.784391	0.722039	0.667367	0.544675	
0.8639	0.854838	0.872711	0.789014	0.784365	0.722089	0.667399	0.544836	
0.864243	0.855143	0.872895	0.789847	0.785296	0.722392	0.667405	0.545128	
0.632124	0.689191	0.461802	0.363854	0.561635	0.643727	0.64516	0.532843	
0.860416	0.85325	0.857966	0.781926	0.774905	0.721659	0.667594	0.547078	
0.864223	0.85511	0.873242	0.790013	0.785264	0.722414	0.667453	0.545385	
0.864644	0.855239	0.873088	0.790938	0.786341	0.722648	0.667663	0.545942	
0.562134	0.564413	0.426995	0.274971	0.516326	0.602013	0.619759	0.515561	
0.857574	0.851324	0.833915	0.775386	0.767607	0.721785	0.6679	0.548365	
0.864512	0.855178	0.873697	0.791273	0.78645	0.722771	0.667738	0.546261	
0.864791	0.855508	0.874042	0.791608	0.786949	0.723272	0.667895	0.546738	
0.38984	0.192295	0.581574	0.33882	0.396	0.404413	0.464472	0.481669	
0.843245	0.828124	0.867034	0.782881	0.779886	0.718045	0.665582	0.548845	
0.864865	0.855687	0.874236	0.792011	0.787041	0.723266	0.667935	0.547137	
0.864977	0.855994	0.87388	0.791695	0.787299	0.723573	0.668197	0.547664	
0.860464	0.850868	0.857584	0.779683	0.778299	0.722101	0.667673	0.549925	
0.86474	0.855808	0.875033	0.792602	0.787408	0.723677	0.668282	0.548152	
0.864348	0.856095	0.875069	0.792828	0.787856	0.724062	0.668191	0.547767	
0.857599	0.851944	0.87358	0.793262	0.787457	0.723827	0.668243	0.549631	
0.864777	0.856504	0.87542	0.793218	0.788015	0.724205	0.668294	0.548367	
0.863633	0.855111	0.8716	0.790175	0.787628	0.723831	0.668709	0.549228	
0.864846	0.856576	0.875479	0.793229	0.788267	0.724259	0.668485	0.548596	
0.843782	0.818444	0.864155	0.777093	0.774793	0.721956	0.6668	0.55393	
0.864508	0.856248	0.875821	0.793677	0.7881	0.724364	0.668545	0.549298	
0.86487	0.856738	0.875656	0.793582	0.788603	0.724408	0.668609	0.548926	
0.86469	0.856587	0.876005	0.793939	0.788494	0.724512	0.668653	0.549439	
0.863436	0.854305	0.873229	0.792123	0.789111	0.724663	0.668951	0.54914	
0.864875	0.85682	0.875892	0.794018	0.788995	0.724634	0.668773	0.549409	
0.825487	0.770921	0.831402	0.741286	0.751138	0.717051	0.662192	0.55373	
0.864411	0.856119	0.876598	0.794455	0.788572	0.724722	0.668637	0.550255	
0.864905	0.856887	0.876127	0.794423	0.789487	0.724823	0.668913	0.54986	
0.864841	0.856904	0.876654	0.794803	0.789402	0.724899	0.668849	0.550189	
0.864968	0.857118	0.877293	0.795542	0.790762	0.725517	0.669093	0.550766	
0.426244	0.151083	0.338721	0.212958	0.318912	0.482453	0.528014	0.4786	
0.846376	0.828292	0.844841	0.762954	0.765923	0.722103	0.667291	0.552914	
0.864956	0.857192	0.877874	0.795843	0.790607	0.725567	0.669048	0.551139	
0.865032	0.857271	0.877799	0.795967	0.790885	0.725699	0.669123	0.551123	
0.864638	0.857174	0.877942	0.796093	0.790544	0.726378	0.669374	0.55235	
0.855718	0.847006	0.846251	0.775899	0.769201	0.723904	0.668498	0.547889	
0.865211	0.857772	0.878415	0.796832	0.791926	0.726606	0.669436	0.551924	
0.865166	0.858211	0.878816	0.797368	0.792598	0.726813	0.66964	0.552737	
0.36963	0.439006	0.320921	0.349917	0.315772	0.485672	0.538591	0.418262	
0.857382	0.850117	0.844009	0.775243	0.765454	0.722812	0.667642	0.548585	
0.865368	0.858306	0.87921	0.797602	0.793106	0.727022	0.669639	0.552505	
0.86535	0.858327	0.87929	0.797695	0.793122	0.727075	0.669691	0.552694	
0.865485	0.858458	0.879261	0.798178	0.793842	0.727427	0.670081	0.553448	
0.614157	0.589272	0.468807	0.338831	0.525239	0.599724	0.618325	0.524923	
0.860894	0.854789	0.869983	0.792124	0.786144	0.725299	0.670486	0.555603	
0.865324	0.858405	0.879782	0.798584	0.793842	0.727305	0.670211	0.553833	
0.865042	0.85807	0.879918	0.798963	0.794936	0.726964	0.670836	0.553878	
0.826411	0.818169	0.865905	0.785069	0.788915	0.726802	0.669178	0.557089	
0.865625	0.858546	0.880553	0.799632	0.79494	0.727286	0.670875	0.554537	
0.86389	0.857928	0.880612	0.800511	0.794866	0.727847	0.671528	0.556087	
0.858145	0.857711	0.879854	0.799118	0.794762	0.72719	0.670193	0.55263	
0.865555	0.858624	0.880982	0.800484	0.795343	0.72783	0.671268	0.555369	
0.861284	0.855899	0.87917	0.799923	0.794335	0.727804	0.671323	0.556413	
0.865415	0.858649	0.881156	0.800808	0.795512	0.727958	0.671321	0.555612	
0.756494	0.764468	0.809363	0.742176	0.739035	0.716948	0.667193	0.544835	
0.865496	0.858377	0.880762	0.800425	0.79584	0.727853	0.671327	0.555142	
0.865761	0.858822	0.881207	0.800842	0.795783	0.727948	0.671333	0.555465	
0.865307	0.858685	0.88179	0.801448	0.796353	0.729056	0.671231	0.556587	
0.347186	0.31225	0.383339	0.383617	0.429569	0.581492	0.597398	0.485078	
0.859841	0.8368	0.866732	0.785033	0.78976	0.725258	0.671804	0.555135	
0.865796	0.859106	0.881751	0.801619	0.796667	0.728911	0.67148	0.556518	
0.865903	0.859571	0.881863	0.80203	0.797202	0.729239	0.671332	0.556629	
0.860574	0.840621	0.8604	0.782664	0.784847	0.728613	0.671645	0.55684	
0.865905	0.859773	0.882124	0.802171	0.797486	0.729482	0.671489	0.556777	
0.86464	0.859595	0.882904	0.801388	0.796269	0.730193	0.67203	0.558187	
0.865612	0.859806	0.882605	0.801926	0.797179	0.729823	0.67175	0.557443	
0.846398	0.849127	0.800597	0.742298	0.738796	0.729444	0.670905	0.553757	
0.865683	0.859922	0.881344	0.801734	0.79773	0.730271	0.671756	0.557309	
0.865699	0.85989	0.882385	0.802063	0.797612	0.730018	0.671754	0.557394	
0.863691	0.857387	0.880189	0.799674	0.796174	0.729405	0.671872	0.558512	
0.865554	0.859958	0.882728	0.80228	0.797591	0.730039	0.671816	0.557651	
0.844145	0.816241	0.861862	0.782937	0.784142	0.725129	0.66957	0.55563	
0.865628	0.859966	0.882724	0.802284	0.797679	0.730462	0.671906	0.557644	
0.865501	0.859983	0.882912	0.802614	0.797941	0.730429	0.671894	0.557846	
0.86567	0.860272	0.883014	0.802615	0.797892	0.73059	0.672029	0.557901	
0.865054	0.858788	0.88338	0.803332	0.798329	0.73127	0.671861	0.558529	
0.852287	0.822404	0.87077	0.786256	0.787652	0.724494	0.671662	0.557397	
0.865807	0.86085	0.883582	0.803803	0.798483	0.731282	0.672493	0.558588	
0.865859	0.861104	0.883931	0.804275	0.799003	0.732106	0.672744	0.558726	
0.192598	0.136767	0.214466	0.376564	0.238002	0.375721	0.513473	0.442076	
0.83168	0.826996	0.869264	0.799387	0.786245	0.723435	0.673098	0.561332	
0.8659	0.86133	0.884232	0.804628	0.799183	0.731826	0.672996	0.559206	
0.865288	0.861412	0.883828	0.804883	0.798505	0.731324	0.673675	0.560088	
0.866018	0.861618	0.884339	0.80494	0.799109	0.731692	0.673337	0.559599	
0.722883	0.547676	0.799359	0.63201	0.730555	0.698914	0.641455	0.550369	
0.86428	0.858279	0.883692	0.804545	0.799011	0.732211	0.672898	0.559648	
0.866024	0.861723	0.884406	0.805293	0.799249	0.731889	0.673293	0.559634	
0.866516	0.861421	0.88379	0.805334	0.799548	0.731804	0.673634	0.559466	
0.858039	0.843498	0.879789	0.79954	0.798353	0.732262	0.672401	0.559614	
0.86642	0.862351	0.884496	0.806223	0.799796	0.732134	0.673666	0.5596	
0.865858	0.8621	0.884683	0.806402	0.800111	0.732388	0.673776	0.560309	
0.865596	0.861629	0.881626	0.805607	0.8003	0.732506	0.673731	0.559131	
0.866738	0.862678	0.884857	0.806553	0.800501	0.732596	0.673858	0.559981	
0.863158	0.858145	0.884168	0.80721	0.801161	0.732864	0.674017	0.560552	
0.866459	0.862452	0.885087	0.807103	0.800853	0.732722	0.673964	0.56014	
0.783494	0.676277	0.773744	0.712131	0.765387	0.71103	0.658381	0.553776	
0.86719	0.861723	0.883964	0.806046	0.800804	0.732612	0.674117	0.560083	
0.866916	0.862906	0.885037	0.807027	0.800935	0.732748	0.674061	0.560136	
0.866293	0.862457	0.883954	0.806881	0.801122	0.733609	0.674405	0.561738	
0.858974	0.847097	0.828775	0.765856	0.776576	0.730214	0.674102	0.555951	
0.867037	0.863261	0.885559	0.807626	0.802397	0.733682	0.674549	0.561101	
0.867037	0.863325	0.885746	0.807856	0.80232	0.733693	0.674649	0.56129	
0.867034	0.863746	0.885658	0.808129	0.802626	0.733949	0.675176	0.561561	
0.596715	0.238025	0.335401	0.31392	0.456301	0.602073	0.598905	0.529447	
0.863009	0.856978	0.876091	0.799969	0.79909	0.734884	0.674016	0.562778	
0.867012	0.863927	0.88588	0.80846	0.802837	0.734333	0.675091	0.561816	
0.865898	0.862568	0.873715	0.799669	0.796427	0.73433	0.675049	0.56139	
0.867087	0.863931	0.885864	0.808565	0.80307	0.73444	0.675114	0.561809	
0.863969	0.859988	0.876695	0.803009	0.796755	0.73451	0.676047	0.563997	
0.867001	0.863817	0.885988	0.808844	0.803027	0.734521	0.675245	0.562113	
0.863157	0.861151	0.879106	0.804012	0.794177	0.734582	0.674419	0.56068	
0.86716	0.86395	0.886099	0.809075	0.803229	0.734698	0.675187	0.561996	
0.845032	0.845484	0.877775	0.805685	0.79521	0.731836	0.677143	0.565229	
0.867036	0.863695	0.886178	0.809553	0.803246	0.734605	0.675461	0.562436	
0.850681	0.844528	0.877909	0.802665	0.799974	0.733805	0.674145	0.560233	
0.867308	0.863939	0.886333	0.809581	0.80329	0.734753	0.675455	0.562347	
0.867099	0.863766	0.886517	0.810011	0.803339	0.734857	0.675591	0.562535	
0.867392	0.864004	0.886562	0.810026	0.803324	0.734867	0.675652	0.562598	
0.859352	0.85294	0.88515	0.806989	0.801893	0.735161	0.675777	0.56329	
0.867191	0.863929	0.88678	0.810382	0.803352	0.735026	0.675758	0.562734	
0.857461	0.841872	0.880628	0.795386	0.799737	0.732659	0.675222	0.562186	
0.86748	0.864139	0.886829	0.810276	0.803428	0.735065	0.675882	0.562784	
0.867271	0.864028	0.887061	0.810698	0.803422	0.735214	0.675942	0.562959	
0.86751	0.864296	0.887062	0.810644	0.803502	0.735241	0.676046	0.562978	
0.865975	0.859259	0.886872	0.81013	0.803003	0.735605	0.676175	0.564174	
0.867385	0.864063	0.887338	0.811061	0.803568	0.735433	0.676153	0.563302	
0.809964	0.725968	0.829617	0.728439	0.77471	0.717172	0.665954	0.552973	
0.86757	0.863949	0.886786	0.810263	0.803834	0.735542	0.676339	0.562885	
0.867626	0.864531	0.887294	0.811029	0.80375	0.735537	0.676257	0.563168	
0.867465	0.864272	0.887393	0.811615	0.803909	0.73589	0.676892	0.564647	
0.179919	0.280363	0.303121	0.335104	0.43137	0.544319	0.510215	0.370714	
0.845313	0.828364	0.844662	0.769334	0.761446	0.728425	0.673254	0.556248	
0.867865	0.865049	0.887768	0.812029	0.804593	0.736129	0.676888	0.564188	
0.867892	0.865143	0.88783	0.812076	0.804616	0.736184	0.676984	0.564307	
0.868151	0.865437	0.88762	0.8122	0.805136	0.736839	0.677326	0.564351	
0.482479	0.372356	0.45216	0.261855	0.407284	0.521672	0.587118	0.516897	
0.859861	0.855094	0.879918	0.800636	0.792809	0.733751	0.677757	0.567069	
0.868052	0.86563	0.887917	0.812519	0.80509	0.736789	0.677494	0.564809	
0.867495	0.865939	0.888277	0.812788	0.805158	0.737058	0.677897	0.565616	
0.850785	0.865076	0.887248	0.811945	0.803544	0.735986	0.67955	0.566653	
0.868088	0.866192	0.888463	0.81283	0.805193	0.737002	0.678295	0.565891	
0.866604	0.866534	0.887605	0.813404	0.805167	0.737869	0.677935	0.564703	
0.868325	0.866528	0.888423	0.813171	0.805542	0.737366	0.678187	0.565518	
0.639602	0.783262	0.782838	0.691906	0.668676	0.695518	0.681122	0.568589	
0.865717	0.866009	0.888537	0.812571	0.80357	0.736705	0.679163	0.567157	
0.868321	0.866575	0.888723	0.813244	0.805422	0.737257	0.678484	0.566022	
0.868521	0.866899	0.889148	0.81404	0.806078	0.73723	0.678933	0.566462	
0.170191	0.197209	0.187655	0.169845	0.138515	0.189387	0.394316	0.352448	
0.824629	0.842707	0.855408	0.747573	0.7558	0.72281	0.675984	0.565224	
0.868601	0.86726	0.889559	0.81449	0.806127	0.737557	0.679097	0.566896	
0.868709	0.867402	0.889595	0.814559	0.806322	0.737577	0.679188	0.566841	
0.86812	0.8681	0.889786	0.815114	0.806449	0.73806	0.679854	0.567295	
0.222433	0.293	0.260197	0.30469	0.369284	0.51979	0.519264	0.39372	
0.838979	0.824054	0.863352	0.768957	0.785501	0.729337	0.676798	0.563249	
0.869002	0.868233	0.889795	0.815158	0.806681	0.737971	0.680068	0.567245	
0.8689	0.868322	0.889962	0.815348	0.806709	0.738067	0.680041	0.56738	
0.869299	0.868685	0.889752	0.815487	0.806918	0.738345	0.680693	0.567771	
0.61805	0.354392	0.643468	0.422739	0.649912	0.614335	0.579482	0.537867	
0.863108	0.859524	0.887871	0.810498	0.805918	0.738139	0.679668	0.568279	
0.869066	0.868741	0.890106	0.815796	0.807059	0.738481	0.680675	0.567897	
0.869114	0.868433	0.888135	0.815131	0.807089	0.738822	0.680763	0.567548	
0.869303	0.86915	0.889893	0.8159	0.807227	0.738661	0.680759	0.567815	
0.837958	0.795991	0.851201	0.773792	0.792755	0.730428	0.673087	0.568177	
0.868877	0.868362	0.89033	0.816353	0.807449	0.738865	0.680867	0.568166	
0.86931	0.869229	0.890305	0.816364	0.807522	0.738905	0.680888	0.56808	
0.869244	0.869127	0.890489	0.81658	0.807603	0.739014	0.680952	0.568248	
0.869626	0.869475	0.890778	0.817485	0.808279	0.739824	0.681292	0.568699	
0.37004	0.0962991	0.276387	0.172988	0.345112	0.435429	0.448298	0.489918	
0.848351	0.799978	0.857806	0.766716	0.773573	0.736896	0.678793	0.572592	
0.869531	0.8692	0.890948	0.817757	0.808211	0.740057	0.681322	0.569282	
0.869653	0.869491	0.891034	0.817964	0.808458	0.740059	0.681412	0.569087	
0.869075	0.867944	0.890748	0.817389	0.8067	0.740405	0.681867	0.570871	
0.869599	0.869328	0.891194	0.818097	0.808358	0.7402	0.681563	0.569661	
0.784338	0.746628	0.781438	0.674723	0.639037	0.722365	0.674553	0.550686	
0.86939	0.86874	0.889873	0.816469	0.806466	0.740323	0.681706	0.568842	
0.869738	0.869537	0.891216	0.818215	0.808597	0.740283	0.681613	0.569502	
0.869931	0.869716	0.891602	0.818633	0.808771	0.740874	0.681923	0.57014	
0.85513	0.867718	0.873322	0.807599	0.760863	0.741561	0.683511	0.573549	
0.869867	0.870186	0.891309	0.818886	0.808579	0.741378	0.682195	0.570651	
0.866787	0.868235	0.889349	0.815556	0.801688	0.740424	0.682596	0.572079	
0.869808	0.870122	0.892032	0.819186	0.808961	0.741296	0.682302	0.570993	
0.869875	0.869761	0.892162	0.819816	0.809373	0.742127	0.682754	0.571776	
0.0985436	0.010689	0.0748299	0.11253	0.0885854	0.108159	0.253884	0.357527	
0.79007	0.677236	0.856096	0.747423	0.752593	0.702754	0.668545	0.567789	
0.869786	0.869576	0.892571	0.820123	0.809472	0.742089	0.682815	0.572502	
0.870034	0.870575	0.892629	0.820289	0.809622	0.742213	0.68298	0.572383	
0.869618	0.869578	0.892932	0.820673	0.809586	0.742644	0.68315	0.573303	
0.865194	0.852391	0.886507	0.807902	0.80113	0.740815	0.683481	0.571013	
0.870014	0.870949	0.893188	0.821059	0.809911	0.742705	0.683408	0.573057	
0.869893	0.870874	0.893415	0.820378	0.808195	0.743017	0.683979	0.573878	
0.870036	0.871005	0.893424	0.820987	0.809797	0.742864	0.683639	0.573382	
0.82226	0.824953	0.794944	0.709796	0.630343	0.72752	0.680116	0.562556	
0.869905	0.870883	0.892084	0.820096	0.808101	0.74284	0.683728	0.57293	
0.870097	0.871075	0.893446	0.821181	0.810136	0.742906	0.683665	0.573283	
0.870113	0.870888	0.893809	0.821621	0.810186	0.743352	0.684012	0.573978	
0.446984	0.318474	0.551288	0.447558	0.553805	0.672429	0.634078	0.517926	
0.865608	0.851627	0.885379	0.809519	0.806006	0.742961	0.683617	0.572131	
0.870315	0.87143	0.893848	0.821816	0.810397	0.743462	0.684085	0.573821	
0.87047	0.871315	0.893939	0.822331	0.810815	0.743811	0.684375	0.573942	
0.575992	0.31672	0.464687	0.443566	0.500521	0.616623	0.657614	0.566243	
0.865909	0.860115	0.891176	0.817317	0.801716	0.741948	0.685359	0.575543	
0.870423	0.871789	0.8944	0.822422	0.810618	0.743798	0.684632	0.574209	
0.869904	0.871542	0.894852	0.822853	0.810781	0.744496	0.685203	0.575377	
0.705213	0.764958	0.731744	0.701167	0.745474	0.713482	0.661013	0.544357	
0.87037	0.871251	0.893143	0.821596	0.810579	0.743976	0.684897	0.574016	
0.870423	0.871904	0.894913	0.823007	0.810917	0.744461	0.685205	0.575072	
0.864043	0.848995	0.886932	0.809988	0.808076	0.744968	0.683163	0.575301	
0.870311	0.871834	0.895019	0.823361	0.811008	0.744732	0.685166	0.575188	
0.860213	0.848458	0.88738	0.811274	0.805121	0.745435	0.685317	0.575408	
0.870345	0.871988	0.895197	0.823306	0.811057	0.744943	0.685274	0.575284	
0.84348	0.837253	0.867076	0.794596	0.788665	0.741485	0.684466	0.57708	
0.870288	0.871845	0.895317	0.82352	0.810863	0.744995	0.685399	0.575733	
0.870467	0.872161	0.895195	0.823566	0.811216	0.745252	0.685353	0.575533	
0.870475	0.872127	0.895503	0.823742	0.811199	0.745248	0.685441	0.575753	
0.870569	0.872386	0.895286	0.823901	0.811428	0.745931	0.685745	0.576434	
0.289679	0.240681	0.378016	0.324527	0.466806	0.555199	0.485014	0.426712	
0.837544	0.848905	0.743957	0.701921	0.716609	0.73338	0.684401	0.576441	
0.870485	0.87227	0.895926	0.824225	0.811239	0.745888	0.685854	0.576862	
0.870636	0.872405	0.896123	0.824531	0.811828	0.746009	0.685853	0.576765	
0.870704	0.872374	0.896419	0.824884	0.811865	0.746304	0.686106	0.577338	
0.719247	0.729977	0.627742	0.570523	0.587998	0.714548	0.670815	0.547768	
0.870479	0.871048	0.88799	0.819717	0.806604	0.745968	0.685823	0.576449	
0.870897	0.872409	0.896525	0.825039	0.812164	0.746334	0.686085	0.577244	
0.871299	0.872394	0.896683	0.825635	0.812198	0.746626	0.686331	0.577754	
0.396789	0.326901	0.387064	0.445137	0.445925	0.594306	0.559528	0.480714	
0.857697	0.85047	0.88788	0.810834	0.805836	0.743556	0.683825	0.576454	
0.871481	0.8727	0.896958	0.825699	0.812525	0.746745	0.686376	0.577783	
0.871482	0.873136	0.897252	0.826144	0.812351	0.747086	0.686818	0.578061	
0.740638	0.730726	0.468018	0.396418	0.564901	0.658409	0.678344	0.573005	
0.869718	0.87183	0.890768	0.819825	0.802452	0.745484	0.687404	0.579378	
0.871432	0.873148	0.897716	0.826297	0.812319	0.746983	0.686914	0.578258	
0.870939	0.873247	0.898534	0.826609	0.812091	0.747364	0.68731	0.578916	
0.329993	0.229853	0.449724	0.375943	0.405709	0.490306	0.512512	0.463445	
0.850795	0.850125	0.889446	0.819101	0.806197	0.743672	0.68507	0.576765	
0.871446	0.873569	0.898688	0.82681	0.812216	0.747333	0.687274	0.578881	
0.87114	0.873802	0.898617	0.826866	0.811711	0.74784	0.687818	0.579357	
0.870184	0.858215	0.893106	0.822433	0.808391	0.747658	0.685686	0.57808	
0.871462	0.874317	0.898952	0.827343	0.81212	0.748153	0.687647	0.579239	
0.871254	0.874444	0.898835	0.827692	0.812394	0.748314	0.687945	0.579465	
0.863505	0.87073	0.89584	0.823088	0.808944	0.748526	0.688439	0.580021	
0.871687	0.874507	0.89921	0.827984	0.812294	0.748549	0.688162	0.579669	
0.869454	0.866981	0.896335	0.82597	0.810769	0.749136	0.689208	0.580171	
0.871599	0.874684	0.899327	0.827912	0.812281	0.748683	0.688409	0.57978	
0.865829	0.847931	0.890604	0.817835	0.806408	0.748206	0.687529	0.579619	
0.871659	0.874577	0.899302	0.828256	0.812247	0.748906	0.688515	0.579861	
0.871726	0.874788	0.899341	0.828234	0.812288	0.748954	0.688695	0.579919	
0.871743	0.874792	0.899412	0.828483	0.812262	0.749072	0.688766	0.58003	
0.86828	0.868557	0.895005	0.825049	0.81047	0.749348	0.689693	0.580121	
0.871807	0.874922	0.899403	0.828577	0.812287	0.749166	0.688954	0.580089	
0.851871	0.832623	0.877415	0.806941	0.80084	0.745529	0.68978	0.580939	
0.871687	0.874664	0.899511	0.828816	0.812302	0.749185	0.68916	0.580339	
0.87183	0.874988	0.899439	0.828937	0.81234	0.749353	0.689271	0.580301	
0.871874	0.875017	0.899578	0.82911	0.812391	0.749347	0.689352	0.58041	
0.872006	0.875151	0.89932	0.82989	0.812633	0.749686	0.690064	0.580905	
0.301172	0.226988	0.299629	0.241132	0.319322	0.478121	0.548399	0.466313	
0.841304	0.851524	0.874715	0.805867	0.791373	0.745216	0.690663	0.58065	
0.87209	0.875278	0.899634	0.830137	0.812605	0.749744	0.690281	0.581125	
0.872185	0.875319	0.899621	0.83024	0.812722	0.749774	0.6903	0.58114	
0.872191	0.875347	0.899493	0.830891	0.813059	0.750059	0.690962	0.581863	
0.420309	0.569825	0.479461	0.468205	0.515886	0.665512	0.652042	0.505824	
0.866217	0.87115	0.888617	0.823943	0.803508	0.74893	0.690209	0.580496	
0.872433	0.875519	0.899525	0.831063	0.813233	0.750099	0.690925	0.581794	
0.872695	0.875483	0.8995	0.830999	0.812868	0.750183	0.691411	0.582383	
0.871867	0.87383	0.889001	0.825663	0.799929	0.750323	0.69133	0.582192	
0.872744	0.875496	0.899766	0.831486	0.813851	0.750424	0.691448	0.582401	
0.872512	0.875012	0.899952	0.831772	0.813595	0.750426	0.691961	0.583123	
0.869723	0.872554	0.897211	0.830142	0.812606	0.750798	0.691647	0.582153	
0.873089	0.875546	0.899942	0.832093	0.813944	0.750729	0.69201	0.583001	
0.87275	0.875113	0.894668	0.828578	0.805491	0.7503	0.692684	0.584056	
0.873185	0.875578	0.900106	0.832069	0.813966	0.750734	0.692117	0.583173	
0.871938	0.873616	0.890306	0.826996	0.805378	0.751071	0.69208	0.582977	
0.873248	0.875518	0.900107	0.832247	0.814243	0.750912	0.692136	0.583191	
0.85221	0.863872	0.878856	0.817034	0.79486	0.745142	0.69412	0.586117	
0.873102	0.875452	0.900287	0.832417	0.814088	0.750856	0.692451	0.583682	
0.873246	0.875427	0.900361	0.832532	0.814478	0.751011	0.692319	0.583491	
0.873369	0.875508	0.90048	0.832653	0.814393	0.751035	0.692484	0.583736	
0.873429	0.875535	0.900526	0.832725	0.81448	0.751066	0.692515	0.583772	
0.873288	0.875103	0.900848	0.833497	0.81471	0.751373	0.693164	0.584789	
0.16434	0.259592	0.375654	0.386839	0.408226	0.534137	0.556373	0.428947	
0.824314	0.824673	0.885879	0.816565	0.801855	0.745147	0.690067	0.581022	
0.873677	0.875443	0.900992	0.833676	0.814828	0.751404	0.693117	0.584643	
0.873743	0.87545	0.901043	0.833762	0.814874	0.751441	0.693186	0.584784	
0.873855	0.875355	0.901335	0.834286	0.815207	0.751803	0.693452	0.585175	
0.493221	0.398544	0.752852	0.600907	0.665993	0.649265	0.645349	0.564086	
0.867236	0.864221	0.899411	0.832383	0.814149	0.751046	0.693636	0.586101	
0.87398	0.8754	0.90134	0.834395	0.815311	0.751828	0.693537	0.585343	
0.873767	0.875312	0.900295	0.834526	0.814716	0.752532	0.694058	0.585676	
0.873916	0.87551	0.901205	0.834713	0.815358	0.752156	0.693765	0.585494	
0.776881	0.734323	0.53667	0.475314	0.61794	0.693725	0.685821	0.571865	
0.872754	0.874273	0.894405	0.829138	0.809191	0.751572	0.694087	0.586296	
0.873901	0.875565	0.901484	0.834849	0.815482	0.752161	0.693828	0.585648	
0.874025	0.875394	0.901528	0.835278	0.815627	0.752488	0.694023	0.585923	
0.743059	0.529946	0.789399	0.632812	0.684954	0.713986	0.675126	0.568094	
0.872896	0.871581	0.900665	0.833052	0.814732	0.751711	0.694	0.585474	
0.87404	0.875875	0.901572	0.83538	0.815704	0.752419	0.694058	0.585865	
0.873607	0.876104	0.901053	0.835516	0.815243	0.752586	0.694576	0.586534	
0.871769	0.874236	0.884443	0.826158	0.802029	0.752479	0.693889	0.584562	
0.874101	0.876145	0.901839	0.83612	0.816034	0.752777	0.694485	0.586271	
0.874314	0.876494	0.901692	0.836285	0.815979	0.753055	0.694785	0.586582	
0.478671	0.730031	0.485519	0.588516	0.598578	0.672616	0.643681	0.570499	
0.867023	0.875097	0.896062	0.834674	0.814419	0.753288	0.694539	0.587651	
0.874309	0.87648	0.901951	0.836515	0.816182	0.753241	0.694826	0.586822	
0.87346	0.873636	0.894552	0.831622	0.810162	0.753515	0.695125	0.586482	
0.874391	0.876514	0.901885	0.836699	0.816298	0.753368	0.694886	0.586834	
0.867901	0.874046	0.890099	0.827956	0.806569	0.75286	0.696118	0.58902	
0.874245	0.876506	0.901919	0.836923	0.816327	0.753428	0.695049	0.58712	
0.870813	0.87208	0.894335	0.83263	0.81255	0.753936	0.694782	0.585819	
0.874485	0.876612	0.901868	0.837141	0.816471	0.753623	0.69505	0.587026	
0.854931	0.849905	0.890719	0.829923	0.812177	0.75105	0.695982	0.589432	
0.87432	0.876616	0.90173	0.837564	0.816471	0.753542	0.695271	0.587417	
0.874494	0.87658	0.901877	0.83756	0.81655	0.753772	0.695295	0.58734	
0.87454	0.876829	0.901772	0.837857	0.816621	0.753767	0.695339	0.587476	
0.874563	0.876896	0.901813	0.837924	0.816642	0.753797	0.695407	0.587537	
0.874993	0.877193	0.901444	0.839083	0.816936	0.754063	0.695762	0.588068	
0.589682	0.219008	0.522237	0.455741	0.523921	0.592505	0.61564	0.545292	
0.868656	0.837457	0.898816	0.827357	0.809733	0.750315	0.696313	0.589142	
0.874841	0.877445	0.901751	0.839011	0.816872	0.754042	0.69599	0.588275	
0.874896	0.87749	0.901708	0.839175	0.816925	0.754119	0.695976	0.588363	
0.874799	0.876605	0.902115	0.839255	0.817034	0.754183	0.696662	0.589205	
0.866916	0.822934	0.893719	0.819551	0.811118	0.74909	0.692834	0.588824	
0.875091	0.877611	0.902095	0.839773	0.817313	0.754308	0.696546	0.58933	
0.875836	0.877342	0.902076	0.84021	0.817585	0.754278	0.696785	0.589868	
0.584033	0.492169	0.498397	0.58905	0.564345	0.664785	0.683609	0.587384	
0.871167	0.872676	0.898787	0.838151	0.812868	0.753325	0.698267	0.591574	
0.875608	0.87756	0.902293	0.840334	0.817649	0.754263	0.69709	0.590198	
0.875982	0.875855	0.902262	0.838937	0.817676	0.755001	0.696953	0.59096	
0.875829	0.877334	0.902399	0.840383	0.817846	0.754617	0.697082	0.590496	
0.833619	0.780222	0.85049	0.730769	0.781494	0.731807	0.689947	0.587031	
0.875755	0.87696	0.902012	0.840048	0.817681	0.754409	0.697402	0.590695	
0.875897	0.877575	0.902397	0.840621	0.817892	0.754609	0.697228	0.590587	
0.873905	0.868871	0.899628	0.838949	0.81758	0.754451	0.697887	0.592612	
0.876008	0.877431	0.902299	0.84068	0.817959	0.754647	0.697364	0.590937	
0.848961	0.837874	0.88876	0.825651	0.806956	0.753045	0.694832	0.585808	
0.87631	0.877519	0.902331	0.84072	0.818009	0.754774	0.697316	0.590608	
0.876232	0.877499	0.902317	0.840788	0.818037	0.754831	0.697484	0.591126	
0.876469	0.877624	0.902364	0.840857	0.818114	0.754874	0.697462	0.590996	
0.877086	0.877336	0.902202	0.841132	0.818348	0.755313	0.697856	0.591749	
0.382434	0.368956	0.531652	0.526338	0.504797	0.660482	0.628951	0.492862	
0.867745	0.860703	0.896108	0.834602	0.811632	0.75404	0.696617	0.588596	
0.877361	0.877585	0.902312	0.841269	0.818436	0.755342	0.697809	0.591521	
0.877363	0.877571	0.902332	0.841301	0.818432	0.755393	0.697884	0.591689	
0.878046	0.876937	0.902282	0.841481	0.818569	0.755601	0.698254	0.59202	
0.860544	0.858708	0.882106	0.819799	0.797926	0.752563	0.698931	0.594814	
0.878077	0.877401	0.902536	0.841742	0.81872	0.755666	0.698452	0.592501	
0.87868	0.877126	0.902362	0.842034	0.818943	0.755802	0.698864	0.593159	
0.679303	0.730491	0.50481	0.508941	0.569226	0.679034	0.680935	0.58609	
0.875928	0.876688	0.894163	0.836979	0.808201	0.755464	0.699239	0.594169	
0.878622	0.87727	0.902665	0.842087	0.818963	0.755873	0.698942	0.593313	
0.878713	0.874736	0.901776	0.841453	0.818311	0.756015	0.699065	0.592944	
0.878857	0.877223	0.902753	0.842186	0.819062	0.755954	0.698981	0.593239	
0.858084	0.857685	0.872222	0.816823	0.806782	0.753772	0.699286	0.595954	
0.878607	0.877246	0.902689	0.84217	0.818982	0.756057	0.699125	0.593662	
0.879027	0.877238	0.902888	0.842335	0.819111	0.756125	0.699085	0.593418	
0.879003	0.877284	0.902902	0.842375	0.819109	0.75617	0.699142	0.593566	
0.879619	0.877151	0.903094	0.842798	0.819225	0.756578	0.699379	0.593876	
0.561579	0.485129	0.514641	0.417687	0.651216	0.667823	0.673498	0.573318	
0.872298	0.871216	0.894513	0.83515	0.815495	0.755654	0.700002	0.595907	
0.879528	0.877245	0.903194	0.842829	0.819275	0.756583	0.699476	0.594146	
0.879976	0.877368	0.903224	0.843108	0.819248	0.756807	0.699858	0.594576	
0.52335	0.287955	0.486921	0.29613	0.573094	0.617337	0.609027	0.544041	
0.869291	0.864535	0.891981	0.828936	0.815127	0.756615	0.699892	0.595825	
0.880006	0.877444	0.903343	0.843296	0.819245	0.756954	0.699956	0.594792	
0.879869	0.877609	0.903376	0.843607	0.819174	0.757235	0.700311	0.59493	
0.878639	0.87691	0.892916	0.834799	0.802344	0.756939	0.700552	0.596231	
0.879871	0.8777	0.903523	0.843615	0.819459	0.75735	0.700367	0.595128	
0.879605	0.877429	0.90253	0.843614	0.819189	0.757785	0.700178	0.594583	
0.880116	0.877743	0.90358	0.843706	0.819449	0.757483	0.700327	0.594999	
0.876999	0.873026	0.892091	0.836283	0.806296	0.757071	0.701315	0.59716	
0.880039	0.877807	0.903613	0.843752	0.819323	0.757533	0.700451	0.595273	
0.880182	0.877844	0.903626	0.843874	0.819494	0.757617	0.700436	0.595099	
0.880134	0.877892	0.903691	0.843904	0.81946	0.75767	0.700515	0.595299	
0.880332	0.877402	0.902489	0.843425	0.818264	0.758098	0.700667	0.59506	
0.880287	0.877966	0.903639	0.844073	0.819569	0.757823	0.70057	0.595253	
0.871481	0.859832	0.886671	0.820303	0.784738	0.754346	0.700931	0.597775	
0.88019	0.877982	0.903818	0.84406	0.819339	0.757878	0.700739	0.595686	
0.880373	0.878165	0.903686	0.844289	0.81961	0.757986	0.700802	0.595492	
0.880353	0.878183	0.90385	0.844373	0.819651	0.758098	0.700849	0.595705	
0.880454	0.877005	0.903081	0.842543	0.818982	0.757715	0.701617	0.596361	
0.88047	0.87834	0.903801	0.844437	0.819653	0.758079	0.70109	0.5959	
0.852203	0.744481	0.873354	0.702475	0.778149	0.735585	0.689482	0.591634	
0.880108	0.877566	0.90383	0.843673	0.819693	0.758517	0.700944	0.596186	
0.880421	0.878382	0.903892	0.844577	0.819776	0.758286	0.701065	0.596013	
0.88067	0.878672	0.904129	0.844585	0.819792	0.758609	0.701742	0.596999	
0.650052	0.211283	0.593378	0.294147	0.483965	0.512281	0.597651	0.551336	
0.877375	0.863001	0.900884	0.832916	0.816212	0.758622	0.701105	0.597428	
0.880672	0.878845	0.904138	0.844971	0.820118	0.759013	0.701822	0.597144	
0.880394	0.877714	0.90427	0.844699	0.82069	0.760054	0.702381	0.597261	
0.819772	0.805381	0.864592	0.803021	0.791515	0.750819	0.699433	0.600175	
0.88131	0.879334	0.90483	0.844939	0.820371	0.760065	0.702691	0.598295	
0.880849	0.878638	0.901829	0.837927	0.809337	0.759875	0.703595	0.599698	
0.881326	0.879312	0.904705	0.845044	0.820684	0.760128	0.702835	0.598507	
0.876857	0.876464	0.898729	0.842431	0.817899	0.75962	0.703787	0.600758	
0.881173	0.879342	0.90475	0.845147	0.820682	0.760117	0.70298	0.598835	
0.876167	0.874284	0.895856	0.837818	0.811025	0.760003	0.702987	0.596853	
0.881375	0.879367	0.904798	0.845198	0.820814	0.760222	0.703033	0.598725	
0.874585	0.876001	0.898905	0.844073	0.81955	0.760003	0.703748	0.600411	
0.881134	0.879255	0.904915	0.84542	0.820987	0.760272	0.703165	0.599017	
0.875346	0.873955	0.895956	0.83968	0.816346	0.760429	0.702789	0.596694	
0.881429	0.879383	0.905022	0.845479	0.821083	0.760436	0.703197	0.598882	
0.875269	0.875571	0.900115	0.843029	0.819297	0.75984	0.703728	0.600264	
0.881151	0.879255	0.905276	0.845823	0.821267	0.760522	0.70335	0.599194	
0.860016	0.86139	0.891507	0.829059	0.811617	0.758108	0.701766	0.593127	
0.881271	0.879234	0.905484	0.846073	0.821437	0.760804	0.70342	0.598961	
0.881127	0.879199	0.905621	0.846105	0.821473	0.760895	0.703539	0.599401	
0.881175	0.879233	0.905793	0.846437	0.821622	0.760989	0.703619	0.599221	
0.881267	0.879215	0.905826	0.846423	0.821678	0.76104	0.703692	0.599376	
0.879707	0.87902	0.906704	0.847658	0.822274	0.7617	0.704303	0.599618	
0.0658433	0.334413	0.525008	0.287555	0.359232	0.302378	0.396612	0.445028	
0.800262	0.86051	0.899967	0.829692	0.810201	0.75447	0.701702	0.601203	
0.880951	0.878757	0.906662	0.847309	0.822381	0.761743	0.704456	0.600056	
0.880954	0.878918	0.906672	0.847437	0.822425	0.761668	0.704576	0.600087	
0.880607	0.8763	0.906819	0.846391	0.822411	0.762595	0.70467	0.600621	
0.880921	0.878722	0.906794	0.847502	0.822544	0.761993	0.704646	0.600253	
0.868055	0.728604	0.874624	0.757966	0.791968	0.73996	0.696816	0.60062	
0.880996	0.877914	0.906511	0.846813	0.822264	0.761233	0.705072	0.60072	
0.880977	0.879045	0.906783	0.847565	0.822544	0.761813	0.704804	0.600402	
0.880701	0.878667	0.906964	0.847552	0.822959	0.762278	0.705201	0.601303	
0.871685	0.846532	0.894108	0.830606	0.816916	0.759607	0.704223	0.599353	
0.881071	0.879533	0.907071	0.847901	0.822958	0.762261	0.705337	0.601323	
0.8802	0.880389	0.906319	0.847036	0.82179	0.762281	0.705915	0.602143	
0.880938	0.879932	0.907158	0.84789	0.822843	0.762327	0.705561	0.601622	
0.815618	0.830075	0.773393	0.723837	0.688787	0.746611	0.700474	0.585907	
0.881228	0.8793	0.905242	0.846637	0.821725	0.762594	0.705724	0.601222	
0.881161	0.879894	0.907186	0.84804	0.822988	0.762437	0.705616	0.601561	
0.881301	0.879904	0.907261	0.848152	0.823002	0.762763	0.706053	0.60226	
0.384417	0.315114	0.570635	0.462444	0.577348	0.654973	0.640811	0.514777	
0.872462	0.845488	0.898794	0.837604	0.818875	0.760838	0.705896	0.59939	
0.881569	0.880496	0.907413	0.848335	0.823018	0.762815	0.706204	0.60209	
0.881696	0.880823	0.907695	0.848277	0.822878	0.763088	0.706631	0.602402	
0.658588	0.775793	0.737915	0.691642	0.498691	0.678602	0.669985	0.568784	
0.880005	0.879223	0.904775	0.847199	0.818406	0.762945	0.706824	0.602327	
0.881968	0.880755	0.907507	0.848453	0.823048	0.763272	0.706757	0.602446	
0.880204	0.875873	0.902888	0.845292	0.82119	0.762509	0.706814	0.60339	
0.881922	0.880814	0.907625	0.84857	0.823056	0.763213	0.706776	0.602583	
0.881095	0.878449	0.905572	0.847197	0.81974	0.763773	0.707871	0.602867	
0.881987	0.880805	0.907532	0.848699	0.823033	0.763396	0.707006	0.602656	
0.86521	0.845333	0.881859	0.826356	0.805359	0.759433	0.705156	0.60405	
0.881811	0.880759	0.907574	0.848794	0.823173	0.763385	0.707064	0.603037	
0.882024	0.880905	0.907643	0.848963	0.823209	0.763484	0.707226	0.60294	
0.882014	0.880945	0.907667	0.849015	0.823295	0.763533	0.707273	0.603079	
0.882199	0.880999	0.907925	0.849648	0.823559	0.763992	0.708148	0.603947	
0.462101	0.168419	0.416591	0.292504	0.496791	0.488344	0.511603	0.528084	
0.869844	0.834715	0.896552	0.835823	0.816971	0.761657	0.706404	0.605039	
0.882247	0.881025	0.907853	0.849694	0.823667	0.764116	0.70818	0.604182	
0.882327	0.881171	0.907949	0.84978	0.823667	0.764157	0.708308	0.604153	
0.88199	0.879789	0.907376	0.849594	0.823382	0.764721	0.708886	0.605162	
0.882351	0.881078	0.907906	0.849896	0.823736	0.764425	0.708562	0.604575	
0.653434	0.59972	0.675439	0.593226	0.647453	0.724621	0.690781	0.570295	
0.880799	0.875809	0.902736	0.845451	0.820968	0.764134	0.709157	0.60385	
0.882579	0.881195	0.908037	0.849981	0.823826	0.764468	0.7087	0.604519	
0.882817	0.881296	0.908284	0.850257	0.823918	0.764609	0.709093	0.60488	
0.835487	0.784522	0.743372	0.677003	0.666838	0.739898	0.702382	0.600249	
0.883238	0.879728	0.903282	0.847893	0.821329	0.765508	0.709601	0.60503	
0.88299	0.881193	0.908204	0.850304	0.824084	0.764831	0.709205	0.604919	
0.882417	0.880758	0.907552	0.849919	0.823891	0.765103	0.709469	0.605576	
0.882929	0.881232	0.908212	0.850443	0.824153	0.764955	0.709309	0.605164	
0.851664	0.83471	0.839733	0.793626	0.781607	0.763701	0.708175	0.598099	
0.883351	0.880656	0.907575	0.85031	0.824058	0.765451	0.709606	0.604877	
0.883192	0.881133	0.9082	0.850585	0.824242	0.765165	0.709436	0.605066	
0.882688	0.88018	0.90758	0.85071	0.824183	0.765539	0.710206	0.606107	
0.876803	0.86775	0.893736	0.841011	0.818417	0.765454	0.709053	0.601981	
0.883785	0.880717	0.908262	0.851439	0.824563	0.76606	0.710331	0.605662	
0.884277	0.880314	0.908464	0.851679	0.824738	0.766761	0.710725	0.605807	
0.20938	0.362718	0.286004	0.206637	0.36852	0.499166	0.584263	0.47531	
0.855141	0.871892	0.879764	0.83536	0.80619	0.760336	0.71048	0.60617	
0.884224	0.880773	0.908687	0.851912	0.824892	0.766665	0.710897	0.606031	
0.884287	0.880695	0.908675	0.85202	0.824946	0.766847	0.710939	0.606037	
0.883831	0.880888	0.908154	0.852633	0.825145	0.767381	0.711464	0.60662	
0.877938	0.872129	0.899268	0.847246	0.818163	0.767708	0.709557	0.603274	
0.884494	0.880855	0.908532	0.852915	0.82552	0.767746	0.711303	0.606285	
0.884166	0.87997	0.907887	0.851532	0.824926	0.766365	0.712089	0.607545	
0.884572	0.881049	0.908526	0.852904	0.825586	0.767474	0.711557	0.606658	
0.867418	0.773074	0.885909	0.806019	0.791075	0.762432	0.700586	0.596507	
0.884593	0.880258	0.908597	0.853195	0.825644	0.768417	0.711162	0.606049	
0.884646	0.881017	0.908621	0.853173	0.825711	0.767885	0.71142	0.606431	
0.882746	0.875136	0.908603	0.852018	0.825943	0.768176	0.712067	0.605911	
0.884498	0.881141	0.908748	0.853238	0.825904	0.768022	0.711592	0.606352	
0.85418	0.725933	0.891731	0.820868	0.816131	0.757474	0.706791	0.610408	
