0.008553
0.008782
0.011239
0.055787
0.010848
0.027875
0.088594
0.060257
0.133412
0.033163
0.106712
0.166275
0.124941
0.097439
0.193904
0.214689
0.232103
0.097407
0.248338
0.237561
0.265978
0.259177
0.286402
0.067295
0.016998
0.280967
0.301689
0.340112
0.045937
0.084931
0.275994
0.364397
0.269803
0.375761
0.380469
0.396326
0.401846
0.430591
0.017895
0.397907
0.438591
0.259580
0.444203
0.438049
0.455467
0.463328
0.266004
0.481858
0.487291
0.476224
0.492466
0.461910
0.496594
0.473975
0.499608
0.492971
0.502721
0.511983
0.061674
0.259421
0.393358
0.515647
0.521039
0.525085
0.434870
0.531384
0.535425
0.543860
0.027992
0.351630
0.531545
0.547677
0.548683
0.558677
0.206744
0.505168
0.561272
0.473698
0.564805
0.564797
0.568101
0.561040
0.572601
0.033364
0.480842
0.576435
0.586979
0.024850
0.249206
0.587208
0.593808
0.595201
0.604224
0.413194
0.611261
0.087086
0.344011
0.611866
0.616085
0.617008
0.621303
0.202449
0.436613
0.618762
0.623655
0.627080
0.296913
0.615531
0.628875
0.626265
0.631481
0.208031
0.619068
0.633665
0.636657
0.525840
0.642456
0.643450
0.630981
0.644404
0.487597
0.644407
0.645935
0.646788
0.650087
0.217355
0.620138
0.650934
0.651510
0.654684
0.028917
0.259111
0.652279
0.656907
0.658799
0.273427
0.637132
0.659942
0.660332
0.663456
0.149743
0.641058
0.664156
0.647134
0.664802
0.633396
0.665805
0.623408
0.667217
0.591030
0.668542
0.489152
0.668708
0.669820
0.671207
0.673619
0.056731
0.577659
0.674784
0.675197
0.677416
0.274998
0.664521
0.678069
0.680563
0.124842
0.604655
0.682159
0.682293
0.635085
0.685239
0.683502
0.686107
0.642435
0.686725
0.567114
0.686740
0.687869
0.688318
0.690858
0.490432
0.688620
0.691476
0.544004
0.691411
0.692034
0.691361
0.693105
0.338183
0.688633
0.693956
0.691926
0.694715
0.402966
0.693110
0.695309
0.697234
0.127598
0.671001
0.697997
0.696365
0.698726
0.496956
0.698408
0.699355
0.696457
0.700116
0.544310
0.700199
0.701427
0.701958
0.703890
0.072384
0.606859
0.704440
0.704831
0.705979
0.045100
0.658279
0.706673
0.707857
0.208501
0.687383
0.708479
0.707481
0.708997
0.589682
0.709087
0.709645
0.710201
0.710384
0.711414
0.344780
0.677938
0.711700
0.711868
0.712755
0.447970
0.705068
0.712993
0.714052
0.197074
0.679163
0.714588
0.714234
0.714966
0.564887
0.714252
0.715240
0.715855
0.683701
0.716595
0.717302
0.153073
0.695123
0.717722
0.717663
0.718131
0.510459
0.716213
0.718436
0.718975
0.682463
0.719806
0.718579
0.720038
0.686723
0.720233
0.720439
0.720684
0.719318
0.720926
0.653180
0.720961
0.721415
0.721652
0.722769
0.329674
0.716087
0.722984
0.720120
0.723247
0.635912
0.723189
0.723503
0.724014
0.683383
0.724894
0.724015
0.725124
0.698929
0.725318
0.725543
0.725761
0.725804
0.689955
0.727172
0.725617
0.727400
0.711059
0.727650
0.709663
0.727891
0.727987
0.728281
0.728408
0.729302
0.393154
0.722338
0.729457
0.727046
0.729647
0.697378
0.729833
0.730072
0.730247
0.730794
0.694644
0.731515
0.732407
0.361719
0.726864
0.732665
0.726798
0.732854
0.704335
0.733018
0.733202
0.733377
0.733168
0.733631
0.526030
0.731437
0.733847
0.734570
0.640061
0.734297
0.734753
0.687904
0.734750
0.734899
0.735071
0.710977
0.736037
0.736115
0.736679
0.302936
0.725596
0.736905
0.737242
0.723079
0.737769
0.737761
0.737996
0.692078
0.738140
0.738296
0.738588
0.738716
0.739302
0.412089
0.720650
0.739501
0.739592
0.740100
0.422071
0.728792
0.740361
0.740821
0.721857
0.741211
0.741515
0.731359
0.741928
0.739093
0.742060
0.736141
0.742214
0.726081
0.742382
0.742492
0.742664
0.742754
0.743350
0.387272
0.699041
0.743550
0.743691
0.744119
0.542591
0.737372
0.744299
0.744376
0.744924
0.379965
0.735468
0.745092
0.745377
0.735348
0.745713
0.745799
0.742783
0.746235
0.744273
0.746359
0.741935
0.746502
0.729551
0.746667
0.746826
0.746961
0.746495
0.747240
0.522897
0.743767
0.747464
0.748101
0.580461
0.746550
0.748226
0.743647
0.748345
0.742970
0.748512
0.721240
0.748675
0.748882
0.749019
0.749834
0.155557
0.640837
0.749975
0.750439
0.750970
0.497761
0.745221
0.751123
0.751694
0.506033
0.747621
0.751874
0.752227
0.734307
0.752704
0.753215
0.512122
0.749031
0.753418
0.750418
0.753586
0.729129
0.753700
0.753767
0.754009
0.754162
0.742488
0.754693
0.755137
0.340251
0.748989
0.755421
0.755094
0.755676
0.530855
0.752358
0.755851
0.755548
0.755979
0.725906
0.755994
0.756185
0.756263
0.756729
0.611988
0.754725
0.756842
0.752844
0.756972
0.748488
0.757128
0.741004
0.757282
0.757431
0.757560
0.756888
0.757780
0.583714
0.755811
0.757965
0.758606
0.736128
0.758898
0.749734
0.759187
0.759302
0.745094
0.759846
0.759296
0.760047
0.732954
0.760122
0.760243
0.760433
0.760763
0.741722
0.761083
0.761597
0.498348
0.756234
0.761747
0.760678
0.761911
0.712614
0.761904
0.762062
0.759223
0.762155
0.743417
0.762208
0.762329
0.762394
0.762794
0.566292
0.758099
0.762888
0.763313
0.510272
0.752982
0.763485
0.763850
0.406135
0.754205
0.764022
0.764160
0.758325
0.764463
0.764527
0.763193
0.764850
0.763739
0.764967
0.752619
0.765070
0.765174
0.765290
0.764370
0.765427
0.731651
0.765471
0.765678
0.765818
0.766382
0.367123
0.748837
0.766528
0.766612
0.766812
0.754296
0.767265
0.767669
0.404721
0.753905
0.767845
0.767905
0.768273
0.534910
0.764415
0.768411
0.768576
0.754692
0.768999
0.769159
0.767451
0.769432
0.768269
0.769554
0.717564
0.769403
0.769645
0.770057
0.439991
0.761296
0.770231
0.770471
0.760776
0.770651
0.770651
0.770768
0.741415
0.770719
0.770852
0.769613
0.770952
0.754957
0.771036
0.771140
0.771248
0.771318
0.759115
0.771861
0.772219
0.311208
0.758930
0.772413
0.772375
0.772581
0.665403
0.771820
0.772689
0.772689
0.767937
0.773086
0.773203
0.772516
0.773470
0.772659
0.773598
0.704278
0.773317
0.773721
0.773808
0.754693
0.774401
0.774489
0.774735
0.458848
0.770852
0.774919
0.771131
0.774985
0.771871
0.775069
0.771410
0.775174
0.767924
0.775276
0.767993
0.775376
0.775464
0.775553
0.772569
0.775644
0.768144
0.775735
0.775824
0.775910
0.775149
0.776038
0.725600
0.775896
0.776149
0.776510
0.369391
0.750881
0.776814
0.776879
0.777132
0.450228
0.770862
0.777287
0.777529
0.775098
0.777744
0.777477
0.777882
0.688939
0.777429
0.778006
0.778414
0.224946
0.748767
0.778698
0.778774
0.779097
0.360297
0.756278
0.779269
0.779341
0.779619
0.552531
0.776626
0.779728
0.779379
0.779839
0.752924
0.779909
0.780075
0.780157
0.780682
0.329309
0.754338
0.780788
0.780895
0.780625
0.781000
0.696721
0.780226
0.781088
0.781449
0.770407
0.781632
0.779589
0.781837
0.782205
0.138093
0.720313
0.782367
0.782591
0.782685
0.776054
0.783036
0.782954
0.783142
0.719061
0.782571
0.783224
0.783495
0.517818
0.777106
0.783647
0.783875
0.517746
0.779885
0.784036
0.784376
0.695926
0.783729
0.784488
0.777683
0.784577
0.777326
0.784674
0.766763
0.784745
0.784843
0.784936
0.785210
0.395829
0.730395
0.785344
0.785519
0.785749
0.646077
0.783010
0.785837
0.786115
0.454546
0.777069
0.786283
0.786541
0.601307
0.783357
0.786633
0.786876
0.407186
0.777647
0.787027
0.787144
0.782969
0.787404
0.787543
0.784887
0.787758
0.786003
0.787834
0.780495
0.787915
0.787993
0.788070
0.785815
0.788151
0.773242
0.788208
0.788307
0.788385
0.788707
0.360135
0.772664
0.788862
0.788913
0.789233
0.534633
0.784134
0.789324
0.789440
0.785517
0.789702
0.789794
0.788354
0.790044
0.787955
0.790116
0.786795
0.790200
0.779027
0.790292
0.790358
0.790457
0.790506
0.790847
0.389263
0.771190
0.790973
0.791035
0.791308
0.596277
0.788523
0.791392
0.791360
0.791515
0.636567
0.788964
0.791615
0.791786
0.667172
0.790514
0.791864
0.791902
0.786196
0.792222
0.792398
0.596014
0.790344
0.792541
0.789819
0.792609
0.788071
0.792690
0.789618
0.792784
0.784265
0.792866
0.792933
0.793025
0.793072
0.793443
0.508003
0.784724
0.793529
0.793581
0.793732
0.780623
0.794009
0.794247
0.582972
0.792102
0.794374
0.794203
0.794498
0.748172
0.794370
0.794601
0.792985
0.794665
0.780236
0.794698
0.794789
0.794845
0.795128
0.512059
0.788755
0.795204
0.795246
0.795399
0.783174
0.795637
0.795871
0.617354
0.792604
0.795967
0.795377
0.796032
0.782576
0.796067
0.796153
0.796194
0.796465
0.568111
0.792529
0.796535
0.796771
0.492232
0.790275
0.796880
0.797014
0.792416
0.797127
0.796864
0.797175
0.792530
0.797224
0.797272
0.797321
0.796967
0.797397
0.784510
0.797462
0.797551
0.797633
0.797220
0.797721
0.745920
0.797565
0.797801
0.798150
0.486762
0.793443
0.798341
0.798433
0.766839
0.798980
0.796468
0.799067
0.797068
0.799128
0.794374
0.799191
0.797160
0.799270
0.795149
0.799364
0.797139
0.799480
0.788324
0.799586
0.799670
0.799761
0.799815
0.800123
0.339509
0.782251
0.800289
0.800342
0.800052
0.800422
0.757327
0.800190
0.800492
0.800703
0.790379
0.800932
0.800759
0.801034
0.733088
0.800459
0.801110
0.801337
0.515065
0.792418
0.801492
0.801686
0.660000
0.800213
0.801776
0.799770
0.801820
0.800821
0.801889
0.786595
0.801950
0.802049
0.802103
0.802552
0.420555
0.790876
0.802620
0.802689
0.802613
0.802816
0.644371
0.800363
0.802913
0.803144
0.718719
0.801951
0.803216
0.803086
0.803300
0.771414
0.803235
0.803377
0.803399
0.796776
0.803852
0.804096
0.374000
0.790667
0.804260
0.804306
0.804514
0.799410
0.804706
0.804310
0.804791
0.772878
0.804739
0.804863
0.803825
0.804937
0.772939
