1
0.667026592894466
0.937720829876057
0.506758336033966
0.653716949468256
0.364709979782522
0.358461241357758
0.0550287774388625
1
0.965945014627735
0.803855394826273
0.580956603989713
0.53850869698244
0.325063044743034
0.638151249486071
0
0.382063566759355
0.778968706192139
0.190667770505651
1
0.35292541723648
0.518674475680924
0.481579928270284
0
0
0.72845496806093
0.443663875758602
0.504515457897217
0.318495969524895
0.360228894887639
0.410343426356899
0.0412611587787351
0
0.2836469863302
0.256470251719281
0.0990165815270813
0.0699403465805015
0.528404353110143
0.415555574252875
0.234767520042474
0
0.0166138205728976
0.0251475079231903
0.085363487059926
0.196968214022158
0.360701252467413
0.244508891480411
0.397272716588345
0
0.0158694031146805
0.245893809879034
0.352018214056044
0.359484390951638
0.134980490776506
0.383722846142861
0.517237551088497
0
0.474110614806519
0.106012950529769
0.0565951974352146
0.141517559810664
0.382752783221379
0.356846437889923
0.000600946792325723
0.355984118724745
0.248235875469793
0.724013482298193
0.610836621828804
0.0317211042131547
0.349281357862163
0.485000935358299
0
0.99999999880658
0.421743518455537
0.656385498613996
0.496178224983902
0.213971002675693
0.72196773064851
0.307704313526391
0
0.991296202212923
0.562355136637767
0.487863947348164
0.825515681374267
0.293398898521967
0.454818622283233
0.686913699854877
0
0.0625990319542093
0.497388077545099
0.329798793158552
0.58786516067346
0.159325219872134
0.128641419069393
0.554345549551557
0
0
0.0994061938409627
0.447213299022458
0.0318438517160883
0.140263894698878
0.375968292215354
0.0370132011331862
0.0587322212520019
0
0.138234647241114
0.347932833755141
0.134576021458766
0.239519831302746
0.229965175847074
0.432390370067869
0.311583331950639
0
0.200652351916043
0.262575775648224
0.155575988936048
0.26081278910658
0.41906959220956
0.279208023829664
0.289431622948177
0.23849394745014
0.181326370251112
0.63522967858238
0.435474217077913
0.470925698679627
0.238485721317609
0.864860973120786
9.24906766281736e-05
0.517145594545209
0.428923970899935
0.691386750940963
0.302360757570785
0.236847246763626
0.297921111649734
0.436249110131044
6.78221394519377e-09
0.952403801942637
0.119734427904203
0.636310858237906
0.238678892762248
0
0.509471189208085
0.0307819752614255
0
0.316136780722828
0.0896387416437946
0.295797996402129
0.166431921027562
0.116079382846368
0.134419408458056
0.422679174680863
0.03043624302942
0
0.208368051781267
0.488707607493965
0.297497500526703
0.243603646045405
0.3768694700924
0.162874160228141
0.178663132983478
0
0.203028596150448
0.426901610563533
0.244711492730725
0.174199528247012
0.127507118941249
0.368376599586077
0.386281503534058
0
0.289646813476246
0.555557972149612
0.21614162380472
0.488795301482094
0.495399646437296
0.409057329081114
0.233504419581165
0.136921863648454
0.163778805949265
0.519281585962641
0.0298367154010752
0.185635664061411
0.637042073916619
0.649007891881323
0.168186379418118
0.274121658638918
0.183705172745952
0.269658454267099
0.00983008632402519
0.266550104324902
0.268262973960726
0.497958086329739
0.511096823804699
0.253495531523635
0.41339300839907
0.393501395042346
0.22431323222069
0.00109672739985447
0.118833708184526
0.212763556578282
0
0.670476488179502
0.377174590248609
0.415419234080444
0.485105304092271
0.102380805483648
0.135127416872832
0.0783287747306218
0
0.187023214723355
0.196513071457816
0.301007692459231
0.0988123567537161
0.40212875029713
0.261829685827347
0.499232680072837
0
0.0496264871569564
0.370118679516702
0.382857617711155
0.271907814012602
0.000466585348873753
0.391500753415155
0.177585016723749
0
0.233785428393776
0.351716732809081
0.527623444308231
0.42835790528047
0
0.208474101713186
0.440216690916857
0.0323413560834961
0.00507176127365302
0.293450028772784
0.201208036156064
0.303562507003614
0
0.245091142374203
0.572020619843152
0.0544587905835948
0.261642751078489
0.38521268741779
0.0536516726647375
0.19590703616208
0
0.489543211604733
0.188777892938794
0.337520878338015
0.110612715379407
0.10805519265253
0.381604179201419
0
0
0.387211074863431
0.239988242771972
0.228986675599716
0.569723141198992
0.360723611677304
0.405180184050449
0.211860265275695
0
0.38159367644226
0.0903694781321649
0.397961061865699
0.23012398383145
0.132777966257489
0.0932271998481739
0.0489046712042802
0.13052015883135
0.106432741794371
0.325362845717055
0.176241268569022
0.140951456934958
0.399237598588229
0.550493586051411
0.401558742125319
0.359601697192539
8.41492515072322e-10
0.000137839801215629
0.000398861057901909
1.76322515712668e-05
0.47598454674079
0.252448169644519
0.188029569939866
0.111161948553153
0.0297323180309014
0.528239492458995
0.0577249244803708
0.092957501267255
0.618192119207179
0.17467534312264
0.166209177518556
0.406346337157329
0.301480336395456
0.268706905336519
0.431457234901155
0.240139542258086
0.368104420244145
0.460176905439242
0.0188351262374437
0.725414694005001
0.40738161295297
0.988912947440498
0.545693775858717
0.0789179750127831
0.33699421399444
0.0768583448788283
0.41141300375261
0.393824840368292
0.114306164894296
0.161256287610981
0.570488586837077
0.196282723268883
0.294167765165997
0.261585956783233
0.27527806116024
0.313205511504418
1.76204748339533e-08
0.0901475832639004
0.334866376521285
0.747299777797317
0.584592154277118
0.117409971759459
0.428081544919385
0.112231346607217
0.351557378388879
0.349921082815366
0.318638273863754
0.424863533866539
0.363877244761106
0.597383973300174
0.49965248551897
0.34846718997405
0.200744698768346
0.475698197573857
0.0243225625355051
0.414265003649725
0.369873354471042
0.342091045922467
0.355083207508888
0.0879616872258606
0.373199161680675
0.356033703266526
0.322279131488944
0.132845963600546
0.213598004307693
0.308851428827423
0
0.104658018762254
0.140022437949045
0.235099724767976
0.311329318144453
0.00114155116093917
0.111790416676602
0.162520451838482
0
0.222799153572525
0.28066849833041
0.0123578751879168
0.554536320147581
0.394255550906774
0.371817892482098
0.256198613062816
0.359994145549099
0.359580868587227
0.239946431852292
0.238243664299475
0.192784878455524
0.354002509344658
0.443792849879159
0.229950740931789
0.448236687647494
0.0567686229541644
0.161400734275447
0.0509588828587193
0.509423209599596
0.472611340617866
0.51916328655263
0.170522428086651
0.205753841272741
0.403995279391032
0.400385137906917
0.189426856350515
0.129490615732785
0.404291030656118
0.420072747423096
0.330685617395436
0.608600996822251
0.393712830164207
0.0319443659483011
0.319003798906843
0.674982992984348
0.0687893325984178
0.460866485387771
0
0.435231663838213
0.0715321450952302
0.337022798481036
0.722697236692089
0.621117957387046
0.417459403807779
0.273890308588249
0
0.20707526316321
0.267713102885044
0
0.115992523734889
0.325195524381526
0.234679746342432
0.1478240469422
0.464919192499312
0.475875037574721
0.0678227731936054
0.133138957068798
0.429228676785841
0
0.385582754303962
0.206570015687469
0.3447369477367
0.260838509347644
0.205312673017039
0.0102111321512058
0.287762912366473
0
0.351053548304148
0.744278035609909
0.160059773885685
0.0817762342249177
0.511121976077516
0.0566053703108825
0.202131411187784
0
0.564977220553985
0.225217832766006
0.394096246953548
0.458204447999542
0.16413242137989
0.261932462658544
0.36752313902888
0.674475351891274
0.240421919291879
0.0324048988131579
0.405279736225713
0.0456148820663143
0.237884959871896
0.41443371916203
0.0518133634027325
0.684865568634166
0.367993648760096
0.122703113793623
0.317198502520633
0.0722302120689819
0.262235743078998
0.08018768310338
3.90230469842384e-10
0.375126172696801
0.268921662180718
0.301239630265243
0.299027582753018
0.00301623309760155
0.00258488601133747
0.00836199936528636
0
0.162872669854597
0.360648174439585
0.0846716717728271
0.0762474918504576
0.378397310366129
0.0128625248589475
0.216012489350448
0.0301004193009578
0.32052213498211
0.330162946097288
0.23203427280034
0.323220043587076
0.0321116621666254
0.211026167662082
0.377337375845454
0.0594933610645788
0.2056711635252
0.40758898327599
0.361052355634674
0.482871649323711
0.524357286326792
0.382850333144206
0.173346562563516
0.291223083709816
0.550694474203825
0.299450855986168
0.511934370662427
0.239714708850688
0.478849944911738
0.2947436364045
0.0931517279301647
0.221365286032034
0.686182199984339
0.542467485695615
0.342980095491183
0.301300707829024
0.351559287591834
0.144790634874849
0
0.653448511038922
0.117526524924296
0.0524117591128315
0
0.0365792277686202
0.165323393387038
0
0
0.428867264960375
0
0.418451354358774
0.0347025442095002
0.228678737501818
0.132423854636117
0.0297753082633165
0
0.148425720117265
0
0.325944171386473
0.229953097667777
0.442931487867528
0.443395138895612
0.0575680418654259
0
0
0
0.71200671468831
0.441236262758959
0.422331756966704
0.408007755260558
0
0
0.481209165035143
0.00521494365128329
0.515612957348168
0.189210422015737
0.485470844705456
0.229418247544475
0.291456124234597
0.388603508470588
0.155335671818307
0.0203050316962991
0.102653741951203
0.0221322185813246
0.221223798036544
0.222438587040063
3.65370981437159e-05
0.201245081020193
0.291201813558753
0.24945675530959
0.478518666497108
0.0338950422601893
0.166441566781158
0.184092088002407
0.0228075896067802
0.113274707620269
2.01551717644043e-07
0.387196295605183
0.36215691162764
0.0643254282049768
0.522461747315751
0.0566904858875848
0.00380974600271246
0.147625191954664
0.00552917134039584
0.375602231285222
0.394111513675925
0.26270249815003
0.354196247747062
0.116488403075805
0.211403473678782
0.08676202746475
0.0665258556648794
0.444295441723487
0.228008580763237
0.240504787730025
0.265768724947517
0.422734713660591
0.434209088346171
0.033087785212784
0.0854748164842815
0.550261147697051
0.223392901792043
0.134939354447247
0.166900923674653
0.244778067947941
0.37603190171462
0.258328348587652
0.112411023673711
0.215407315697389
0.566721804721471
0.187154053503179
0.40853048866705
0.242266264826239
0.271997403548489
0.261003901920698
0.178593048572936
0.857091842588907
0.500431055453161
0.707935250297172
0.444780263013303
0.627768480609697
0.382338583580864
0
0.576316387187564
0.435463855841498
0.263821877554524
0.256942069513377
0.0692070735708481
0.489198753060582
0.000597099971403161
0
0.719366812636917
0.375423032979002
0.19436846499029
0.17987599340177
0.410800160946468
0.532069777341881
0.125888966844483
0.0031192558258387
0.620615277909522
0
0.561874542980839
0.331455306400623
0.000207830631144673
0.525750712152514
0.167973509186461
0.0446518959054999
0.244483323779995
0
0.434404059677131
0.235642736386595
0.460246853530758
0.392782068290461
1.4298384079063e-07
0.00563988511032147
0.0360401934201834
0
0.395531348307184
0.310245598393338
0.0864396792400908
0
0
3.65888507771027e-05
0.26698707017682
0
0.254524832376935
0.262765882824638
0.174638996370398
0.0559303820677092
0
0.0221459323899253
0.34753285154529
0
0.419090086500927
0.242025727888713
0.171978196704786
0.577440161492416
6.84617163205035e-09
0.0495176303369723
0.248032724585699
0
0.294891685572987
0.218566955044414
0.148222795819853
0.363179667049793
1.03065785506822e-08
0
5.10358087204287e-05
0
0.0657177048951731
0.0973930019556913
0.386494954619354
0.223876177363979
3.55618416849626e-08
0
8.03136944554829e-05
0.284590850961065
0.344862853494096
0.29228611181478
0.0947945704171723
0.110351905518153
0.0361495000535598
0
0.113574307156868
0.573575122854746
0.382741981312645
0.25501666598609
0.141124604661647
0
0.324641889039152
0
0.163278729634874
0.659250774899299
0.394021663518059
0.38016268262307
0.563411056095443
0
0.784987451423017
0.100645758366533
0.355755696629176
0.838097861002896
0.269079656032286
0.426660419724423
0.173188490582731
0.438989543459804
0.999999997932051
0
0.24452963653155
0.661550081417941
0.0557634039639219
0.542499352969894
0.454675006313018
0.327078557960559
0.680456930312214
0.00017029438734291
0.748717761581256
0.999957551276558
0.522905871287312
0.362182121441754
0.389373943516409
0.854017254220325
0.253038337102947
0.103022949860572
0.999995449892044
0.802823297820414
0.00325080798725499
0.633503337101644
0.097386366566924
0.797904056222951
0.211956119630256
0.250232034273332
0.583148797583324
0.0631770280586527
0.682436123801539
0.412620843887593
0.345533737707753
0.611044098462526
0.548836210351552
0.090865557666832
0.457566672508574
0.0443261826238247
0.399107662845733
0.460381358587569
0
0
0.133118068960038
0.205703073213108
0
9.08602761345046e-05
0.288221653228041
0.141067927707792
0.203074347033691
0.105131801921916
0
0.141649222416555
0.0602918893482648
1.6147608621191e-05
0.46067491741247
0.138682075921071
0.547280824233573
0.491909504855208
1.72959475507054e-08
0
0.180471878523479
0.0288789985683605
0.213708156931567
0.441298694472319
0.283229437618053
0.2520076611146
0.108887796533236
0
0
0.0254637517452705
0.335148022877315
0.193498374786432
0
0.166077817016334
0.0697921317574782
0
0
0.0614692782368439
0.380810019201912
0.245439442715933
0.123239802331181
0.241203587931335
0.291545566898625
0
0
0.201784060839107
0.194684007541138
0.206861010894606
0
0
0
0
0
0.335143357574784
0.00251556241042652
0.126211294887124
0
0
0
0
0
0.262174360127392
0.0601605616279892
0.244294196397271
0
0
0.013382838227618
0
9.6016222606225e-08
0.555814075119254
0.155152764017424
0.214367941913399
0
0.301329367661933
0.510692629726133
0
0.341888832637554
0.925509786786927
0.118000641240931
0.488564338097683
0.126852990625962
0.118118705338747
0.426423829096512
0.310869295009909
0.998735904579861
0.966915558742025
0.111553420168436
0.115889068152665
0.286023177779306
0.342271066347302
0.260138958501458
0.432153395017419
0.766416957766664
0.753765001399291
0.525276244548213
0.323380872096587
0.198692582362178
0.501081632575882
0.207988952784415
0.633938686368968
0.251414668821308
0.539393184813657
0.312310197432476
0.380569896165325
0.267322800101623
0.16500553347909
0.0272064691647037
0.657333003578056
0.283648758387555
0.235839053392977
0.818448865679588
0.00880320018567771
0.527789601969285
0.443010337257802
0.415329621004319
0.67235921839024
0.345218643164036
0.352793659279274
0.999802166111121
0
0.490430229235081
0.999999537532317
0.505112102618437
0.633709257577208
0.24681684656826
0.915655096788908
0.999998488877874
0.321966078506879
0.647086080448492
0.63223311981435
0.204330065852954
0.321703133581167
6.05441643327442e-10
0.193605533758036
0.999999379207983
0.691082684558611
0.805506275999515
0.194301118064233
0.331078906920303
0
0
0.0579772376064211
0.292742418626574
0.90090082690033
0.467511449152089
0.628954713741677
0.254208822020126
0.0180958010368647
0
0.0239034730485986
0.820897642285018
0.149479649927649
0.054416409345987
0.204441898474322
0.207669609086983
0.00100916959171474
0
0
0.281021777718229
0
0
0.309130375734145
0.26836303101751
9.43222019531404e-05
0.092334961368783
0
0.130521475851062
0.0772703724961782
0
0.0543723593390733
0.0915942132883
0.11410128248687
0.471623467076488
0.312776879214294
0.327216465297099
0.667604021341545
0.0135980796869967
0.379558415662518
0
0.266114621339942
0.665975714797763
0.750296352234373
0.219058590276034
0.555803845347698
0.389077157965724
0.218586670881321
0
0.384668362301345
0.643288976735348
0.599063269032994
0.368723756504741
0.0526979106900631
0.223038764529569
0.433975934977831
0.415903037991652
0.845437890159565
0.158053416238218
0.739513224432843
0.00925226139504871
0.238683035763525
0.414941172772902
0.00186808267930664
0.462635304518994
0.917211054341299
0.975029345167141
1
1.89335368332761e-08
0.037716927824447
0.028096882230016
0.484031581459188
0.823906975822228
1
1
0.861868698402929
0.235697009807505
0.159623852510588
0.354422478791171
0.299462036543332
0.714004060946479
0.930648302717985
0.979852888778511
3.67256445445719e-06
0.424942595436825
0
0.458061341036994
0.33975327113543
0.0714040660488848
0.313109449571773
0.291061658783465
0
0.641927814384372
0
0.354582201146028
0.309870666839979
0.428494432528733
0.0161388985989942
0.311685536798599
0
0.645210567573022
0
0.223975492517553
0.00900775063196938
0.299791085218183
0.267195773569786
3.81766669285837e-09
0
0.579673127511409
2.47244674391613e-08
0.33278947272911
4.58055143779346e-07
0.327375344423492
0.103106100928442
8.69528055356738e-07
0
0.419619255072787
3.59817278239191e-09
0.297508892872909
1.89210995733524e-07
0.0525110472192175
0.000746149009027943
0.0211352559115123
0.141669022735646
0.331696821824343
0
2.27300437392467e-07
0.00396641731725037
0.042781381653362
0.0174461583915374
0.418256971943275
0.328032101519163
0.498051590913006
0
1.06584722573044e-06
0.179710704918479
0.0455098084658463
1.87526138386492e-07
0.166327674892718
0.33763187808187
0.534059995294136
0
1.93575136944753e-07
0
0
0.450866716972868
0.0411612261437803
0.119139150056782
0.766467042732384
0
0
0
0
0
0
0.195311441055377
0.999999998483584
0
0.231903544569058
4.9389224972372e-06
0.0565860954165058
0
0.678326860944334
0.669827326891588
0.634620165808696
0
0.624452747623497
0.00126513637992058
0.497870481356735
0.650422479561668
1
1
0.372349139455996
0.1301538874757
0.315958568755217
0.479361235093049
0.999993939337479
0.461192689168056
1
1
0.881286996083578
0.448311083430241
0.743101717803524
0.142756386507979
0.999252124127408
0.447893650088019
1
0.188481045427097
0.436419632918508
0.267231377656924
0.788355108415525
0.287047359672444
0.999999999171905
0.166447529226079
0.405970581355863
0
0.882929469791905
0.182384096306353
0.978869959617868
0.569008074967293
0.999963795301422
6.84336108116564e-06
0.109926673371186
0
1
0
1
0.506870695043908
0.999999946042704
0.00570472758641533
1.06316967114508e-05
0
1
0
1
0.337459831301688
0.588411258689838
0.419775283193171
0.105756856558716
0
0.997315829654389
0
0.741288586781232
0.479646100484752
0.225505313171595
0.614480776777976
0.324637254481184
0.523870533959237
0.368950692450562
0.367271671541572
0.356049327212765
0.0295389129237135
0.291883843030395
0.579281452188749
0.21314702317925
0.428869635673932
0
0.178837684421149
0.153606252966891
0.33647853627716
0.0585350971952775
0.300538333429709
0
0.186685497872971
0.430191107098478
0.157878232623883
0.34919154500135
0.244539596645492
0.175119153596414
0
0
0
0.342568041784377
0.24236161135401
0
0.145023147965721
0.0577398185999953
0
0
0
0.864387571347502
0.357729313886016
0
0.268725977317201
2.68446913705601e-05
0
0
0
0.706758200451935
0.273451604853448
0
0.221979256789805
0.177840363797589
0.326152541187419
0.342459652111668
0
0.360668050362181
0.510435376746521
0
0.969197336845823
0.430326485559493
0.134293655593097
1
0.455109561182618
0.135469383238488
0.424082293643683
0.436900045604515
0.999999994885281
1
1
1
1
0.0189856787098831
0.34124817071704
0.522168676153844
0.999998252005449
0.625369047816899
1
1
1
0.257215815294038
0.26703464177803
0.365114454880264
0.0322811801671443
0
0.971254778619077
0.752158006993508
0.51959848535308
0.557907662293826
0.0349525427248301
0.000225528830936727
0.0359886353288706
0
0.115444986761714
0.505678826392133
0.240957150831752
0.523321878084373
0
8.37014151915919e-07
0.0319133724575862
0
0.380301286753759
0.0708676305194386
0.102025304351062
0.646296514590798
0
0.000100137006480241
0.182022183046585
5.80966319042816e-05
1.28051083116796e-07
0.0895051467013797
1.10922424796556e-07
0.64486286961259
0
0
0.229812558143191
0.121843709391391
0.0382044550802205
0.591418315501788
0.0820352723560672
0.736493827723734
1.90702974787846e-08
0.367389887342303
0.20742781578261
0.0204780194898268
0.0372357626474476
0
0.282885938949579
0.61990581159267
0.703106026870803
0.692025829107155
0.241185031341072
2.01448708969058e-06
1.34146916628443e-10
0.0906940839773837
0.333851775073106
0.425665522375675
0.924335541994396
0.437345440489401
0.0514773166520984
0.0125200850211223
0
0
0.173873118183188
0.0642808631491012
0.0763950331421321
0
0.309013594379898
0
0.528965927123707
0
0.43373620204451
0.137321524701595
0.023430963184542
0
0.0289162831710177
0
0.444399254628128
0
0.254155416267494
0.620788377525945
8.81043733932297e-11
0
0.217069426376883
0.0944242668018799
0
0.00739844963817888
0.206441226386254
0.61582825174183
1.46137257126644e-05
0
0.103398355385485
0.142836751126573
0
0.189003110478569
0
0.509859812320983
0.871590867306647
0
0.0853764211663301
4.45560182192408e-09
0
0.220949630624944
0
0.753561601689751
0.999999845217739
0.732895178902831
0.185305035682518
6.59628549912255e-07
0
0.248412821420492
0
0.516711834738961
0.99998418830895
1
1
2.94609684055908e-06
0
0.291602183755501
0
0.246398255314417
0.841265772997133
1
1
8.17279641503458e-07
5.75300119426332e-08
0.187498031049955
0
0.394250087106542
0
0.999999973349242
1
6.97918138859369e-07
0.271639374122034
0.18759347237949
0
0.0782340356261675
0
0.613091283096455
1
0.1265218090315
0.164371786842994
0.44925288025193
0
0.139791833733412
0
0.236338739441266
0.902179074137596
0.0761770205580805
0.349698211771505
0.478393650342904
0
0.135074127435998
0
0.079228146917577
0.689697612299546
0.458948246105951
0.62889038578288
0.355612322006006
0.258405165784015
0.104962750371653
2.09017276121769e-05
0.223814046545821
0.164316213624973
0.570347536453817
0.453236302814436
0.481843514109335
0.891876180310617
0.164868970588704
0.361757790831487
0.295203780365138
0.297180211117379
0.687408265319516
0.349441548376906
0.530308713943082
0.161185830676374
0.0177374138070234
0.375522572756598
0.0495773241340026
0.488562679475833
0.615883376723658
0.2800054293007
0.37889706340369
0.171506600824339
0.203971972318313
0.481112322498893
0.000616760146210455
0.665865867335695
0.785810186662316
0.24475396329011
0.37013213901492
0.0459442986449608
0.170249971078887
0.240291001330924
0
0.197631608389709
0.144113677238858
0.221136260846489
0.637082622445635
0.255669112831801
7.63642028987958e-06
0.12143626164212
0
0.00233073165100875
0
0.184802007373103
0.810322131169512
0.110746868821185
0.391326452257469
0
0
1.7808877063854e-05
0.12705022697276
0.345888484499142
0.459179996077763
0.307347066016281
0.261424938598094
0
0
0.120230425591714
4.25445642685556e-08
0.511448591852249
0.483235496098463
0.357632397350859
0.101486771502302
0.83987024879242
0
0.11432955440282
0.0709419875624826
0.182335414038786
0.453044833024191
0.485044634390296
0
0.776060759027257
3.594287828112e-08
0.12636198750557
8.99503445805561e-07
0.2806326410162
0.0903793200932116
0.412355458821274
0
0
2.10718500301883e-07
0.18319012945583
7.05481358202652e-05
0.0315434467101801
0.407530865447764
0.177881780848703
0
0
8.05324634493592e-08
7.29047186109877e-07
8.11731228423686e-05
0.23387111991083
0.576909745866906
0.0057397737845925
0.110043983932342
0
0.261563544460774
0
2.87555435857199e-06
0.0742830849218352
0.196485047037117
9.37450479351744e-07
0.0667024709149565
0.497769895374806
0
0
1.28618020463692e-08
0.329270145220075
0.584416122754856
0.0762808226821365
0.0861857923657974
0.418190678401463
0.779842906346389
0
0
0.391533339575227
0.262390175775235
0.685510791884657
0.0569521468918073
0.864692899906454
0.652382339441746
0
0
0.277994354218212
0.476269204953811
0.784032138036344
0
0.150282468721166
0.188948395169179
0
0
0.128273101335293
0.265356483658995
0.219665585966779
0
0.19177532465288
0.816366767232488
0
0
6.06813679560575e-05
0.040668351694443
0
0
0.0510881568841059
0.476611429853128
0.194867053983469
0
8.58744391609194e-06
3.02717768439573e-06
0
0
0.162387497386676
0.530891270787038
0.917253240239137
0.000703052340502969
4.93655261858483e-05
2.54254489498045e-05
0
0.221925615080686
0.59757889820415
0.785476443579553
0.892850383222202
0.13047061141004
3.06173906592012e-05
6.64743905366743e-06
0
0.263800825819111
0.04238364166589
0.126633929667819
0.891126103585694
0.185613796407818
2.2220885279061e-05
0.000179777116229174
0
0.624707217836908
1.74174746852935e-07
9.31046638871181e-09
0.964800375050981
0.637327025117599
0.0166987157727619
0.17993000146784
0.122834738556102
0.0442304780379402
0
0.0367511884727962
0.606033242339179
0.551138078686295
0.291821732655516
0.273590932047043
0.173253787220029
0
0
7.01829286131539e-07
0.410336728884035
0.635043176971568
0.862921805190565
0.329565198486107
0.779545861191377
0.0815596740592809
0
0.0757863124013657
0.398972492179003
0.603592859544633
0.999999996288086
0
0.508939112372899
0.407702703412195
0
0.090933021456519
0.334405083830852
0.12988541314675
1
0
5.3189433254416e-08
0.517211972990625
0
0.154251988859846
0.435637311166784
0.44010059305617
1
0.425595888779434
0
0.265637052910645
0
0.782586107090498
0.549006435877019
0.167795888345933
1
0.999999991634311
0
0.479366235215387
0
0.556681731525248
0.207591032289482
0.067514049738122
1
1
0
0.449922569914336
0
0
2.45500374653321e-07
0
0.632673229365063
1
0
0.584526436941581
0
0
0
0
0
1
0
1
0.0447864586863224
0
4.86438544907511e-09
0
0
1
0
1
0.332594074220101
0
8.97116574956536e-07
0
0
1.00901132893693e-08
0.350492260249894
0.879544650218326
0.488160446060575
0.229527543819565
0.228774688549003
0
0
0
0.997451646386598
0.583407144610704
0.0208872862531033
0.379351916932637
0.43520156229777
0
0
0.177130068540373
0.869289268049401
0.393796778961603
0
0.231800717818709
1
8.8556555293387e-07
0
0.15350063893375
0.589691798677476
0.0614231574645871
0.179757348577979
0.854129926451277
0.796419660984716
0.0675840324885907
0
0.537556957815195
3.76763188961898e-06
0.135795488908233
0.27325857687076
0.720170913776188
0.327373776903361
0.110649138761335
0.402395678592817
0.566824340718978
2.2613293954423e-07
0.198741695584399
0.174056741983474
0.856908412933868
0.159772504968628
0.123417023896189
0.206399516097447
0.428208047250367
0.169170200029201
0.00769726486401991
0.706425579729521
0.707580248353536
0.494084282266221
0.731982028826738
0
0.118338984753886
0.00489444164639044
0
0.401951635602205
0.336380785565913
0.999999990287748
1
0
0
0
0
0.115946084921004
0.70413787353461
1
1
0.12683398381214
0
0
8.59494524300692e-09
0.0349113548949385
0.709292316041032
1
1
0.868346403967017
0
0
1.39865476721351e-07
2.81652876807005e-06
0.439128795651297
0.945519898619319
1
0.99999982319538
0
0
2.2517254175295e-07
0.144598603678035
0.156702110864984
0.181369905979136
0.906247185193964
0.999999991293547
0
0
1.06293607834283e-07
0.00477848109240552
0.062447512012824
0.231400506856929
0.264507721929536
0.999999991127356
0.0625009003866737
0
0.00974140531714834
0.356739747938257
0.00128394049125001
0.301826778458694
0.00620106238803018
0.202832444095272
0.28852011108442
0
0.0820734486773139
0.0181831680786027
0.000788532466261681
2.20646251541244e-05
0.23559877847639
0
0
0
0.102732978807236
0.253153035956564
0.0779799410719224
8.65434834200772e-06
0.157812793397059
0
0.77149975727355
0
0
0.187866956890291
0.0801543230519832
0.00019143195124969
0.176297486396337
0
0.313040168138357
0.506537583595317
8.18091793770275e-09
7.87658497250699e-09
0.105093104139234
0.892901235099294
4.98567179331355e-08
0.0589808194343156
0.539029442148305
0.468360920303704
0.198510984769305
3.84952150018535e-08
0.0103333799618714
0.177343274514238
0
0.586904982439398
0.996754424079163
0
0.299821985165405
6.02889436415291e-08
2.47919782500382e-07
0.00654655579340779
0
1
0.565005279879479
0
0.290386054776377
0
3.73195225163589e-10
0.507719970359499
0
1
0.322350169650086
0
0.351495276148841
0.0201268668981563
0.0771120927179233
0.4320265410424
0
0.359713714376115
0
0
0.248554926908889
0
0.471744355370333
0.223438689083467
0
0.0419612313164505
0
0.0792010706829559
0.599759085779139
0
0.543974827848777
1.4206638570454e-07
0
0.295175560756967
0
1.66120211154544e-06
0.614504327094876
0.206068144605161
0.527589186616988
0.213915223221291
1.74722785947817e-08
0.565409253170249
0
0.536180511620286
0.466357111869822
0.314456496318604
0.971196975067356
0.498834396207866
0.113365508588447
0.333613548812234
0
0.390263738971526
0.582089167493616
0.0657740543447864
1
0.685292969409641
0.0977696030246616
0.498248227202503
0
0.167911789174035
0.852549709917991
0.52158453916644
0.644349967663504
0.279214395870509
1.99289465066611e-07
6.25314535988484e-07
0
0.00517369282182846
0.31712919003615
0.230271564435061
0.109278709717789
0.584388856511033
9.17179701594838e-09
0
0
0.27280375469151
0.135838031038843
0.0213700857281972
0.38848148889978
0.0530369204833259
8.38645877906929e-09
0
0
0.19176929151158
0.0336385213736602
0.401829361582278
0.473421238541966
0.171144056143156
0.281280990124386
0
0.0274477117532991
0.705342742056412
0.382181386165209
0.289966038807884
0.308931495316283
0.366887864134135
0.083485807770838
0
0.517459207720738
0.928090416968232
0.274978520804814
0.00586880613429788
0.318357146890077
0.0757396433097567
0.527885214339817
0
0.787291346504494
0
0.286163814519084
0.219166032968375
0.328871640856064
0.355763540592987
0.39950999343685
0.63412384736183
0.659402754211271
0
0.232082376079249
0
0.387490184261816
0.232797791563426
0.691088964537421
0.994752638141517
0.245779592481634
0
0.398062902249602
0
0.387624787967272
0.0162602825473179
0.0929092728783076
0.586336440863243
4.40476619410519e-05
0
0.564311524612438
0
0.523054870285341
0.220209909523375
0.107061743468016
0.220592078948335
2.19812640524022e-07
0.340046745239831
0.770191906332907
0.171709187997633
0.977656714561724
0.108643975965564
0.199675407782696
0.222709483529078
4.14841295701303e-08
0.490743833079926
0.27505457295724
0.340497138056353
0.999989022966327
0.169787539406409
0.401771894681343
0.208901366558749
1.08024596901613e-06
0.580380263988897
0.498030535493923
0.00525625263780193
0.536974462794554
0.226544588768082
0.0515996093553661
0.500453586881319
5.46699732427754e-08
0.55171275376704
0.387243227713439
0.000328606854759683
0.513398419777711
0
0.0836746782446179
0.250517514795419
0.202128252308989
0.448838647469027
0.143287388887487
0.0550533231414393
0.272889114227468
0.110963051412816
0.000103929944115026
0
0.525724708623527
0.687639885027882
0.778133049369097
0.109081696261395
0.40511062859965
0.246924895722334
0
0
0.302604854387167
0.975270212903062
0.615931797695014
0.34161358421673
0.37369095852843
0.545296608816602
0
0
0.696447511859942
0.961163705535987
0.446478912231771
0.394521661782803
0.20702692987265
0.557034032380346
0.0790363023510503
7.63376700629143e-05
0.541045228141068
0.480870496181008
0.321198053699695
0.228240412798285
0.0877866161198439
0.524342769721005
0
0.0618467052079208
0.108041284230215
0.110184537095505
0
0
0.0990901428107629
0.501550228451625
0
0.249093395385138
0.101256344123177
0.314245644655253
0
0
0.223559096616052
0.340340280368016
0
0.552746279585199
5.43247760370443e-08
0.0583504142155106
7.79789660679354e-08
0.352223248012222
0.176802930541541
0.0204575757253824
0
0.269187154211835
0.0835351861404364
0
0.668867567415771
0.492408885329888
0.294013526403107
0.552812099114533
0
0.0451746642659966
0
0.0581657652593814
0.261668080804288
0.365247236769129
0.482445898460215
0.256118988234722
0
0.326074704123889
0
0.00649877977903865
0.25305884840873
0.468309654712544
0.0490910976960943
0.224050459538512
0.000201638719138315
0.0142706486196974
0
0.119189248607805
0.281379448224441
0.451549164421468
0.120152892849628
0.220407046445665
0.252531101787229
0.225559499010109
0
0.167984887063999
0.0569220017619331
0.192801492558148
0.0295878563134973
0.38210292667217
0.477728375740648
0.0217554266334602
0
0.901442022166434
0.000244128777139168
0.0924721697265474
0.109751846783423
0.0175524153357429
0.062024844648688
0.367375010029127
0
0.380618032992105
0.0584775912390309
7.55002034850275e-05
0.210694687998441
0.00297788860106646
0.0685094564714597
0.104220635581966
0.871683521211167
0.544198080279186
0.0877363237162738
0.276614919148757
0.42441596972674
0.0723242037941973
0.0250626907053539
0
0.545631117973815
0.244630512533795
0.433247849889385
0.492053930955669
0.285102580199534
0.288509465025087
0.0176989494741654
0.227159371355952
0.489361515905403
0
0.356455810458996
0.428814977038167
0.0236240580291541
0.529438741371219
0.164963622040469
0.226807215188388
0.263846412699007
0
0.175695279821178
0.187497491185989
0
0.317446553121823
0.062172283562933
7.53769430908101e-06
0.0088649451155356
0
0.0451171369943387
0
0
0.358568279027634
0.0297785290750807
8.67038064196393e-05
0
0
0
0
0.120148172392296
0.137419854705088
0.244973844947063
0.00143088845065173
5.54208799679755e-08
0
0.212449190616484
0.475193615802446
0.215690339782647
0.662539847193712
0.116197344559851
0.13541315970567
4.6893311556026e-06
0
0.499067725623327
0.689655605875673
0.0401382525730384
0.251842192325908
0.00662166942533584
0.139110436903064
6.90244183982505e-05
0.108030538659862
0.525211377382139
0.320571664382359
0.283296378575877
0.00461946817480607
0.249660215703435
0.263374477510978
0.0994652935073566
0.521580721649381
0.159384433302568
0.392210607761539
0.0543199574723055
0.362671971289757
0.195910356962926
0.0471707017344312
0.0521566343969862
0.149745112065056
0.633309623625335
0.312777946042006
2.01141751549346e-08
0.453732130717169
0.188822201269808
0
5.29101236918653e-07
0.0995450357963355
0.32948136129698
0.135834952625416
0
0.0520645726492266
0.577952452558998
0.0303657010464164
1.65026125809967e-07
0
0.0751822087935074
0.0323086392653336
0.258648567929243
0.107245104463582
0.330501895678742
0.0246403688049016
0.276825392543002
0.197454222517148
0.610130419177128
0.330752293642418
0.244965345939043
0.105303010466667
0.369049833334475
0.489097172605215
0.133341657452768
0.126461284816019
0.177379972251962
0.378438016676
0.227069019821411
0.444689336802354
0.381523962099393
0.0802521200438548
0.727421177585448
0.226674163583954
0.00121168849328036
0.446519491383714
0.303982727579524
0.00110396948969899
0.332116143524085
0.336054540617962
0.6084060781296
0.169398661091002
0.0747178565816616
0.483490502968035
0.0645020328255107
0.37788265959752
0.830680241396306
0.0733368155820804
0.773741153748154
0.0481462541107668
0.370430846838704
0.0458140354822033
0.00131818261806532
0.437261492927534
0.0822136501772523
0.207661598819023
0.228103138974791
0.20127368038735
0.185751794713947
0
0.404602855817412
0.285270020786357
0.480614040320946
0.560420363085105
0.146923043365073
0.258422139037393
0.266238213395345
0
0.338615484426435
0.0710503085748303
0.45373438222735
0.164029630221798
0.183627747107243
0.0120801564968011
0.400529666283901
0.186871559656081
0.340944353762426
0.538600107270716
0.346906525940205
0.13939866300692
0.23271662235771
0.711526321812591
0.646747498101602
0.284942951065894
0.210929281208732
0.218917357482348
0.117704993918151
2.44855235971952e-05
0.409515725939241
0.174731624099844
0.100269548287207
0.228045874064407
0.428220287690353
1.96354585012188e-07
7.82693747735816e-06
8.09302018115169e-08
0.0571715188094419
0.089550910608995
0.667640674060084
0.401069829471114
0
4.97229761668928e-08
1.38670286805688e-06
0.136865363829575
0
0
0.220119134921233
0.0706302009741852
0
1.44622929192189e-07
0.34803307952291
0.585214280029644
0
0.111278012482038
0.406332983478947
0
0
0.426474956232518
0.48548374384047
0.106791692659577
0.00424033329601314
0.350353563932192
0.513142261594071
0
1.16565234182912e-08
0.223099463740537
0.556083637098362
0.321606061558994
0.507971219358991
0.0278050314020216
0.445384688608755
0.107640102888941
0.33444720039867
0.383292456804474
0.227655407939408
0.168000840113288
0.504413875799401
0.0851613199927005
0.301882253308924
0.529024602497975
0.561506343070603
0.158377970391737
0.374134677169721
0.161438862767101
0.0832794767499767
0.375247136396266
0.203931124526694
0.529106038700735
0.13462914877867
0.308129623071909
0.239211655859757
0
0.284756073870728
0
0.191146317067441
0.130956340789086
0
2.14464885424725e-09
0.234033532841733
0.192709748367257
0.262401207408922
0
0.372616001508721
0.0658166499743429
0
0.397373797592292
0.481717539470047
0.449454495196948
0.461741898239731
0.115971893581574
0.287029145425215
0.452229109135113
0
0.00111488784302959
0.161188109937246
0.431329336072754
0.265740066005446
0.485492388229106
0.0291780293923824
0.439469339901289
0.505595353702947
0.607575553299825
0.757843056064937
0.244839853555949
0.376976589212441
0.0371450256879567
0.624803560679634
0.124172261469325
0.433255640003192
0.412277306366018
0.544739910866126
0.159351074026524
0.153952585525382
0.338067232184192
0.852738039055829
5.70802515957825e-08
0.316563419328691
0.0950988431332099
0.254980557368106
1.28984031484152e-07
0.416929056324405
0.520009582519003
0.56358369784813
1.62576858569486e-08
0.193269681731567
0.210716391132642
0
0
0
0.259580047834031
0.218219151093829
0.0878487976421375
0.107011933229831
0
0
0.560952444016499
0.368394431734757
0.521440636770971
0.191387133669556
0.359948404644055
0
7.94224266863258e-06
0.259220642892945
0.999984452088752
0.0305067279687477
0.262781977983088
0.594625119114493
0.234317836120421
0
0.449260591412972
0.61516512476117
0.178603085212885
0.463442948891876
0.380799124399842
0.436098498086318
0.475694339237332
0.208260048642469
0.42488671832581
0.440231037523102
0.0568421061438682
0.00152471262544069
0.121305360072762
0.0846362362648082
0.148732659553403
0.282569859014303
0.446747032057303
0.456425476827382
4.30614771374497e-06
0.0121633563899922
0.298812307752472
0.206529119868819
0.45406698816086
0
0.0210376010232881
0.371927023790086
0.0096072632911727
0.059840259102969
0
0.467686198767262
0.0902736898482617
0
2.06968968664435e-08
1.36061618679027e-07
0
0.0394631681118577
0
0.0907146526095199
0.117679087603296
0
0
0
0
0.586093510743467
0.292271749933804
0.766923445579114
0.564304913285322
0
0.275419242942786
0.307700693043751
0.377036436567021
0.949764674917062
0.806625674177999
0.366720366373512
0.626905853934721
0.124157717517961
0.999999922741295
0.999999998732392
0.238174800124312
0.366749562538645
0.118060037693219
0.234074719856412
0.324332296169576
0.0106824859293792
0.392491937917335
0.642999751126374
0.483669355697271
0.0490223856722643
0.314179511219039
0.018972838039275
0
0
0.413075632431393
0.273636397266489
8.76904273975944e-07
0.0635617315987306
0
0.331216445957135
0
0
0
0.0672786573593319
3.43018550223021e-07
0.0292765326948982
0
0.393544144920178
0.513627468353324
0
0
5.92667798307594e-09
9.54294739855813e-08
0.237196189328226
0
0.603569725786245
0.796419554942096
0
0
3.27968565203438e-09
7.18059199050786e-07
0.10939874808391
0.0490014544940599
0.282049273857187
0.548034329157357
0
0
0.00379198126306235
0.0693037513754159
0.468877923833239
0.297194346617366
0.191353930497233
0
0
0
0.574476629559297
0.257706362328134
0.50675481247911
0.479489631019915
0
0
0
0.473833671005347
0.961639114903575
0.0822988966664009
0.391106730052142
0.247193702456452
0
0
0
0.288498016707973
0.568627732621371
0.355814138535878
0.0257570306125355
0
0
0
0
0.0222180909843251
1.68660315320344e-06
4.37277154349837e-05
1.24256873181022e-07
0
0.327351099831658
0.26997856887377
0
2.11892518440188e-06
2.08769571168772e-07
6.5063204370369e-06
1.63192946112804e-08
0
0.569946385211221
1
8.36603660200134e-09
7.28490588807627e-08
3.6037323117951e-08
3.35042235254845e-06
9.3099206838843e-07
0
0.852512302446462
0.531929757347196
0
0
0.0145753114520832
0.0699814352789837
0.107090568611236
0.0307463242854927
1.04889344628299e-08
0.0539650207051506
0
0
0.243892271799947
0.487884907424696
0.396613796576481
0.421961504531394
0
0
0
0.330215764540689
1
0.554056773174621
0.537736784152866
0.189150229789632
0
0
0
0.161021626535367
0.492103649939373
0.241625508119861
0.708719274677045
0.138677131597459
0
0
0
0.54525911973594
0.327241198912225
0.420664548266864
0.199190124546998
0.108104254382099
0.180784284176201
0
0
0.0249480989633826
1.1807315658713e-08
0
0
0
0.945790896936414
0.936619005144067
0.086172794842517
0
0
0
0
0
0.492299130844442
0.497556258269763
0.0493965660804761
0
0
0.145015383613093
0.243019128860657
0
0
0
0.0773475157169537
0
0.516877309937838
0.968542799081859
1
0.381116268675884
0
0
0
0.151166295101386
1
1
0.911023973362132
0.81131560573714
0
0
0
0
1
0.351822505170632
0.465956092205128
1.95390913340269e-06
0
0
0
0
0.424191488957658
0
0
0
0
0.557015617658654
0
0
0
0
0
0
0.767544589916827
1
0
0
0
0
0
0
0.9021304162655
0.937294444100204
0
0
0
0
0
0
0.262954384387444
0
0
0
0
0.034253978374906
0.545618519405846
0
0
0
0
0
0.247548004776719
0.686797603131804
0.995211553208053
0.603769288940372
0
0
0
0
0.859314672905108
1
1
0.55390792130776
0
0
0
0
0.954799316595308
1
0.531886501835382
0.091319634887889
0
0
0
0
0.404421651747408
0.204645440653018
0
0
0
0
0
0
0
0
0
0
0.129805106111291
0
0
0
0
0
0
0
0.694743730484733
0.211147741329434
0
0
0
0
0
0
1
0.729387023753566
0.0694155808340587
0
0
0
0
0
1
0.377897361345227
0.230413906466309
0
0.19753479186306
0.61093881290509
0.011937204336146
0
0.316683334865538
0.268108735318334
0
0.411282071472758
1
1
1
0.0227355213988436
0
0
0
0.992137520676433
1
1
1
0.977610684972971
0
0
0
0.189726662388491
0.888374408110098
0.999998892705146
1
0.89517389979886
0
0
0
0
0
0
0
0.160658535186623
0
0
0
0
0
0
0
0
0
0
0
0
0
0
0
0
0.512562824612838
0.653599110758523
0.356784723092555
0
0
0
0
0
