0.000231576	0.00690291	0.000755647	0.00655767	0.00420384	0.00147154	0.000848741	9.93511e-05	
0.000234194	0.00705286	0.00076305	0.0066332	0.0042461	0.0014947	0.000857366	9.88077e-05	
0.000261138	0.00864852	0.000838795	0.007415	0.00468085	0.00173809	0.000947017	9.34221e-05	
0.000767835	0.0489705	0.00218489	0.0234762	0.0130669	0.00743126	0.00290711	3.31343e-05	
0.0210233	0.00466657	0.00452508	0.113775	0.0349966	0.0418832	0.031779	0.000330927	
0.0125456	0.0396077	0.0235707	0.0840217	0.0242867	0.000957632	0.0225479	0.0118269	
0.0302941	0.100045	0.01591	0.156704	0.180846	0.103491	0.0196053	0.0021564	
0.0722347	0.153196	0.000515332	0.187482	0.0750115	0.126594	0.0427672	0.000850599	
0.0737572	0.441419	0.015511	0.338423	0.225001	0.24132	0.042783	0.00195622	
0.146743	0.199607	0.0129269	0.328032	0.281257	0.261457	0.042518	0.000139471	
0.133755	0.53634	0.0158797	0.413085	0.276142	0.273015	0.0449999	0.000650787	
0.121744	0.0107515	0.0289883	0.0914373	0.293361	0.267199	0.0171613	0.0042824	
0.16798	0.464699	0.0271276	0.380977	0.333666	0.321198	0.0386822	0.00138515	
0.246176	0.431671	0.0283846	0.44023	0.304989	0.33734	0.0557674	0.000272128	
0.264066	0.640468	0.0377232	0.482543	0.359568	0.359823	0.0500983	0.000925074	
0.358898	0.396796	0.0579193	0.564	0.405243	0.426283	0.0636318	0.000519806	
0.193199	0.163363	0.0305724	0.168921	0.409528	0.306114	0.0269801	0.00749818	
0.39631	0.642788	0.0602035	0.540664	0.465346	0.420292	0.0530072	0.00160755	
0.391965	0.623102	0.0771568	0.575754	0.430793	0.45122	0.0679066	0.00177738	
0.425121	0.694224	0.0752085	0.606666	0.472153	0.447171	0.062268	0.0017256	
0.455855	0.68714	0.0922031	0.6486	0.499345	0.477777	0.0689815	0.0017279	
0.160447	0.176014	0.0491324	0.200537	0.220567	0.298372	0.046618	0.00183608	
0.458993	0.686654	0.0966095	0.633423	0.504387	0.479257	0.0672726	0.00197939	
0.495072	0.708695	0.0962151	0.662006	0.521742	0.48359	0.0685542	0.00185934	
0.444656	0.486922	0.123698	0.526581	0.470907	0.512643	0.0806803	0.00292774	
0.499103	0.705723	0.107248	0.667935	0.522709	0.496994	0.072608	0.00209538	
0.510532	0.700229	0.107865	0.662588	0.537014	0.493828	0.0689092	0.00200121	
0.516999	0.717297	0.113349	0.68631	0.539966	0.501976	0.0725165	0.00213307	
0.517752	0.690558	0.141529	0.65195	0.559787	0.516071	0.0725997	0.00265071	
0.28345	0.394824	0.114844	0.396649	0.261856	0.469007	0.091427	0.0023906	
0.563803	0.710756	0.149101	0.724186	0.569115	0.533784	0.0799384	0.0026171	
0.573862	0.726838	0.153471	0.732347	0.583291	0.533374	0.0781197	0.00264924	
0.57739	0.72826	0.156436	0.73568	0.584125	0.536385	0.0791416	0.00272362	
0.612026	0.732726	0.194234	0.756909	0.60732	0.55402	0.0819143	0.00328795	
0.00152536	0.00407493	0.069969	0.0235042	0.0123827	0.0946287	0.0397014	0.015702	
0.176048	0.260174	0.133167	0.222441	0.155588	0.390998	0.105333	0.00325612	
0.598057	0.695478	0.200926	0.748526	0.588286	0.559655	0.0867312	0.00327206	
0.618859	0.735773	0.197742	0.765708	0.609225	0.557873	0.0835447	0.00328438	
0.62953	0.717423	0.237801	0.782481	0.618998	0.571942	0.087672	0.00371517	
0.324632	0.295539	0.194168	0.535606	0.373053	0.497939	0.0940038	0.00557467	
0.647643	0.733278	0.25287	0.786081	0.620161	0.578157	0.0911625	0.00414101	
0.652507	0.744682	0.258139	0.791187	0.628137	0.577862	0.0899122	0.00409983	
0.655513	0.745764	0.263077	0.792909	0.628839	0.579792	0.0906563	0.00416697	
0.67734	0.749544	0.315172	0.807382	0.64116	0.59251	0.0954926	0.00482524	
0.0200689	0.023656	0.0372076	0.0565975	0.145769	0.157189	0.0584229	0.0205173	
0.625596	0.712817	0.376026	0.755518	0.624686	0.593935	0.104883	0.00760811	
0.676872	0.753021	0.342813	0.809139	0.641575	0.597322	0.0991169	0.00570404	
0.0349026	0.0226009	0.0119764	0.0766216	0.199872	0.212324	0.0337693	0.00386272	
0.664091	0.722963	0.352593	0.787444	0.644337	0.592205	0.0987363	0.00524797	
0.688293	0.756378	0.351572	0.815331	0.648834	0.599251	0.0994475	0.00552315	
0.665961	0.580746	0.4431	0.789754	0.617633	0.602933	0.115719	0.00906509	
0.701049	0.735515	0.400984	0.821287	0.648618	0.611524	0.106997	0.00672552	
0.595866	0.579659	0.261842	0.703868	0.642548	0.556663	0.0901759	0.0071147	
0.705585	0.760969	0.405839	0.825291	0.658741	0.611716	0.105879	0.00685427	
0.710132	0.7627	0.415223	0.828954	0.658993	0.614755	0.107542	0.00690372	
0.69156	0.718315	0.389406	0.809096	0.675284	0.613705	0.108882	0.00869363	
0.715179	0.763026	0.42923	0.829801	0.667138	0.617896	0.108682	0.00744981	
0.0626315	0.202642	0.0487926	0.218083	0.106221	0.211286	0.0660611	0.00253326	
0.646589	0.689973	0.341574	0.805683	0.619962	0.608569	0.110628	0.00724715	
0.719443	0.768083	0.440633	0.834623	0.66522	0.621489	0.110916	0.00750874	
0.721701	0.76911	0.446942	0.835097	0.667837	0.622624	0.111384	0.00767466	
0.738103	0.778916	0.498771	0.845667	0.676327	0.636584	0.120592	0.00898237	
0.0655135	0.087503	0.0559255	0.00738945	0.244459	0.0601415	0.00965838	9.30514e-05	
0.311472	0.298638	0.149975	0.352095	0.377666	0.330651	0.0581219	0.0105606	
0.735724	0.776065	0.486808	0.840525	0.683668	0.635223	0.121353	0.00947657	
0.744148	0.783063	0.501612	0.846896	0.682124	0.637863	0.121578	0.00917841	
0.751047	0.791385	0.536331	0.851938	0.690414	0.655669	0.129168	0.0100414	
0.171414	0.0893476	0.0927835	0.122709	0.211138	0.201635	0.0672644	0.0262937	
0.611162	0.630064	0.477928	0.740798	0.658774	0.614398	0.127639	0.0126877	
0.756762	0.792278	0.542854	0.851821	0.695103	0.658062	0.130209	0.0104661	
0.756953	0.796253	0.548727	0.854425	0.694026	0.660336	0.131359	0.0104647	
0.727632	0.695908	0.519884	0.733192	0.673583	0.641716	0.135275	0.0140679	
0.760492	0.795096	0.553905	0.853415	0.698366	0.663596	0.133346	0.0110694	
0.757179	0.795745	0.560778	0.850355	0.693734	0.66589	0.135352	0.0110139	
0.762813	0.798798	0.563266	0.856843	0.700919	0.668326	0.136223	0.0116306	
0.762618	0.801376	0.56741	0.858499	0.700866	0.669884	0.136836	0.0116038	
0.767785	0.805991	0.591635	0.86292	0.707008	0.680856	0.144377	0.0130137	
0.358991	0.385652	0.442055	0.631328	0.358546	0.517434	0.17699	0.0302528	
0.75912	0.797175	0.60214	0.860134	0.698795	0.68945	0.153272	0.0154558	
0.595583	0.520255	0.481397	0.630016	0.555272	0.569587	0.145931	0.0170899	
0.775912	0.809269	0.610969	0.864728	0.715427	0.694252	0.154526	0.0157949	
0.775273	0.81261	0.615889	0.867256	0.714821	0.696268	0.155933	0.0155926	
0.775972	0.81137	0.632884	0.866527	0.716801	0.705346	0.165064	0.016589	
0.0155508	0.00145653	0.025717	0.0878148	0.16835	0.183831	0.102316	0.0192677	
0.610273	0.621011	0.37283	0.701656	0.516098	0.601469	0.172869	0.0180053	
0.777433	0.815832	0.632975	0.869154	0.71842	0.708031	0.167838	0.0166616	
0.779573	0.816481	0.635281	0.869706	0.721424	0.70935	0.167661	0.0170858	
0.779607	0.817322	0.63658	0.870433	0.721323	0.710429	0.169098	0.0172035	
0.781965	0.820205	0.646557	0.872015	0.727137	0.720546	0.179429	0.0193438	
0.0739746	0.135836	0.0739483	0.135978	0.130061	0.113364	0.0788478	0.0268883	
0.678355	0.721014	0.549969	0.825684	0.688804	0.684945	0.190576	0.0201189	
0.781941	0.821931	0.649406	0.873512	0.726366	0.721628	0.182095	0.0194247	
0.770734	0.813026	0.647237	0.860681	0.735564	0.721849	0.190738	0.0210592	
0.782326	0.82231	0.653564	0.871612	0.731681	0.725408	0.186096	0.0200781	
0.216015	0.331217	0.152159	0.406783	0.349433	0.258921	0.115413	0.0353652	
0.769069	0.811036	0.640686	0.869433	0.721826	0.724369	0.196489	0.0218555	
0.78298	0.824177	0.657449	0.874332	0.730484	0.728659	0.190261	0.0206413	
0.783935	0.824361	0.666956	0.870909	0.736646	0.740842	0.202096	0.0227082	
0.0118505	0.134095	0.0168809	0.110412	0.0314028	0.138136	0.0729292	0.0285348	
0.427652	0.499572	0.272897	0.579297	0.479738	0.485501	0.202764	0.0296927	
0.785517	0.827348	0.673091	0.876114	0.73589	0.745127	0.208807	0.0232735	
0.78754	0.829656	0.674828	0.87657	0.738861	0.747072	0.208119	0.0233912	
0.783011	0.828599	0.679439	0.865176	0.732597	0.749896	0.221642	0.024614	
0.787408	0.831815	0.678754	0.875703	0.738625	0.750075	0.21443	0.0239511	
0.252406	0.183704	0.345152	0.223726	0.271582	0.361125	0.106836	0.0330387	
0.778664	0.802702	0.669934	0.831943	0.722524	0.740143	0.21046	0.0248971	
0.789081	0.833053	0.680445	0.87716	0.741779	0.752493	0.213947	0.0241572	
0.791314	0.840723	0.689569	0.876521	0.745767	0.760428	0.225367	0.0254313	
0.212389	0.175208	0.376802	0.219561	0.198624	0.402451	0.189516	0.0518948	
0.779571	0.814476	0.68526	0.835696	0.724917	0.755886	0.235086	0.0280422	
0.792629	0.840847	0.692962	0.877887	0.748599	0.763783	0.228269	0.0260643	
0.75367	0.780249	0.663716	0.839511	0.727648	0.75137	0.26071	0.0306562	
0.792518	0.842253	0.69647	0.878034	0.749791	0.766586	0.235757	0.0270498	
0.294286	0.310875	0.270989	0.320746	0.436609	0.405432	0.146271	0.0255437	
0.76888	0.822769	0.686495	0.869687	0.750544	0.764046	0.2374	0.0276304	
0.793881	0.845526	0.699498	0.87827	0.752433	0.768284	0.236665	0.0272115	
0.779036	0.820928	0.6796	0.875301	0.743427	0.762906	0.251682	0.03133	
0.794631	0.844316	0.702163	0.88003	0.75155	0.771491	0.242764	0.028362	
0.350182	0.426112	0.352511	0.54178	0.559259	0.403949	0.0776816	0.0177777	
0.788767	0.843057	0.701145	0.872757	0.758046	0.767551	0.242838	0.0285016	
0.795466	0.847449	0.705303	0.879232	0.754979	0.772517	0.24398	0.0284403	
0.795973	0.848649	0.715174	0.880785	0.755359	0.779153	0.256827	0.0320771	
0.115555	0.0642122	0.0930788	0.0950819	0.477543	0.318307	0.0613094	0.0221953	
0.581336	0.693514	0.514898	0.740401	0.708535	0.56352	0.155415	0.0254717	
0.797532	0.851433	0.718708	0.879421	0.761244	0.779555	0.260125	0.0317452	
0.799219	0.852338	0.721198	0.881088	0.760269	0.782385	0.262434	0.0322655	
0.799575	0.854226	0.730409	0.880476	0.766979	0.785476	0.277677	0.0348651	
0.020519	0.269574	0.0651584	0.28767	0.18937	0.292929	0.0973644	0.0174961	
0.665927	0.760855	0.489813	0.841592	0.699231	0.672815	0.22536	0.0398559	
0.801638	0.855724	0.732881	0.883036	0.765362	0.788341	0.280059	0.0355458	
0.800448	0.85577	0.730381	0.880825	0.771599	0.791091	0.291485	0.0380148	
0.721254	0.776397	0.535216	0.863021	0.734765	0.717718	0.300838	0.0453633	
0.803916	0.859444	0.743898	0.883882	0.770165	0.796337	0.29613	0.0393635	
0.800766	0.858423	0.743247	0.88466	0.773127	0.799855	0.310772	0.0426402	
0.714283	0.824294	0.634509	0.870204	0.755801	0.746789	0.302104	0.0437868	
0.805731	0.860556	0.752808	0.885562	0.773489	0.802277	0.311309	0.0428637	
0.806461	0.861387	0.753441	0.88525	0.774372	0.804237	0.312508	0.0431304	
0.802985	0.855962	0.756758	0.884662	0.773808	0.805063	0.329383	0.0479191	
0.505401	0.579871	0.532323	0.789659	0.591417	0.655955	0.301741	0.0426727	
0.808297	0.862543	0.762406	0.884202	0.778315	0.811379	0.329803	0.0476375	
0.808596	0.862777	0.763439	0.885289	0.778125	0.811269	0.331338	0.0481931	
0.806735	0.862346	0.768484	0.88584	0.780947	0.813602	0.342048	0.0511325	
0.0745888	0.102646	0.0723083	0.203189	0.16003	0.0730895	0.0750961	0.0549923	
0.753132	0.820148	0.753536	0.875792	0.720026	0.764212	0.346777	0.0616286	
0.807998	0.862337	0.771144	0.887434	0.779695	0.814283	0.345349	0.0526983	
0.723627	0.780855	0.696625	0.819044	0.753609	0.761922	0.338917	0.0509468	
0.808954	0.863632	0.771253	0.886323	0.782267	0.816256	0.345791	0.0526203	
0.808898	0.862558	0.773022	0.887603	0.780984	0.816216	0.349174	0.0541178	
0.809687	0.86361	0.773329	0.886826	0.782929	0.81736	0.349638	0.0540303	
0.777089	0.842681	0.699812	0.880535	0.76999	0.797824	0.363498	0.0633932	
0.809744	0.862422	0.774578	0.887737	0.782204	0.817852	0.352745	0.0553721	
0.732018	0.812594	0.587063	0.833124	0.779163	0.783846	0.347257	0.0569806	
0.810298	0.863306	0.775038	0.887065	0.784046	0.818627	0.353709	0.0555648	
0.810463	0.862508	0.77672	0.887824	0.783001	0.819626	0.356181	0.0568228	
0.811237	0.863062	0.77817	0.88772	0.784082	0.819938	0.356869	0.0569095	
0.805149	0.85605	0.76679	0.886818	0.780278	0.820175	0.36867	0.0629327	
0.811396	0.862036	0.7795	0.888208	0.783413	0.821567	0.361521	0.0590633	
0.264014	0.27302	0.308035	0.39004	0.478618	0.484817	0.208859	0.0567928	
0.8012	0.853287	0.762893	0.881023	0.783991	0.814805	0.360741	0.058927	
0.812333	0.862738	0.781876	0.888369	0.78501	0.822224	0.362081	0.0590286	
0.814798	0.861797	0.78663	0.888241	0.785216	0.825336	0.371696	0.0641296	
0.0248893	0.0327436	0.0651335	0.0296121	0.154815	0.134797	0.0872822	0.0592921	
0.747988	0.800626	0.733661	0.812062	0.749857	0.790224	0.368477	0.0670704	
0.815761	0.862355	0.788116	0.88918	0.78675	0.826722	0.37353	0.0645269	
0.814436	0.860555	0.779198	0.884555	0.78387	0.826964	0.374356	0.0701493	
0.817027	0.862766	0.789246	0.890176	0.786138	0.827489	0.375024	0.0665879	
0.454918	0.651768	0.472674	0.486204	0.654855	0.625342	0.297615	0.0740146	
0.814744	0.861831	0.786777	0.885745	0.788838	0.827183	0.378561	0.067457	
0.817851	0.863123	0.790535	0.889814	0.787759	0.828318	0.376918	0.0669514	
0.812538	0.851465	0.761736	0.891668	0.777578	0.820435	0.384989	0.0751614	
0.819416	0.862516	0.790935	0.891472	0.786497	0.828626	0.379711	0.0689975	
0.620171	0.698004	0.566132	0.752288	0.747257	0.678506	0.297902	0.0683698	
0.819374	0.864096	0.791307	0.888796	0.790127	0.829195	0.380387	0.0692462	
0.821874	0.862992	0.79362	0.891917	0.787298	0.830797	0.383217	0.0714996	
0.822407	0.864056	0.794742	0.891354	0.788796	0.831396	0.383989	0.0716712	
0.827458	0.862935	0.796224	0.893142	0.787372	0.836035	0.393205	0.0792204	
0.075353	0.0346628	0.0551051	0.0763092	0.194964	0.143382	0.0294612	0.0104745	
0.644822	0.761428	0.667077	0.804798	0.757886	0.721525	0.323284	0.0708456	
0.828475	0.865791	0.799837	0.891676	0.790263	0.836233	0.392802	0.0785641	
0.829355	0.865195	0.800028	0.892734	0.789549	0.83715	0.394293	0.0797102	
0.8274	0.866441	0.802448	0.890434	0.792609	0.839862	0.398673	0.0835704	
0.686524	0.796953	0.669039	0.859181	0.74617	0.777216	0.386077	0.0932973	
0.831935	0.866092	0.805059	0.893311	0.791201	0.841865	0.400775	0.0850143	
0.833142	0.867174	0.805333	0.891031	0.791004	0.84213	0.409167	0.0894128	
0.73412	0.826777	0.682929	0.833031	0.765508	0.800271	0.373321	0.0936069	
0.834701	0.867307	0.809005	0.893644	0.791785	0.845305	0.408498	0.0901296	
0.826525	0.858259	0.803896	0.882291	0.785233	0.840257	0.415191	0.0955158	
0.834401	0.867623	0.810271	0.893202	0.792222	0.846261	0.410404	0.0914947	
0.525071	0.666949	0.410267	0.693003	0.617132	0.533393	0.392064	0.116641	
0.833644	0.865873	0.807695	0.892541	0.789791	0.844494	0.412402	0.0943907	
0.835252	0.867725	0.810781	0.893966	0.791926	0.846706	0.411261	0.092547	
0.835351	0.868921	0.806656	0.891265	0.79325	0.845155	0.418277	0.0981952	
0.720179	0.811832	0.58747	0.861654	0.758737	0.761561	0.390253	0.10703	
0.838454	0.868989	0.814593	0.894005	0.792421	0.849308	0.419836	0.0997161	
0.838739	0.870814	0.808517	0.891148	0.792151	0.849599	0.422469	0.103274	
0.839047	0.870059	0.815422	0.8938	0.792599	0.849722	0.421076	0.101294	
0.658065	0.734734	0.16826	0.701443	0.672083	0.713387	0.40833	0.119987	
0.836846	0.866184	0.802241	0.894935	0.790744	0.850696	0.425052	0.104452	
0.839167	0.869214	0.816598	0.894785	0.792325	0.850547	0.422452	0.102299	
0.835116	0.868726	0.806248	0.891379	0.794869	0.847201	0.427063	0.106684	
0.840394	0.86996	0.816731	0.894219	0.793567	0.850529	0.424458	0.103844	
0.343002	0.635453	0.314734	0.668016	0.626215	0.352362	0.267488	0.111635	
0.833932	0.865959	0.812736	0.895674	0.790306	0.846862	0.426418	0.108071	
0.840939	0.869558	0.818315	0.895397	0.792928	0.851313	0.425708	0.105239	
0.835879	0.868302	0.820524	0.894777	0.792991	0.85036	0.431346	0.108478	
0.607224	0.816475	0.776573	0.874669	0.731561	0.699041	0.420724	0.122984	
0.844813	0.86981	0.821328	0.897245	0.794502	0.852667	0.433951	0.110992	
0.834263	0.867725	0.820811	0.896598	0.792627	0.846352	0.43761	0.117306	
0.844803	0.869978	0.821937	0.897663	0.794731	0.852117	0.435377	0.112919	
0.645901	0.768894	0.767701	0.833889	0.739892	0.728773	0.39874	0.106842	
0.843183	0.870283	0.822804	0.896461	0.79558	0.853075	0.435753	0.112543	
0.845281	0.869977	0.822473	0.898131	0.795165	0.85257	0.437907	0.114953	
0.845953	0.870518	0.823299	0.897773	0.795732	0.853576	0.437946	0.114729	
0.847263	0.870635	0.824845	0.898806	0.796053	0.854097	0.443793	0.120071	
0.322235	0.409279	0.45626	0.362827	0.435651	0.491627	0.313422	0.116736	
0.826049	0.862001	0.819183	0.883219	0.790223	0.8446	0.444778	0.12074	
0.847779	0.870903	0.82592	0.898013	0.797116	0.855037	0.444367	0.12023	
0.828965	0.862505	0.808477	0.89422	0.78757	0.840015	0.452582	0.132517	
0.848015	0.870872	0.826091	0.899426	0.796364	0.85467	0.446784	0.123021	
0.521496	0.722343	0.611478	0.651872	0.706124	0.676374	0.395939	0.128741	
0.847414	0.870547	0.826354	0.896813	0.798458	0.853806	0.448495	0.123886	
0.848627	0.871074	0.82838	0.900091	0.797051	0.855085	0.449366	0.125782	
0.850004	0.871507	0.828975	0.899597	0.798065	0.855381	0.450511	0.126064	
0.850079	0.871476	0.829405	0.899953	0.798009	0.855833	0.450996	0.126705	
0.850993	0.872047	0.832496	0.900119	0.799283	0.854627	0.456361	0.13241	
0.155778	0.427235	0.0598523	0.370261	0.349912	0.204807	0.0615328	0.0347303	
0.754188	0.83379	0.743735	0.864116	0.771637	0.739017	0.414936	0.135226	
0.851695	0.872092	0.833443	0.901497	0.798713	0.856803	0.457025	0.133115	
0.852052	0.8722	0.833902	0.901307	0.799134	0.856869	0.457596	0.133524	
0.852656	0.872384	0.837084	0.902522	0.79953	0.857734	0.462676	0.138956	
0.0988802	0.225181	0.157146	0.298031	0.41835	0.263251	0.0950658	0.0700086	
0.793347	0.858849	0.764801	0.881605	0.801029	0.813396	0.456586	0.14063	
0.853736	0.872573	0.837415	0.90213	0.800473	0.857919	0.463483	0.139253	
0.851294	0.871899	0.830215	0.903164	0.799118	0.856455	0.469397	0.146665	
0.779722	0.835215	0.695757	0.847067	0.794302	0.819191	0.461868	0.139422	
0.855742	0.873043	0.840106	0.902732	0.801729	0.85791	0.469855	0.145564	
0.855816	0.873229	0.840425	0.903202	0.801592	0.858045	0.470358	0.14618	
0.856713	0.873343	0.839885	0.903355	0.803303	0.858148	0.473631	0.149344	
0.190404	0.520683	0.0813203	0.491578	0.532999	0.323655	0.297548	0.13687	
0.81551	0.861544	0.740482	0.897029	0.792783	0.842219	0.473922	0.156578	
0.857103	0.873538	0.842072	0.903997	0.802739	0.85846	0.474145	0.150335	
0.857725	0.872864	0.84204	0.900891	0.804081	0.857287	0.478758	0.154138	
0.798211	0.855343	0.772914	0.826126	0.764681	0.749176	0.474702	0.16027	
0.858423	0.873913	0.844022	0.904391	0.804444	0.858982	0.479013	0.155095	
0.859145	0.873856	0.844213	0.904853	0.806284	0.85989	0.480432	0.157161	
0.330079	0.721082	0.133928	0.321163	0.583556	0.505609	0.482946	0.178747	
0.854531	0.872129	0.810473	0.891435	0.803982	0.853414	0.489527	0.161478	
0.859501	0.873905	0.845457	0.904545	0.80633	0.860179	0.482506	0.158101	
0.849541	0.871025	0.83369	0.86624	0.797142	0.848605	0.486225	0.165609	
0.859398	0.874449	0.84559	0.904591	0.806865	0.86013	0.483314	0.159294	
0.796959	0.84492	0.810294	0.792349	0.773164	0.816771	0.484485	0.162263	
0.860308	0.874076	0.846139	0.904293	0.807886	0.860495	0.484296	0.159663	
0.859513	0.874505	0.846087	0.904919	0.807676	0.860357	0.48556	0.161469	
0.860719	0.874387	0.846536	0.904641	0.808701	0.860616	0.485952	0.161377	
0.860593	0.87452	0.846991	0.904928	0.808649	0.860809	0.486466	0.162115	
0.855645	0.873248	0.837263	0.902596	0.812372	0.859056	0.491148	0.166445	
0.861079	0.87448	0.846579	0.904518	0.810086	0.860634	0.488199	0.163606	
0.527149	0.773686	0.409447	0.747209	0.72531	0.598262	0.396492	0.165624	
0.852028	0.873195	0.838089	0.904875	0.80829	0.858797	0.488516	0.166346	
0.861438	0.874612	0.847892	0.905193	0.809854	0.861003	0.488556	0.164349	
0.862846	0.874331	0.849292	0.90399	0.812599	0.860487	0.492386	0.167725	
0.144506	0.311925	0.0714826	0.205739	0.25999	0.0520139	0.0890197	0.0708472	
0.771219	0.851914	0.783654	0.865854	0.791101	0.80374	0.477726	0.175964	
0.863319	0.874857	0.849748	0.905785	0.812546	0.861149	0.493549	0.169333	
0.858486	0.875326	0.851156	0.905748	0.81347	0.860609	0.497071	0.170987	
0.814182	0.869806	0.845313	0.902423	0.808229	0.828288	0.494668	0.178034	
0.863711	0.875286	0.851385	0.906129	0.813953	0.86121	0.497582	0.172764	
0.863633	0.875457	0.851701	0.905227	0.816398	0.860713	0.498913	0.175028	
0.837152	0.872675	0.804407	0.896515	0.811202	0.851497	0.502386	0.179086	
0.864226	0.875937	0.852309	0.906332	0.815972	0.861095	0.500018	0.175724	
0.864503	0.875947	0.852659	0.906218	0.816024	0.861219	0.500434	0.175852	
0.863894	0.876422	0.851397	0.90672	0.816495	0.860636	0.50442	0.180509	
0.0205297	0.14509	0.143208	0.0330595	0.179301	0.22077	0.109162	0.0734866	
0.779995	0.831556	0.699152	0.814554	0.800203	0.810244	0.48432	0.166962	
0.865091	0.876332	0.853838	0.905932	0.817417	0.861389	0.504408	0.179462	
0.865168	0.876527	0.853943	0.906523	0.817538	0.861326	0.504765	0.180317	
0.865772	0.876301	0.854831	0.905589	0.819351	0.861366	0.507041	0.181996	
0.307616	0.467483	0.16896	0.389421	0.426182	0.225754	0.280904	0.159775	
0.834138	0.86964	0.837265	0.89283	0.809474	0.840799	0.50447	0.187775	
0.866055	0.876592	0.854822	0.90692	0.819367	0.86162	0.507395	0.182999	
0.862336	0.876089	0.856242	0.9066	0.818498	0.861746	0.512327	0.186282	
0.774719	0.868481	0.846675	0.890361	0.811966	0.83412	0.50797	0.191361	
0.867641	0.876271	0.855888	0.907939	0.819792	0.862034	0.512204	0.187225	
0.866897	0.875698	0.855882	0.906603	0.822834	0.862521	0.514669	0.190269	
0.844623	0.874433	0.845677	0.903101	0.811101	0.852202	0.518593	0.19349	
0.869676	0.876145	0.856664	0.907955	0.821823	0.862705	0.51634	0.19121	
0.866648	0.86935	0.848036	0.899758	0.818839	0.824233	0.521966	0.199133	
0.870168	0.875585	0.856861	0.907753	0.82208	0.862474	0.518219	0.192628	
0.786354	0.837548	0.746079	0.822671	0.788251	0.636201	0.460068	0.195491	
0.869222	0.875721	0.856565	0.908114	0.821786	0.862143	0.519241	0.194143	
0.870467	0.875304	0.856906	0.907393	0.822744	0.862474	0.520361	0.194178	
0.870824	0.875599	0.857524	0.908211	0.82266	0.863584	0.521195	0.19517	
0.871638	0.874714	0.857964	0.906794	0.823872	0.863552	0.526077	0.198784	
0.154428	0.287125	0.0492137	0.199416	0.233947	0.0345633	0.0637267	0.0639096	
0.73466	0.844369	0.793137	0.850029	0.795264	0.798558	0.501442	0.203049	
0.872398	0.875135	0.858285	0.908142	0.824038	0.864361	0.526553	0.199802	
0.872664	0.87513	0.858518	0.908096	0.824128	0.864517	0.527075	0.200026	
0.872872	0.874915	0.85884	0.908636	0.824856	0.865083	0.531066	0.203865	
0.243207	0.288383	0.430756	0.226245	0.241706	0.337617	0.241818	0.168342	
0.842214	0.862379	0.847381	0.873764	0.811729	0.847828	0.530359	0.204166	
0.873677	0.874889	0.859586	0.908511	0.824693	0.865623	0.531897	0.204042	
0.872685	0.874439	0.85867	0.907198	0.822499	0.86135	0.535905	0.209838	
0.873983	0.874877	0.859412	0.908621	0.824477	0.865057	0.533873	0.206627	
0.574505	0.736234	0.713098	0.55444	0.631665	0.630358	0.480018	0.199432	
0.872063	0.873008	0.858697	0.905028	0.824168	0.863777	0.535756	0.20684	
0.874484	0.874624	0.859877	0.908882	0.825129	0.866097	0.534683	0.206719	
0.874858	0.874203	0.859484	0.908386	0.825057	0.865215	0.538786	0.212701	
0.715907	0.833672	0.74308	0.816897	0.810217	0.815933	0.529219	0.206126	
0.87631	0.873957	0.860938	0.90904	0.826345	0.866486	0.539855	0.212501	
0.876528	0.87413	0.861197	0.909486	0.826045	0.866651	0.540038	0.212888	
0.876592	0.874011	0.861214	0.909309	0.826948	0.867052	0.543172	0.215532	
0.161374	0.432728	0.0668357	0.230585	0.329656	0.118142	0.140466	0.0986641	
0.780762	0.857268	0.75407	0.873742	0.802271	0.823717	0.526652	0.217296	
0.877831	0.874498	0.862307	0.910389	0.826351	0.867088	0.543118	0.216155	
0.877977	0.874388	0.862446	0.910196	0.826747	0.867178	0.543699	0.216508	
0.876757	0.87447	0.862673	0.910297	0.826237	0.866739	0.546993	0.22009	
0.812696	0.854297	0.814508	0.883934	0.820938	0.820193	0.534742	0.215969	
0.878617	0.874398	0.863652	0.910373	0.827132	0.867085	0.547798	0.220133	
0.878599	0.874891	0.863867	0.910261	0.827029	0.863894	0.549408	0.222183	
0.855532	0.863662	0.84698	0.893979	0.823668	0.806007	0.534921	0.220624	
0.879722	0.874917	0.864492	0.910556	0.827569	0.867322	0.550763	0.222498	
0.879853	0.874974	0.86458	0.910653	0.827559	0.867334	0.551098	0.222928	
0.88046	0.874663	0.86461	0.910251	0.82784	0.866144	0.554231	0.225899	
0.519892	0.574747	0.237147	0.431277	0.527714	0.279959	0.275923	0.182199	
0.871584	0.870729	0.854431	0.903035	0.822873	0.845958	0.550924	0.226494	
0.880439	0.874795	0.865102	0.910764	0.827626	0.867406	0.554763	0.22618	
0.875999	0.873618	0.862582	0.908577	0.82833	0.865286	0.558406	0.228533	
0.880837	0.874705	0.865033	0.910736	0.82817	0.867372	0.556306	0.227067	
0.660663	0.759171	0.601165	0.770889	0.780082	0.699279	0.497597	0.226061	
0.879668	0.874643	0.863774	0.910359	0.827384	0.866927	0.556757	0.228998	
0.881252	0.874998	0.865311	0.911023	0.828024	0.867703	0.556674	0.227887	
0.880568	0.872806	0.864037	0.909481	0.825403	0.866361	0.563325	0.232612	
0.812196	0.813529	0.77437	0.859587	0.810511	0.843623	0.547688	0.235085	
0.882933	0.87492	0.865911	0.911786	0.826962	0.867665	0.563093	0.233311	
0.881004	0.873211	0.860808	0.909367	0.827041	0.867944	0.564912	0.236686	
0.883028	0.875015	0.86555	0.911669	0.827293	0.868009	0.563838	0.234386	
0.818998	0.791415	0.713886	0.830896	0.799727	0.824817	0.555506	0.237243	
0.883105	0.874099	0.864962	0.911058	0.827176	0.867617	0.565016	0.234982	
0.883287	0.874968	0.866088	0.911662	0.827317	0.867975	0.564381	0.234637	
0.883954	0.874264	0.862474	0.911635	0.827051	0.868042	0.568767	0.239527	
0.832774	0.845486	0.725722	0.870355	0.822839	0.842139	0.560705	0.233434	
0.88486	0.874693	0.86537	0.912105	0.82782	0.868218	0.56952	0.239245	
0.885055	0.874868	0.865853	0.912187	0.827645	0.868273	0.569796	0.239742	
0.88556	0.87485	0.865987	0.911476	0.828057	0.867647	0.573093	0.242253	
0.333325	0.492004	0.186664	0.383673	0.531751	0.245348	0.283823	0.166873	
0.866399	0.868215	0.848333	0.900811	0.820542	0.858445	0.567773	0.245182	
0.88605	0.875051	0.866433	0.912251	0.827792	0.868338	0.573286	0.24316	
0.885778	0.873884	0.865685	0.912374	0.828043	0.867423	0.576989	0.246469	
0.841782	0.861171	0.842155	0.894937	0.818199	0.830518	0.571009	0.249369	
0.887778	0.874787	0.866884	0.912906	0.82762	0.868762	0.577666	0.247294	
0.88827	0.874196	0.865396	0.911508	0.827605	0.867816	0.580345	0.249794	
0.879663	0.870777	0.845086	0.904589	0.824802	0.854998	0.580373	0.250958	
0.889201	0.874694	0.867421	0.912871	0.82754	0.86903	0.581352	0.250325	
0.871234	0.867595	0.853693	0.907567	0.828084	0.856649	0.581493	0.251332	
0.889544	0.874724	0.867668	0.912932	0.827957	0.869105	0.581789	0.250559	
0.872467	0.866817	0.843521	0.903168	0.823209	0.849331	0.582349	0.255876	
0.889814	0.874704	0.867634	0.912937	0.827692	0.869209	0.582709	0.251465	
0.843819	0.856855	0.829632	0.894637	0.824594	0.835266	0.574913	0.252267	
0.890122	0.874871	0.867692	0.912829	0.828133	0.869064	0.583583	0.25198	
0.890371	0.874799	0.867827	0.912861	0.827932	0.869354	0.584266	0.252842	
0.890631	0.874881	0.867899	0.912837	0.828253	0.869248	0.585044	0.25315	
0.877569	0.870848	0.836981	0.905281	0.826233	0.863622	0.587738	0.258877	
0.890777	0.874869	0.867895	0.912716	0.828158	0.869462	0.585838	0.254162	
0.890691	0.874827	0.867021	0.912463	0.828622	0.869013	0.587065	0.254517	
0.891203	0.875022	0.868347	0.912655	0.828391	0.869489	0.587212	0.255159	
0.891329	0.875043	0.868507	0.912633	0.828502	0.869443	0.587636	0.255355	
0.892063	0.875173	0.869145	0.912094	0.829017	0.869825	0.591282	0.258109	
0.735591	0.824757	0.680898	0.798776	0.793595	0.805151	0.60441	0.279953	
0.891326	0.874417	0.866757	0.910545	0.829279	0.869085	0.595568	0.261023	
0.853782	0.859883	0.762096	0.884095	0.822131	0.85242	0.586351	0.261518	
0.892828	0.875072	0.869903	0.911602	0.829327	0.870114	0.595554	0.261416	
0.892267	0.87497	0.86931	0.910898	0.830273	0.870205	0.59841	0.262965	
0.883262	0.872712	0.868357	0.905507	0.82648	0.86554	0.599704	0.264865	
0.893527	0.875065	0.870386	0.911154	0.830267	0.870513	0.598997	0.263476	
0.889755	0.870118	0.867036	0.910454	0.828695	0.868081	0.604485	0.269552	
0.893642	0.874509	0.870002	0.91118	0.83015	0.870351	0.600979	0.265615	
0.523053	0.461312	0.623641	0.738817	0.694215	0.732363	0.553179	0.230702	
0.887935	0.869781	0.868743	0.908808	0.830872	0.869873	0.602452	0.264652	
0.894039	0.874866	0.870655	0.911015	0.830713	0.870766	0.601499	0.265427	
0.894511	0.874037	0.868897	0.910813	0.831854	0.871154	0.607151	0.268735	
0.200837	0.172294	0.0590792	0.330185	0.571423	0.397366	0.349624	0.187895	
0.85258	0.840882	0.718689	0.894087	0.830937	0.845473	0.601796	0.272097	
0.894983	0.874201	0.870965	0.910504	0.832312	0.871352	0.607203	0.269261	
0.895256	0.874182	0.870978	0.910645	0.832161	0.871431	0.607858	0.269581	
0.89149	0.871184	0.859999	0.906922	0.833056	0.868409	0.610732	0.272196	
0.895267	0.874007	0.87118	0.910395	0.832454	0.871433	0.608579	0.270126	
0.830959	0.828074	0.679805	0.866342	0.815901	0.82993	0.59676	0.271265	
0.895263	0.873739	0.870493	0.910776	0.831886	0.871521	0.609121	0.270696	
0.895461	0.873816	0.871355	0.910527	0.832584	0.871518	0.609623	0.270823	
0.895668	0.873887	0.871679	0.910815	0.832423	0.871698	0.6098	0.271062	
0.896147	0.87372	0.872319	0.911092	0.832635	0.871904	0.611872	0.272742	
0.763722	0.802954	0.606068	0.792735	0.802162	0.776976	0.596397	0.279495	
0.894875	0.87317	0.870663	0.91025	0.832328	0.871395	0.613646	0.274347	
0.896137	0.873712	0.872459	0.911162	0.832622	0.872016	0.612644	0.273358	
0.765926	0.811402	0.766984	0.770304	0.794347	0.778245	0.594927	0.269698	
0.895823	0.873247	0.871854	0.910321	0.832937	0.870991	0.613787	0.273864	
0.896414	0.873701	0.872621	0.911254	0.832854	0.871916	0.613164	0.273575	
0.895818	0.873701	0.8722	0.909191	0.831785	0.870907	0.615346	0.276184	
0.896494	0.873901	0.872927	0.911106	0.83264	0.871987	0.614231	0.274726	
0.678203	0.761872	0.689438	0.591019	0.6811	0.684604	0.564837	0.259263	
0.895007	0.87277	0.87124	0.907651	0.832403	0.869267	0.616991	0.275179	
0.896738	0.873855	0.873224	0.911329	0.833077	0.871971	0.615231	0.274916	
0.896342	0.873849	0.873477	0.911978	0.832319	0.8721	0.618596	0.27772	
0.198501	0.273402	0.276995	0.191245	0.24959	0.351687	0.166804	0.156829	
0.851454	0.853327	0.832786	0.87188	0.823208	0.846201	0.616091	0.271484	
0.89724	0.874412	0.874049	0.911562	0.833617	0.872154	0.619804	0.277692	
0.897251	0.874558	0.874214	0.911743	0.833585	0.87244	0.620186	0.277882	
0.897027	0.874957	0.873726	0.910971	0.835033	0.871595	0.623975	0.280027	
0.0941944	0.246199	0.0468988	0.276159	0.257675	0.0717188	0.044995	0.0500289	
0.799907	0.83053	0.676929	0.862582	0.807845	0.770485	0.586816	0.268095	
0.897239	0.875195	0.874353	0.912085	0.834249	0.873073	0.624179	0.280251	
0.897626	0.875294	0.874826	0.911919	0.834606	0.87293	0.624582	0.280536	
0.897419	0.875289	0.874419	0.912353	0.834196	0.872976	0.626907	0.282333	
0.394238	0.457559	0.390843	0.541473	0.618813	0.411278	0.292876	0.171813	
0.886986	0.870656	0.854291	0.904591	0.83447	0.854336	0.624177	0.28103	
0.897935	0.875484	0.874958	0.912216	0.834614	0.872891	0.627342	0.282428	
0.897485	0.876124	0.875067	0.912125	0.83463	0.873351	0.629318	0.284176	
0.19884	0.283852	0.396319	0.259159	0.310835	0.487299	0.43824	0.215724	
0.873032	0.864211	0.85556	0.874572	0.827271	0.862588	0.630646	0.284773	
0.898214	0.876178	0.875273	0.912302	0.834844	0.873145	0.629918	0.284414	
0.89725	0.876986	0.873747	0.911348	0.835214	0.872631	0.632005	0.286413	
0.893251	0.871843	0.856308	0.893964	0.829523	0.868221	0.633932	0.287055	
0.898132	0.876896	0.875195	0.912217	0.835172	0.872889	0.632592	0.286569	
0.894493	0.875748	0.873215	0.910887	0.834136	0.872437	0.634593	0.287611	
0.898153	0.876836	0.875256	0.912429	0.83504	0.873103	0.633224	0.28692	
0.868544	0.863493	0.834912	0.866332	0.832136	0.856592	0.636902	0.289185	
0.89835	0.876779	0.875132	0.911851	0.835454	0.872884	0.634339	0.287438	
0.898025	0.876937	0.875255	0.912374	0.835052	0.873123	0.634497	0.287996	
0.898456	0.876922	0.875361	0.912133	0.83541	0.873058	0.635326	0.288133	
0.898439	0.876972	0.875421	0.91226	0.835367	0.873096	0.635574	0.288398	
0.898636	0.877018	0.875728	0.911942	0.835432	0.87338	0.639942	0.290643	
0.712825	0.828498	0.807428	0.824758	0.724349	0.761245	0.630934	0.314964	
0.897174	0.876801	0.875487	0.911259	0.834699	0.871917	0.642476	0.293881	
0.864793	0.870728	0.858832	0.872458	0.812271	0.856439	0.64428	0.290494	
0.899168	0.876999	0.876046	0.911392	0.835841	0.873166	0.644354	0.293455	
0.8798	0.869826	0.856903	0.89292	0.827984	0.864161	0.64305	0.295266	
0.8991	0.877097	0.876201	0.91171	0.835641	0.873475	0.644725	0.293878	
0.895844	0.876183	0.873634	0.908893	0.834538	0.872855	0.649299	0.29512	
0.899355	0.876963	0.876192	0.911426	0.835599	0.873506	0.646132	0.294273	
0.768245	0.83374	0.750223	0.813198	0.790562	0.811889	0.633078	0.30126	
0.898322	0.876658	0.876097	0.911241	0.835017	0.873429	0.646649	0.295806	
0.8993	0.876928	0.876471	0.91167	0.835458	0.873637	0.646411	0.294962	
0.899454	0.876365	0.874924	0.910712	0.836353	0.872559	0.649582	0.295656	
0.85514	0.859283	0.836055	0.881879	0.822471	0.84401	0.642532	0.297834	
0.900363	0.876764	0.876726	0.9116	0.835923	0.873974	0.650472	0.297112	
0.899659	0.876449	0.87626	0.911007	0.83533	0.873217	0.652767	0.299949	
0.892656	0.873205	0.859547	0.903876	0.834127	0.86639	0.653234	0.294424	
0.900889	0.876743	0.877126	0.911415	0.835996	0.874164	0.653302	0.299133	
0.900358	0.876381	0.876177	0.910498	0.835825	0.873085	0.657247	0.301054	
0.867361	0.860951	0.823482	0.886572	0.82818	0.812491	0.640358	0.295716	
0.901301	0.876808	0.877412	0.911208	0.83644	0.874323	0.657213	0.30098	
0.901287	0.87678	0.877494	0.911238	0.836309	0.874492	0.657564	0.301459	
0.901647	0.876561	0.877261	0.910513	0.836135	0.873693	0.659781	0.303665	
0.892643	0.872238	0.865171	0.900998	0.832697	0.862522	0.659779	0.30387	
0.901647	0.876651	0.877895	0.910949	0.836091	0.874723	0.660269	0.303807	
0.898943	0.874898	0.875135	0.907926	0.837047	0.870326	0.661946	0.302875	
0.90205	0.876846	0.877744	0.910829	0.836511	0.874715	0.660988	0.303844	
0.835881	0.842861	0.817991	0.879994	0.821366	0.83144	0.653583	0.304928	
0.901471	0.876635	0.87783	0.910761	0.836144	0.874912	0.661697	0.304627	
0.90221	0.876809	0.877627	0.910691	0.836586	0.874621	0.662162	0.304645	
0.902222	0.876884	0.878027	0.910801	0.836467	0.874978	0.662457	0.304991	
0.902619	0.876995	0.877917	0.910215	0.836919	0.874878	0.664947	0.306392	
0.278802	0.332515	0.111248	0.218017	0.402574	0.216277	0.334384	0.188166	
0.874013	0.86004	0.845649	0.885481	0.828424	0.86235	0.661637	0.307839	
0.902649	0.877114	0.878309	0.910373	0.836768	0.875184	0.665204	0.306821	
0.902741	0.877151	0.878346	0.910387	0.836803	0.875153	0.665451	0.306983	
0.90249	0.877443	0.878879	0.909983	0.836695	0.875275	0.667685	0.309181	
0.393024	0.521445	0.475693	0.40786	0.581519	0.528725	0.512963	0.249734	
0.892584	0.872545	0.865805	0.899223	0.835856	0.869842	0.66821	0.308062	
0.902849	0.877578	0.878851	0.909862	0.836942	0.875419	0.66803	0.309162	
0.902217	0.877471	0.876719	0.90629	0.836555	0.875592	0.669637	0.311323	
0.902948	0.877684	0.878812	0.909817	0.836901	0.875523	0.668612	0.309898	
0.821204	0.826441	0.78085	0.703895	0.807299	0.833567	0.662425	0.30769	
0.902811	0.877634	0.878053	0.908344	0.837218	0.875303	0.669612	0.310233	
0.903159	0.877817	0.878924	0.909861	0.837117	0.87557	0.66905	0.310045	
0.90276	0.878054	0.879201	0.909736	0.835671	0.875355	0.670945	0.312782	
0.862371	0.855652	0.84521	0.871417	0.828195	0.847999	0.665765	0.309408	
0.903704	0.878429	0.879379	0.909726	0.836555	0.875748	0.67153	0.312923	
0.903809	0.878883	0.879491	0.909741	0.836197	0.876034	0.673272	0.314905	
0.627716	0.672281	0.560736	0.771217	0.73113	0.586197	0.584054	0.289671	
0.899134	0.877081	0.873674	0.905591	0.836335	0.872138	0.674462	0.31749	
0.903876	0.879112	0.879622	0.909314	0.836444	0.876013	0.673692	0.315496	
0.889564	0.870845	0.86229	0.902124	0.829889	0.857432	0.67348	0.316661	
0.903853	0.879108	0.879746	0.909702	0.836082	0.876211	0.67415	0.315778	
0.894003	0.875357	0.870073	0.901755	0.835097	0.866657	0.676402	0.31948	
0.903953	0.879241	0.879559	0.90942	0.836283	0.876124	0.674917	0.316554	
0.83274	0.845118	0.81235	0.860822	0.81578	0.84243	0.656942	0.31634	
0.903352	0.879262	0.879696	0.909654	0.835812	0.876513	0.675134	0.317252	
0.904093	0.879275	0.879383	0.909368	0.836112	0.876322	0.676257	0.317426	
0.904011	0.87947	0.879834	0.909839	0.836089	0.876596	0.676128	0.317727	
0.904258	0.879731	0.879697	0.909762	0.836154	0.876829	0.678458	0.319893	
0.403174	0.390139	0.194917	0.360197	0.448335	0.312849	0.400049	0.252323	
0.884035	0.870516	0.859916	0.879322	0.827623	0.866311	0.673401	0.322412	
0.904125	0.879859	0.879947	0.910043	0.836138	0.877053	0.678382	0.320285	
0.904271	0.87988	0.879917	0.910019	0.836178	0.877076	0.678728	0.320417	
0.903843	0.880207	0.879818	0.909366	0.8361	0.87742	0.680006	0.323088	
0.0531919	0.151916	0.26643	0.087472	0.101626	0.230736	0.2478	0.240085	
0.826426	0.838476	0.794433	0.760429	0.805596	0.828195	0.673887	0.315856	
0.904649	0.88026	0.879506	0.909688	0.836407	0.877477	0.681068	0.323004	
0.904645	0.88041	0.879969	0.91004	0.836361	0.877614	0.680964	0.323384	
0.905043	0.880497	0.879895	0.909769	0.836455	0.877683	0.682431	0.325013	
0.792489	0.808595	0.762726	0.791737	0.798469	0.79881	0.656957	0.331311	
0.90418	0.879935	0.879756	0.908997	0.836156	0.877484	0.682283	0.326469	
0.905053	0.880471	0.880116	0.90989	0.836448	0.87782	0.682454	0.325548	
0.885065	0.872715	0.843788	0.89278	0.835181	0.866186	0.684322	0.327062	
0.905271	0.880499	0.879865	0.90965	0.836712	0.877829	0.683086	0.325871	
0.905214	0.880457	0.880048	0.909799	0.836498	0.877923	0.68317	0.326525	
0.905481	0.880536	0.880154	0.909664	0.836741	0.877939	0.683549	0.326646	
0.90553	0.88054	0.880285	0.909694	0.83669	0.877991	0.683678	0.326938	
0.906083	0.880661	0.880416	0.909312	0.837111	0.878072	0.685342	0.3293	
0.561385	0.759087	0.217267	0.628426	0.664717	0.521337	0.604336	0.316495	
0.896651	0.878792	0.838565	0.906084	0.833784	0.871026	0.687172	0.331786	
0.906163	0.880645	0.880682	0.9094	0.836975	0.878174	0.685689	0.329606	
0.903883	0.879628	0.873533	0.906757	0.837141	0.877308	0.688059	0.330874	
0.906407	0.880655	0.880478	0.909271	0.837104	0.878189	0.686267	0.329901	
0.854356	0.864805	0.792087	0.885981	0.826321	0.857302	0.679966	0.334426	
0.906039	0.8808	0.880568	0.909417	0.836728	0.878216	0.686368	0.330709	
0.9066	0.880829	0.88056	0.909183	0.837034	0.878212	0.687023	0.330705	
0.906576	0.880948	0.880752	0.909356	0.836932	0.878295	0.687037	0.33102	
0.906918	0.881394	0.88024	0.908633	0.836922	0.878341	0.688982	0.333008	
0.297426	0.273407	0.103905	0.319348	0.367947	0.178557	0.32669	0.228999	
0.865723	0.861449	0.831184	0.874041	0.825087	0.856396	0.679771	0.334706	
0.906975	0.881635	0.880823	0.909274	0.836661	0.878445	0.68874	0.333442	
0.907113	0.881681	0.880789	0.90918	0.83676	0.878487	0.689001	0.333536	
0.907106	0.882172	0.880935	0.908967	0.836687	0.878447	0.689951	0.335355	
0.414016	0.582083	0.546393	0.479925	0.646352	0.634297	0.588669	0.274279	
0.899013	0.878122	0.865871	0.900776	0.835749	0.873748	0.691094	0.334228	
0.907527	0.882195	0.881009	0.909048	0.836835	0.878511	0.690278	0.335305	
0.907333	0.882189	0.880737	0.908955	0.836314	0.878653	0.691345	0.336973	
0.882558	0.874731	0.85979	0.896823	0.835612	0.860238	0.688402	0.335465	
0.908215	0.882486	0.881342	0.908913	0.836756	0.878687	0.691829	0.337182	
0.908408	0.882627	0.881416	0.90898	0.837002	0.878882	0.692696	0.338696	
0.750589	0.811471	0.796658	0.692862	0.780467	0.766708	0.67778	0.343491	
0.90746	0.882003	0.880923	0.906955	0.836223	0.877567	0.694791	0.340426	
0.908736	0.882574	0.88148	0.908892	0.836862	0.878757	0.693505	0.339322	
0.876228	0.868869	0.8529	0.884255	0.828942	0.853599	0.687066	0.342512	
0.90865	0.882628	0.881552	0.909106	0.836811	0.878821	0.693526	0.33997	
0.908555	0.88245	0.880861	0.908575	0.837137	0.878536	0.694521	0.340167	
0.908937	0.882687	0.8816	0.909036	0.836994	0.878858	0.694005	0.340091	
0.90752	0.882188	0.880422	0.909138	0.836469	0.878818	0.695057	0.342265	
0.908753	0.88262	0.881545	0.909186	0.836793	0.878966	0.694446	0.341019	
0.906309	0.881443	0.877525	0.907762	0.837486	0.877659	0.695553	0.341046	
0.909193	0.882704	0.88176	0.909095	0.837034	0.878901	0.694816	0.341081	
0.90906	0.882661	0.881475	0.909179	0.836871	0.878777	0.695879	0.343043	
0.860011	0.865746	0.816393	0.895253	0.835936	0.863195	0.69384	0.339811	
0.909621	0.882737	0.881933	0.909154	0.837247	0.878883	0.696311	0.34303	
0.909684	0.88274	0.882053	0.909185	0.837202	0.878912	0.696373	0.343207	
0.910061	0.88259	0.882166	0.909047	0.837414	0.878871	0.697525	0.344551	
0.707249	0.739485	0.511567	0.784785	0.781386	0.675515	0.644735	0.336735	
0.906485	0.881692	0.877726	0.908031	0.836333	0.877243	0.697395	0.346392	
0.910103	0.882647	0.882234	0.90916	0.837307	0.878956	0.697597	0.344922	
0.903316	0.881056	0.868668	0.907623	0.837982	0.8779	0.699194	0.345637	
0.910204	0.882658	0.882243	0.909096	0.837457	0.878951	0.697881	0.345049	
0.896425	0.877675	0.863679	0.904613	0.835102	0.874446	0.696498	0.348622	
0.910232	0.882696	0.882381	0.909129	0.837362	0.87899	0.697947	0.345515	
0.904844	0.880144	0.877411	0.906728	0.837703	0.875964	0.699807	0.34595	
0.910395	0.882652	0.882393	0.90905	0.837566	0.878896	0.698499	0.345695	
0.887841	0.871231	0.868349	0.897513	0.832788	0.865194	0.692419	0.34845	
0.910395	0.882793	0.88258	0.909072	0.837439	0.879069	0.698572	0.346237	
0.910648	0.882689	0.882586	0.909047	0.837644	0.878943	0.699133	0.346421	
0.899779	0.877461	0.87719	0.90212	0.834703	0.871766	0.696612	0.34895	
0.910605	0.882874	0.882748	0.909049	0.837529	0.879143	0.699286	0.346888	
0.879662	0.863623	0.863038	0.876382	0.831112	0.857755	0.697808	0.346127	
0.910833	0.882736	0.882601	0.908964	0.837707	0.878972	0.700023	0.347126	
0.910739	0.883011	0.88289	0.909	0.837539	0.879175	0.699966	0.347647	
0.910993	0.882974	0.882858	0.909089	0.83768	0.879174	0.700364	0.347722	
0.910301	0.883228	0.8828	0.908328	0.837229	0.878723	0.701607	0.350145	
0.870864	0.860861	0.852277	0.856675	0.823418	0.845914	0.696204	0.344239	
0.911422	0.883478	0.883165	0.909063	0.837796	0.879338	0.702413	0.34993	
0.911595	0.883698	0.883322	0.908902	0.83791	0.879229	0.70394	0.351626	
0.651	0.821591	0.598706	0.571097	0.684875	0.510586	0.581369	0.343732	
0.90909	0.882884	0.880052	0.905118	0.836144	0.873848	0.704152	0.352055	
0.911822	0.883671	0.883388	0.909011	0.837983	0.879375	0.704167	0.35172	
0.907678	0.882524	0.880076	0.903316	0.835185	0.873225	0.704032	0.355165	
0.911754	0.883741	0.883535	0.909006	0.837962	0.879405	0.704303	0.352293	
0.878722	0.8662	0.855806	0.869592	0.832149	0.866365	0.705739	0.351555	
0.911898	0.883671	0.883388	0.908731	0.838165	0.879495	0.704988	0.352395	
0.911864	0.883831	0.883573	0.908994	0.83797	0.879518	0.704791	0.353018	
0.912078	0.883842	0.883702	0.908915	0.838165	0.879577	0.705176	0.352975	
0.9115	0.883767	0.882809	0.908406	0.837732	0.87936	0.706116	0.355399	
0.878819	0.867404	0.845279	0.89206	0.837477	0.871974	0.704888	0.349923	
0.912597	0.884082	0.884135	0.908613	0.838317	0.879687	0.706708	0.355004	
0.913015	0.884287	0.884241	0.908264	0.838346	0.879825	0.707812	0.356493	
0.575804	0.795565	0.543127	0.72565	0.738652	0.615704	0.630374	0.331062	
0.908756	0.883483	0.878113	0.906033	0.838727	0.876514	0.708471	0.357295	
0.913091	0.884293	0.884434	0.908212	0.838612	0.879862	0.708086	0.356696	
0.907754	0.882881	0.876983	0.904985	0.837276	0.877965	0.70901	0.36032	
0.913077	0.884389	0.884467	0.908199	0.838477	0.87977	0.70835	0.357358	
0.862438	0.849474	0.840503	0.86437	0.832248	0.864971	0.705863	0.354799	
0.913082	0.884213	0.884273	0.9079	0.838735	0.879753	0.708902	0.357442	
0.913178	0.884511	0.884605	0.907996	0.838662	0.879712	0.708889	0.357944	
0.913293	0.884526	0.884616	0.908082	0.838721	0.879761	0.709075	0.357983	
0.91351	0.884832	0.884673	0.907913	0.838795	0.879734	0.710204	0.359515	
0.711405	0.740209	0.717067	0.717114	0.808234	0.805684	0.685118	0.352871	
0.911932	0.883548	0.882136	0.905887	0.839135	0.878892	0.711435	0.360397	
0.913595	0.884847	0.884653	0.907817	0.838933	0.879702	0.71056	0.359739	
0.894221	0.867378	0.867318	0.889406	0.833326	0.872731	0.70678	0.363433	
0.913554	0.884935	0.884725	0.907786	0.838904	0.879736	0.71057	0.360248	
0.913718	0.884965	0.884659	0.907758	0.839	0.879735	0.710969	0.360361	
0.913758	0.885071	0.884777	0.90781	0.838995	0.879744	0.710971	0.36066	
0.913218	0.884829	0.883742	0.906161	0.839068	0.879453	0.712475	0.362306	
0.913869	0.885135	0.884618	0.907528	0.839104	0.879737	0.711633	0.361355	
0.645452	0.657968	0.508763	0.664971	0.736844	0.708328	0.640115	0.356742	
0.910459	0.883375	0.882203	0.904676	0.837881	0.878324	0.710582	0.362869	
0.913983	0.885277	0.884826	0.90779	0.83906	0.879745	0.711551	0.361678	
0.914203	0.885528	0.884871	0.907797	0.839205	0.879628	0.712376	0.363152	
0.876903	0.88207	0.862768	0.897278	0.832233	0.834223	0.709789	0.370747	
0.914122	0.885557	0.88483	0.907909	0.839008	0.879501	0.712999	0.364153	
0.911739	0.885384	0.882639	0.906499	0.839494	0.873646	0.712489	0.364759	
0.914425	0.885635	0.884983	0.907882	0.839295	0.87962	0.713287	0.364391	
0.914424	0.885689	0.884432	0.90769	0.83913	0.879156	0.714399	0.366592	
0.874396	0.851824	0.843775	0.883609	0.834162	0.835429	0.697358	0.358671	
0.914857	0.886038	0.885186	0.907783	0.83949	0.879654	0.714954	0.366592	
0.914911	0.886096	0.885212	0.907816	0.839463	0.879648	0.715028	0.366854	
0.914992	0.886136	0.885162	0.9076	0.83959	0.879459	0.716194	0.368272	
0.240089	0.29107	0.0557168	0.267406	0.442983	0.265154	0.291098	0.220602	
0.888403	0.862113	0.840175	0.880411	0.831943	0.865976	0.708212	0.368991	
0.915181	0.886503	0.885304	0.90779	0.839421	0.879651	0.716151	0.368653	
0.915306	0.886508	0.885349	0.907793	0.839543	0.879687	0.716327	0.368662	
0.915455	0.886785	0.885178	0.907422	0.83942	0.879734	0.71702	0.370066	
0.299844	0.387093	0.451078	0.228551	0.463491	0.527848	0.498134	0.281402	
0.897443	0.875613	0.860011	0.876338	0.835516	0.872723	0.71688	0.368053	
0.915548	0.886858	0.885389	0.907672	0.839556	0.879784	0.717385	0.370012	
0.915638	0.886913	0.885438	0.907699	0.839484	0.879763	0.717457	0.370203	
0.915704	0.887038	0.885362	0.907551	0.839239	0.879569	0.71853	0.371308	
0.586846	0.612035	0.388701	0.588657	0.716115	0.68796	0.608658	0.352816	
0.910668	0.884742	0.880351	0.901653	0.837149	0.878049	0.716957	0.372598	
0.915719	0.887228	0.885561	0.907848	0.83914	0.879608	0.718443	0.37154	
0.914906	0.887232	0.885028	0.907346	0.839425	0.878732	0.719076	0.372035	
0.915948	0.8873	0.88547	0.907781	0.839298	0.879581	0.718705	0.371714	
0.863317	0.87467	0.836013	0.86423	0.822783	0.84839	0.71131	0.376601	
0.915611	0.887491	0.88538	0.907637	0.838857	0.879595	0.718721	0.372479	
0.915951	0.887426	0.885553	0.90785	0.839142	0.879674	0.718732	0.372066	
0.916061	0.887306	0.885371	0.907392	0.839388	0.879473	0.719806	0.373205	
0.894609	0.874482	0.852562	0.873656	0.831047	0.868684	0.714985	0.375862	
0.916204	0.887663	0.885578	0.907772	0.83918	0.879648	0.719811	0.373676	
0.916234	0.88766	0.885604	0.907767	0.83921	0.879636	0.719911	0.373754	
0.916353	0.887746	0.885663	0.907647	0.839101	0.879591	0.720779	0.375063	
0.716824	0.787787	0.760917	0.61467	0.766476	0.78577	0.686896	0.358925	
0.914772	0.886555	0.883809	0.903864	0.838916	0.878585	0.721433	0.375142	
0.916511	0.887715	0.88566	0.907681	0.839195	0.879605	0.720957	0.375104	
0.915296	0.887388	0.882231	0.905639	0.838179	0.879064	0.721361	0.377997	
0.916569	0.887817	0.885575	0.907617	0.839046	0.879664	0.721148	0.375881	
0.793879	0.814959	0.787442	0.828293	0.817294	0.819112	0.698893	0.359952	
0.916032	0.887364	0.884924	0.907	0.8394	0.878982	0.722052	0.375852	
0.91673	0.887843	0.885743	0.907596	0.839228	0.879599	0.721533	0.375916	
0.917057	0.88796	0.885373	0.907345	0.838982	0.879539	0.72222	0.377385	
0.908609	0.8816	0.868002	0.895388	0.8355	0.856568	0.717389	0.376341	
0.917183	0.887919	0.88593	0.907503	0.839264	0.87967	0.722668	0.377624	
0.916955	0.887426	0.885618	0.907407	0.838948	0.879802	0.72289	0.378149	
0.917306	0.887833	0.88598	0.907728	0.839183	0.879853	0.7228	0.377838	
0.856065	0.86005	0.850288	0.877721	0.831127	0.846943	0.715033	0.375962	
0.917138	0.887711	0.88569	0.907338	0.839503	0.87956	0.723393	0.37825	
0.917412	0.887919	0.885938	0.90772	0.839116	0.879974	0.723096	0.378544	
0.917565	0.887937	0.886068	0.907656	0.839312	0.879946	0.723429	0.378664	
0.917829	0.888059	0.885927	0.907682	0.83914	0.8802	0.723938	0.380069	
0.256038	0.301649	0.389481	0.432959	0.515372	0.442665	0.318899	0.224524	
0.895349	0.875622	0.862227	0.895071	0.836085	0.863662	0.71979	0.376635	
0.91799	0.888047	0.886194	0.907592	0.839391	0.880204	0.724382	0.38014	
0.918034	0.888105	0.886213	0.907627	0.839342	0.880267	0.724393	0.380334	
0.918222	0.888251	0.886279	0.907367	0.839472	0.88022	0.725281	0.381988	
0.62018	0.66666	0.445174	0.699779	0.73964	0.63344	0.587446	0.331859	
0.913956	0.885891	0.882677	0.905637	0.838079	0.878215	0.723499	0.382734	
0.918299	0.888313	0.886394	0.907553	0.83939	0.880391	0.725233	0.382211	
0.916816	0.887383	0.885558	0.906518	0.839771	0.878789	0.727154	0.383408	
0.918415	0.888275	0.886306	0.907434	0.83965	0.88019	0.725935	0.382627	
0.696252	0.726116	0.64581	0.765376	0.745663	0.660864	0.667942	0.373713	
0.915851	0.887339	0.884989	0.90586	0.838262	0.878636	0.725132	0.384432	
0.91854	0.888443	0.886448	0.907411	0.839541	0.880359	0.725883	0.383062	
0.918609	0.888468	0.886403	0.906972	0.839436	0.88043	0.726414	0.384421	
0.916024	0.888335	0.878394	0.886413	0.835572	0.871	0.726651	0.385553	
0.918618	0.888586	0.886618	0.907263	0.839536	0.880491	0.72662	0.384618	
0.917353	0.887806	0.88564	0.90643	0.839727	0.879937	0.727525	0.384825	
0.918696	0.888591	0.886604	0.9072	0.839665	0.880495	0.726921	0.384705	
0.905352	0.881891	0.858752	0.882953	0.834052	0.869688	0.7235	0.389017	
0.918609	0.888696	0.886533	0.90697	0.83958	0.880581	0.727016	0.385369	
0.918749	0.888645	0.886663	0.907067	0.839661	0.880536	0.727283	0.385281	
0.918742	0.888729	0.886724	0.907072	0.839633	0.880633	0.72733	0.385661	
0.918454	0.888607	0.886158	0.906268	0.839693	0.880184	0.728471	0.386887	
0.911926	0.886493	0.863946	0.894761	0.837242	0.874948	0.725007	0.388088	
0.918795	0.888974	0.886871	0.906788	0.839777	0.880826	0.728483	0.387375	
0.918388	0.889139	0.88661	0.906213	0.839372	0.880821	0.728906	0.389119	
0.910779	0.884571	0.876238	0.89287	0.836975	0.872552	0.728226	0.386848	
0.918922	0.88927	0.887037	0.906617	0.839655	0.880987	0.729335	0.38899	
0.918787	0.889237	0.886355	0.906548	0.839977	0.880647	0.730377	0.390323	
0.917849	0.887878	0.883192	0.904662	0.838443	0.879498	0.729875	0.391451	
0.919016	0.889576	0.887224	0.906436	0.839832	0.88107	0.730364	0.390676	
0.917312	0.889401	0.884717	0.896386	0.836952	0.87817	0.731026	0.393703	
0.919129	0.889639	0.887137	0.90651	0.839733	0.881031	0.730593	0.391167	
0.876546	0.874572	0.854376	0.833225	0.804737	0.81337	0.721369	0.396947	
0.918849	0.889681	0.887192	0.906137	0.839463	0.880612	0.730672	0.391958	
0.919135	0.889695	0.887248	0.906573	0.839709	0.881039	0.730657	0.391494	
0.917114	0.88858	0.883145	0.905276	0.839891	0.880283	0.732034	0.392214	
0.919231	0.889722	0.887165	0.906536	0.839822	0.881056	0.731023	0.391677	
0.868669	0.868119	0.801707	0.889705	0.828879	0.865464	0.720981	0.395155	
0.919111	0.889751	0.886979	0.906639	0.839388	0.881055	0.730838	0.392517	
0.919332	0.889802	0.887192	0.906519	0.83978	0.880978	0.731392	0.392394	
0.919478	0.8899	0.887347	0.906617	0.839634	0.8811	0.731318	0.392651	
0.919762	0.890091	0.887305	0.906586	0.839552	0.881159	0.732102	0.393949	
0.59971	0.693074	0.430886	0.776914	0.772578	0.776377	0.67389	0.384563	
0.915506	0.888518	0.881325	0.905446	0.837749	0.880297	0.731232	0.395835	
0.919864	0.890199	0.88741	0.906667	0.839378	0.881181	0.732055	0.394249	
0.919035	0.889744	0.886297	0.906091	0.839544	0.879809	0.733189	0.395615	
0.919864	0.890174	0.887346	0.906596	0.839513	0.881013	0.732546	0.394752	
0.774325	0.808839	0.642265	0.834883	0.797535	0.752186	0.679191	0.38207	
0.919048	0.889991	0.885902	0.906374	0.838655	0.880494	0.73202	0.395545	
0.920014	0.890307	0.887434	0.906711	0.839363	0.881185	0.732527	0.395004	
0.920073	0.89029	0.88735	0.906861	0.839427	0.881204	0.733173	0.395934	
0.559713	0.577535	0.286377	0.470731	0.558191	0.5061	0.59893	0.371271	
0.912438	0.886272	0.876951	0.894573	0.834945	0.875857	0.731393	0.397972	
0.920094	0.890391	0.887507	0.907009	0.839396	0.881208	0.733196	0.396192	
0.919965	0.890261	0.887406	0.90703	0.839689	0.881263	0.733753	0.396611	
0.912397	0.887951	0.87765	0.905109	0.836901	0.878674	0.731541	0.39858	
0.92019	0.890425	0.887518	0.907087	0.839531	0.881397	0.733667	0.396994	
0.919838	0.890065	0.886898	0.905693	0.839671	0.88133	0.734146	0.397736	
0.920216	0.890367	0.887514	0.907025	0.839609	0.881455	0.733836	0.397222	
0.907019	0.885163	0.870297	0.890234	0.833618	0.87359	0.731642	0.400993	
0.920118	0.890512	0.887501	0.907076	0.839395	0.881463	0.73393	0.397745	
0.920181	0.890354	0.887493	0.907041	0.839699	0.881403	0.73421	0.397721	
0.920229	0.890537	0.887542	0.907138	0.839526	0.881563	0.734188	0.398015	
0.920243	0.890524	0.887569	0.907124	0.839582	0.881562	0.734294	0.398116	
0.920307	0.890653	0.887571	0.907184	0.839628	0.881721	0.735041	0.399405	
0.815092	0.800716	0.729321	0.776291	0.785658	0.823754	0.714606	0.413371	
0.919074	0.890321	0.886517	0.905739	0.838707	0.881247	0.735221	0.401443	
0.920244	0.890795	0.887625	0.907199	0.839497	0.881719	0.735141	0.399965	
0.860395	0.856126	0.849696	0.874455	0.830672	0.868914	0.732596	0.39617	
0.92012	0.890536	0.887324	0.907033	0.839821	0.881718	0.735595	0.399959	
0.920354	0.89077	0.887607	0.907208	0.839671	0.881756	0.735359	0.399973	
0.91943	0.89081	0.886904	0.906997	0.839292	0.880945	0.735345	0.401427	
0.920341	0.890923	0.887554	0.907291	0.839613	0.881791	0.735477	0.400505	
0.719585	0.793997	0.778556	0.810403	0.80408	0.720391	0.644604	0.374458	
0.918651	0.890188	0.88641	0.90617	0.839798	0.879525	0.735723	0.401068	
0.92043	0.890947	0.887618	0.907238	0.839733	0.881803	0.735736	0.400703	
0.920487	0.891057	0.887484	0.907344	0.840021	0.881682	0.736497	0.401337	
0.844119	0.795412	0.822422	0.841408	0.809634	0.736561	0.700639	0.406081	
0.920094	0.8902	0.887524	0.906713	0.839816	0.880075	0.736413	0.402315	
0.920566	0.891062	0.887661	0.90734	0.840035	0.881658	0.736555	0.40161	
0.919946	0.890816	0.886766	0.906018	0.840497	0.880441	0.737465	0.40302	
0.920557	0.891118	0.887571	0.907303	0.840272	0.881633	0.736984	0.402128	
0.773984	0.830351	0.637076	0.638803	0.778605	0.718584	0.688552	0.412257	
0.918958	0.891131	0.885769	0.904336	0.839361	0.879882	0.73691	0.403591	
0.920638	0.891258	0.887772	0.907479	0.840182	0.881577	0.737081	0.402461	
0.919099	0.890732	0.886469	0.906458	0.840339	0.880678	0.738492	0.403628	
0.920674	0.891187	0.887768	0.907326	0.840308	0.881514	0.737576	0.402843	
0.790313	0.857045	0.709418	0.827061	0.813428	0.829562	0.711025	0.395737	
0.919925	0.891088	0.886943	0.906875	0.839906	0.881423	0.737225	0.403662	
0.920823	0.891237	0.887872	0.907417	0.840244	0.881605	0.73753	0.40312	
0.920729	0.891233	0.887861	0.907	0.840484	0.881576	0.738339	0.404046	
0.911144	0.880069	0.878853	0.884662	0.83511	0.875603	0.73578	0.406411	
0.92096	0.891399	0.887896	0.907383	0.840451	0.881725	0.738277	0.404421	
0.920348	0.891348	0.887122	0.90714	0.841109	0.881721	0.738938	0.405039	
0.912395	0.890893	0.873431	0.903394	0.838248	0.880768	0.737913	0.407364	
0.921021	0.891438	0.887931	0.907357	0.840739	0.881798	0.738897	0.405557	
0.919374	0.890639	0.887679	0.906587	0.840928	0.881451	0.739741	0.406154	
0.920989	0.891438	0.887952	0.907363	0.840875	0.881772	0.739187	0.405744	
0.893681	0.877447	0.872535	0.89303	0.832844	0.878405	0.733944	0.410186	
0.920999	0.89144	0.887962	0.907378	0.840607	0.881851	0.739011	0.406487	
0.921019	0.891447	0.887977	0.907345	0.840972	0.881724	0.73952	0.406206	
0.921162	0.891546	0.888084	0.907447	0.840802	0.881821	0.739391	0.406618	
0.920528	0.891237	0.887654	0.907	0.841181	0.881534	0.740475	0.407447	
0.905754	0.884319	0.865559	0.90061	0.836051	0.877055	0.735158	0.408392	
0.921331	0.891686	0.888222	0.907499	0.840983	0.88185	0.740303	0.408041	
0.92132	0.891421	0.888138	0.907178	0.840699	0.881848	0.740674	0.40953	
0.909662	0.883724	0.878692	0.900143	0.840159	0.878914	0.741601	0.406925	
0.921604	0.891765	0.888314	0.907428	0.841079	0.881832	0.741121	0.409313	
0.920392	0.891577	0.884547	0.907411	0.840787	0.88177	0.741585	0.410608	
0.921654	0.891869	0.888159	0.907524	0.841053	0.881946	0.741276	0.409681	
0.88835	0.885417	0.835114	0.897479	0.840335	0.870046	0.739002	0.407545	
0.921517	0.891758	0.88808	0.907344	0.841309	0.881847	0.741607	0.409835	
0.921697	0.891909	0.888023	0.90751	0.840941	0.88199	0.741486	0.410336	
0.921815	0.891905	0.888315	0.907519	0.841156	0.881981	0.741691	0.410272	
0.922031	0.892107	0.888077	0.907585	0.840953	0.882062	0.742249	0.411538	
0.310775	0.435163	0.460383	0.493023	0.605272	0.676235	0.584178	0.329715	
0.905583	0.883877	0.869878	0.899983	0.840753	0.878758	0.742535	0.40963	
0.922098	0.892078	0.888247	0.907539	0.841206	0.882053	0.742493	0.411457	
0.922148	0.892142	0.888267	0.907581	0.841131	0.882058	0.742501	0.411614	
0.922261	0.892343	0.888127	0.907548	0.841362	0.882013	0.743179	0.412417	
0.523429	0.619957	0.353369	0.660998	0.727676	0.684364	0.634942	0.38614	
0.915119	0.889319	0.882375	0.904225	0.839359	0.880009	0.741236	0.413937	
0.922369	0.892489	0.888328	0.907629	0.841259	0.882008	0.743073	0.412654	
0.922455	0.892504	0.888157	0.90696	0.841257	0.881809	0.743726	0.413753	
0.915326	0.888166	0.883773	0.891174	0.838482	0.876736	0.740776	0.41479	
0.922604	0.892768	0.888242	0.907722	0.841363	0.881965	0.743613	0.414012	
0.922538	0.892745	0.887923	0.907458	0.841978	0.882028	0.744119	0.414341	
0.921629	0.892718	0.885642	0.907787	0.840883	0.881464	0.743894	0.416315	
0.922736	0.892923	0.88849	0.907689	0.84166	0.88195	0.74411	0.415016	
0.916478	0.887324	0.882621	0.893558	0.839547	0.877601	0.744759	0.415145	
0.922775	0.892896	0.888459	0.907661	0.841722	0.881997	0.744335	0.41509	
0.922775	0.892996	0.888457	0.907673	0.841675	0.881948	0.744277	0.415463	
0.922836	0.892971	0.888494	0.907727	0.841761	0.882005	0.744428	0.415436	
0.92214	0.892834	0.887679	0.905985	0.841328	0.881545	0.744559	0.417106	
0.922837	0.893089	0.888456	0.907687	0.841708	0.881986	0.744507	0.415896	
0.848474	0.82942	0.834585	0.782875	0.820444	0.851597	0.732764	0.409483	
0.922443	0.892538	0.888169	0.906925	0.841952	0.881859	0.744816	0.415803	
0.922896	0.893075	0.88853	0.907759	0.841833	0.882027	0.744631	0.415882	
0.923015	0.893252	0.88861	0.907846	0.841915	0.882126	0.745073	0.416834	
0.854633	0.804999	0.842891	0.811677	0.817068	0.836423	0.725381	0.416356	
0.922389	0.892601	0.888084	0.907007	0.842134	0.881577	0.745539	0.417576	
0.92299	0.893261	0.88858	0.907807	0.842034	0.882082	0.745256	0.417055	
0.904303	0.878817	0.871146	0.893382	0.835283	0.87428	0.739966	0.418173	
0.922989	0.893339	0.88865	0.907877	0.841839	0.882135	0.745131	0.417333	
0.923014	0.893346	0.888611	0.90783	0.842086	0.882104	0.745404	0.417429	
0.923078	0.893423	0.888697	0.90791	0.842013	0.882145	0.745358	0.417546	
0.923168	0.893693	0.888813	0.907992	0.842119	0.88215	0.745794	0.418622	
0.838806	0.809816	0.756031	0.81535	0.810791	0.828948	0.719294	0.42238	
0.922503	0.893283	0.888066	0.907193	0.841501	0.881869	0.745614	0.419937	
0.9232	0.893775	0.88885	0.908026	0.842011	0.882192	0.745803	0.418993	
0.880496	0.8676	0.842309	0.855457	0.835018	0.867129	0.74195	0.415867	
0.922964	0.893652	0.888578	0.907758	0.842227	0.882129	0.746172	0.419004	
0.92322	0.893796	0.888892	0.908049	0.842117	0.882209	0.745964	0.419006	
0.923103	0.893853	0.88889	0.907938	0.841859	0.882214	0.746043	0.420269	
0.910921	0.888574	0.872417	0.892288	0.840001	0.877675	0.746172	0.41824	
0.923315	0.893947	0.889213	0.908223	0.842127	0.882379	0.746403	0.420129	
0.923259	0.893941	0.889282	0.908192	0.842289	0.882566	0.746727	0.420781	
0.597268	0.62927	0.327808	0.53801	0.627985	0.600833	0.645605	0.406858	
0.918156	0.890889	0.880799	0.898651	0.838798	0.879449	0.74441	0.42218	
0.923361	0.89402	0.889454	0.908377	0.842218	0.882599	0.746603	0.420956	
0.923358	0.89421	0.88963	0.908392	0.842327	0.882548	0.746945	0.421836	
0.885199	0.866945	0.788542	0.873858	0.822959	0.720341	0.697896	0.413757	
0.923141	0.894261	0.888911	0.908362	0.842153	0.88166	0.746643	0.422131	
0.923379	0.894288	0.889614	0.908465	0.842319	0.88273	0.746998	0.421944	
0.919999	0.893064	0.8865	0.90681	0.84223	0.875044	0.745555	0.423379	
0.923341	0.894323	0.889673	0.908443	0.842477	0.882597	0.747188	0.422237	
0.905865	0.885621	0.862481	0.899101	0.837397	0.869637	0.742587	0.425271	
0.923271	0.894398	0.889622	0.908483	0.842322	0.882705	0.747209	0.422744	
0.923211	0.894385	0.889465	0.908245	0.842614	0.882705	0.747561	0.422502	
0.923365	0.894461	0.889765	0.908495	0.842471	0.882738	0.747384	0.422645	
0.923171	0.894676	0.889728	0.908189	0.842447	0.882345	0.747513	0.423927	
0.912555	0.890411	0.872803	0.882783	0.839827	0.874891	0.746973	0.421719	
0.9233	0.894724	0.890004	0.908562	0.842687	0.882713	0.747898	0.423732	
0.922817	0.894612	0.889297	0.908421	0.842361	0.882476	0.748169	0.424795	
0.923303	0.894805	0.890028	0.908575	0.842626	0.882774	0.748032	0.42414	
0.899699	0.882916	0.819675	0.899976	0.841689	0.878353	0.74966	0.424119	
0.9232	0.894789	0.889679	0.908546	0.842832	0.88277	0.748339	0.424215	
0.923173	0.894868	0.889772	0.908381	0.84255	0.882684	0.747901	0.424782	
0.923342	0.894888	0.890205	0.908673	0.842737	0.882763	0.74817	0.424463	
0.923336	0.895059	0.890209	0.907652	0.842675	0.882759	0.74851	0.425178	
0.922122	0.893763	0.889569	0.901155	0.84169	0.881797	0.747591	0.425731	
0.923429	0.895101	0.8903	0.908681	0.842751	0.882826	0.748379	0.42532	
0.921649	0.894358	0.884415	0.908214	0.84315	0.882565	0.749251	0.425431	
0.923426	0.895096	0.890415	0.908684	0.842854	0.882836	0.748554	0.42535	
0.921311	0.893901	0.886214	0.898457	0.841639	0.880846	0.747386	0.426952	
0.923452	0.895125	0.890489	0.90874	0.842854	0.882811	0.748481	0.425525	
0.921618	0.892901	0.88767	0.900076	0.842145	0.882129	0.749515	0.425932	
0.923475	0.895139	0.890492	0.90872	0.842889	0.882817	0.748635	0.425586	
0.922914	0.895045	0.890008	0.906734	0.842626	0.88222	0.748314	0.426995	
0.923488	0.895216	0.890573	0.908736	0.842906	0.882775	0.748584	0.425946	
0.908372	0.880199	0.875086	0.885524	0.83733	0.876804	0.749111	0.425567	
0.923499	0.895163	0.890496	0.908661	0.843013	0.882793	0.748945	0.426067	
0.923537	0.895309	0.890664	0.908754	0.84295	0.882811	0.748752	0.42642	
0.923594	0.895322	0.890676	0.908749	0.843025	0.882819	0.748934	0.426477	
0.923337	0.895395	0.890577	0.908495	0.842945	0.882735	0.749147	0.42816	
0.894464	0.872103	0.865094	0.894937	0.837515	0.875066	0.747687	0.424398	
0.923735	0.895622	0.890946	0.908662	0.843198	0.882799	0.749525	0.428082	
0.923842	0.895786	0.891213	0.908556	0.843289	0.882803	0.749912	0.429272	
0.777155	0.883199	0.855814	0.878051	0.824674	0.805959	0.719299	0.425513	
0.922454	0.895898	0.890928	0.908188	0.843489	0.88179	0.750557	0.430298	
0.923767	0.89586	0.891221	0.908501	0.843409	0.882686	0.750231	0.429666	
0.861875	0.878902	0.813376	0.898159	0.833057	0.859457	0.738154	0.4295	
0.923635	0.895854	0.890811	0.908413	0.84326	0.882719	0.750058	0.430259	
0.923905	0.895908	0.891246	0.908495	0.843375	0.882763	0.750192	0.429914	
0.921542	0.892372	0.885882	0.903237	0.843406	0.881919	0.750988	0.430198	
0.923924	0.89589	0.891282	0.908482	0.843479	0.882769	0.750331	0.429967	
0.920542	0.89207	0.88736	0.903697	0.84174	0.881387	0.749363	0.432408	
0.923941	0.895945	0.891303	0.908508	0.843416	0.882787	0.750305	0.430284	
0.921656	0.893425	0.887275	0.904013	0.843476	0.88209	0.751681	0.430743	
0.923939	0.895908	0.891294	0.9085	0.843566	0.882783	0.750566	0.430375	
0.918454	0.889631	0.88431	0.902462	0.840435	0.880862	0.748506	0.433234	
0.923976	0.896008	0.891358	0.908534	0.84346	0.882845	0.750477	0.430759	
0.917398	0.892447	0.885157	0.906186	0.843339	0.879808	0.75158	0.431316	
0.923942	0.896012	0.891334	0.908553	0.843608	0.88279	0.750784	0.430903	
0.915511	0.894325	0.878398	0.904996	0.841426	0.877582	0.747954	0.432555	
0.92396	0.896123	0.891363	0.908512	0.843551	0.882951	0.750731	0.431247	
0.918238	0.894606	0.884412	0.906154	0.843116	0.876608	0.750484	0.43238	
0.923932	0.896158	0.891378	0.90848	0.843638	0.882828	0.751033	0.431539	
0.920196	0.895623	0.881704	0.906365	0.842538	0.879995	0.749578	0.433112	
0.923901	0.896241	0.891303	0.908439	0.843635	0.88307	0.751069	0.431964	
0.915839	0.892123	0.873276	0.899745	0.842126	0.87728	0.75147	0.432893	
0.923823	0.896271	0.891192	0.908471	0.84376	0.88299	0.751452	0.432255	
0.92386	0.896286	0.891275	0.908422	0.843694	0.883171	0.751349	0.43266	
0.923797	0.8963	0.891162	0.90852	0.84381	0.883114	0.751663	0.432827	
0.920861	0.894242	0.882457	0.9007	0.839672	0.882541	0.750133	0.435001	
0.923834	0.896316	0.891234	0.908494	0.843749	0.883252	0.751591	0.43314	
0.919853	0.894234	0.880606	0.897728	0.841099	0.880694	0.753112	0.43439	
0.923764	0.896339	0.891197	0.908559	0.843833	0.883191	0.751834	0.43331	
0.922085	0.894772	0.887588	0.90502	0.84154	0.883075	0.750981	0.43594	
0.923797	0.896375	0.891255	0.90855	0.843714	0.883362	0.751776	0.433853	
0.905678	0.883094	0.868385	0.893348	0.839459	0.871465	0.749779	0.43269	
0.923693	0.896362	0.891275	0.908541	0.84393	0.883203	0.752157	0.434102	
0.923786	0.896468	0.891168	0.908628	0.843746	0.883482	0.752031	0.434476	
0.923804	0.896481	0.891423	0.908573	0.843848	0.883388	0.752221	0.434656	
0.923822	0.89651	0.89142	0.908592	0.843841	0.883464	0.752259	0.434791	
0.923929	0.896668	0.891678	0.90845	0.843806	0.883363	0.752853	0.436476	
0.519809	0.692578	0.201278	0.68287	0.709558	0.397962	0.423846	0.295891	
0.917553	0.894238	0.871656	0.9055	0.841941	0.871042	0.746373	0.435056	
0.923985	0.896729	0.891647	0.908529	0.843773	0.883611	0.752892	0.436582	
0.923996	0.896733	0.89173	0.908513	0.843805	0.883563	0.752993	0.436727	
0.923927	0.896827	0.891198	0.908495	0.843639	0.883609	0.753338	0.438225	
0.896094	0.885727	0.849773	0.897536	0.840343	0.856683	0.743751	0.431742	
0.924144	0.896872	0.891866	0.908533	0.84382	0.883647	0.75372	0.438289	
0.924164	0.896887	0.891884	0.908534	0.843806	0.883683	0.75374	0.438428	
0.924252	0.896926	0.891967	0.908532	0.843804	0.883645	0.754237	0.439488	
0.901621	0.884795	0.832662	0.877238	0.83691	0.835455	0.743655	0.44439	
0.924068	0.896987	0.891457	0.908479	0.844108	0.883417	0.754622	0.440105	
0.922702	0.895722	0.883973	0.906087	0.842075	0.88124	0.753871	0.442166	
0.924298	0.897027	0.892022	0.90855	0.843938	0.883796	0.754723	0.440582	
0.920922	0.896659	0.88779	0.908149	0.843746	0.881334	0.755311	0.441606	
0.924294	0.897021	0.892066	0.908565	0.843951	0.883716	0.754892	0.440771	
0.911901	0.895288	0.873893	0.905932	0.842513	0.882585	0.754531	0.442671	
0.924356	0.897028	0.891993	0.90858	0.843904	0.883781	0.754924	0.441015	
0.924304	0.897038	0.892055	0.908609	0.844012	0.88369	0.755092	0.441073	
0.924404	0.897045	0.892098	0.908618	0.843959	0.883759	0.755083	0.441234	
0.923648	0.896937	0.890992	0.908377	0.844293	0.883352	0.755841	0.441951	
0.924333	0.89706	0.89204	0.908632	0.844102	0.883666	0.75537	0.441496	
0.825449	0.860821	0.673088	0.83857	0.818337	0.851839	0.740854	0.441103	
0.923719	0.896854	0.890435	0.908042	0.843461	0.883599	0.755148	0.442209	
0.924455	0.897088	0.892171	0.908683	0.843997	0.883715	0.755346	0.441677	
0.924467	0.897076	0.892292	0.908764	0.844158	0.883674	0.755793	0.442359	
0.81386	0.811961	0.651433	0.726426	0.743505	0.801268	0.737756	0.451097	
0.923369	0.896358	0.889757	0.905731	0.842419	0.88258	0.755765	0.443783	
0.924507	0.897135	0.892405	0.908789	0.844072	0.88364	0.755826	0.442586	
0.923706	0.896715	0.891228	0.908126	0.844442	0.883377	0.756257	0.442859	
0.924492	0.897126	0.89245	0.908762	0.844205	0.883656	0.755966	0.442673	
0.905708	0.884902	0.856891	0.89274	0.836863	0.875894	0.752923	0.446099	
0.924492	0.897146	0.892334	0.908754	0.843959	0.883637	0.755974	0.443217	
0.92451	0.897171	0.892515	0.908763	0.844189	0.883673	0.756172	0.443105	
0.924576	0.897204	0.892558	0.908816	0.844112	0.883696	0.756176	0.443299	
0.924406	0.897252	0.892439	0.908735	0.844187	0.883777	0.756795	0.444183	
0.393023	0.532519	0.127269	0.572512	0.639499	0.502768	0.540379	0.354895	
0.906235	0.889129	0.860731	0.898164	0.840274	0.878113	0.753335	0.445365	
0.924638	0.897303	0.892559	0.908901	0.844076	0.883834	0.756715	0.444448	
0.924621	0.897325	0.892609	0.908892	0.84411	0.883829	0.756805	0.444516	
0.924597	0.897499	0.892372	0.908902	0.844044	0.883776	0.75715	0.44565	
0.573687	0.619084	0.583093	0.584533	0.745837	0.711962	0.660908	0.384612	
0.919247	0.893962	0.885035	0.904333	0.843807	0.881391	0.756979	0.444586	
0.924619	0.897528	0.89264	0.908909	0.844125	0.883773	0.75725	0.445609	
0.924776	0.897661	0.892632	0.908818	0.843979	0.88387	0.757475	0.446424	
0.728537	0.522939	0.719643	0.672798	0.634846	0.777992	0.703234	0.439894	
0.922348	0.894337	0.890859	0.906047	0.842635	0.882292	0.758229	0.447094	
0.92471	0.89782	0.892666	0.908859	0.844125	0.883814	0.757709	0.44656	
0.924442	0.897798	0.891069	0.908631	0.843894	0.883804	0.7578	0.44768	
0.924792	0.89785	0.89253	0.908934	0.844072	0.883875	0.757762	0.446942	
0.8636	0.869018	0.81648	0.861363	0.835964	0.855993	0.751209	0.44214	
0.924269	0.897675	0.892094	0.908518	0.844271	0.883663	0.758209	0.44709	
0.924774	0.897861	0.892631	0.908903	0.844159	0.883879	0.757931	0.447005	
0.924773	0.89767	0.892503	0.909029	0.843922	0.88411	0.757719	0.447818	
0.917256	0.889715	0.886399	0.90403	0.841954	0.873194	0.756289	0.447539	
0.924935	0.897884	0.892635	0.909042	0.844208	0.884227	0.758259	0.447984	
0.924976	0.89785	0.892678	0.908974	0.844462	0.884285	0.758596	0.448664	
0.62875	0.661417	0.523408	0.701625	0.697557	0.67112	0.655869	0.419046	
0.921227	0.893888	0.889441	0.906533	0.841576	0.88263	0.756439	0.449438	
0.925111	0.897923	0.892754	0.909087	0.844373	0.884375	0.758467	0.448798	
0.92522	0.898071	0.892782	0.908993	0.844425	0.884189	0.758837	0.449961	
0.794189	0.819728	0.511354	0.814809	0.791339	0.552552	0.625695	0.415052	
0.924014	0.89733	0.889114	0.908426	0.843904	0.878936	0.756652	0.450508	
0.925261	0.898113	0.892794	0.909109	0.844421	0.884374	0.758795	0.450101	
0.925174	0.897958	0.89268	0.90864	0.844742	0.883866	0.759455	0.451181	
0.921226	0.896465	0.881174	0.907044	0.841846	0.873881	0.754382	0.45136	
0.925328	0.898122	0.892908	0.908923	0.844719	0.884299	0.759425	0.451429	
0.925025	0.897829	0.891009	0.90838	0.845059	0.884457	0.759883	0.451929	
0.925315	0.898099	0.892929	0.908929	0.844864	0.884375	0.759574	0.451599	
0.914611	0.896625	0.865059	0.905892	0.843231	0.881549	0.758762	0.456406	
0.925228	0.89813	0.892918	0.908882	0.844804	0.884406	0.759647	0.452214	
0.924933	0.897993	0.892691	0.908617	0.845178	0.8843	0.76009	0.451841	
0.925317	0.898134	0.892986	0.908839	0.84498	0.884433	0.759835	0.452098	
0.924623	0.897722	0.89266	0.908472	0.844331	0.884228	0.760163	0.453827	
0.925261	0.898115	0.893002	0.90879	0.844865	0.88442	0.759992	0.452762	
0.690988	0.739404	0.744111	0.79207	0.735773	0.805993	0.722867	0.434423	
0.92311	0.89693	0.891482	0.90743	0.844971	0.883842	0.760616	0.452174	
0.92535	0.898153	0.893034	0.908739	0.845075	0.884473	0.760187	0.452675	
0.925367	0.898233	0.893111	0.908571	0.845153	0.88441	0.760627	0.4538	
0.764224	0.873866	0.700895	0.869415	0.830945	0.828432	0.737857	0.454263	
0.92369	0.897844	0.890525	0.907955	0.845458	0.884162	0.761528	0.454216	
0.925345	0.898189	0.893116	0.908506	0.84525	0.884478	0.760876	0.453892	
0.918128	0.894948	0.88748	0.904792	0.842205	0.881705	0.759165	0.456374	
0.925396	0.898238	0.893148	0.908574	0.845145	0.884463	0.760811	0.454171	
0.925346	0.898191	0.893092	0.90845	0.845298	0.884475	0.761076	0.45428	
0.925422	0.89825	0.893164	0.908542	0.845199	0.884484	0.76098	0.454471	
0.924105	0.897493	0.891054	0.90731	0.845537	0.884164	0.762046	0.455608	
0.925394	0.89822	0.893062	0.908431	0.845324	0.884465	0.761249	0.454744	
0.87595	0.871042	0.827604	0.881753	0.832833	0.872886	0.751623	0.456618	
0.925173	0.898178	0.892853	0.908468	0.844971	0.884444	0.760999	0.455317	
0.925449	0.89828	0.893143	0.908527	0.845223	0.884486	0.761177	0.454958	
0.925507	0.898328	0.89309	0.90831	0.845408	0.884241	0.761707	0.456183	
0.527671	0.675804	0.282584	0.710986	0.702723	0.457463	0.501264	0.343968	
0.919102	0.895118	0.883042	0.904419	0.843206	0.875844	0.75686	0.456786	
0.92556	0.898399	0.893134	0.908461	0.845347	0.884438	0.761661	0.456418	
0.925419	0.898469	0.892963	0.908293	0.845634	0.884545	0.761858	0.457218	
0.788153	0.86092	0.666514	0.792869	0.804735	0.817765	0.745917	0.446573	
0.924756	0.898298	0.890834	0.907351	0.845485	0.884018	0.761991	0.457132	
0.925572	0.898511	0.893146	0.908307	0.845696	0.884565	0.761928	0.457217	
0.925095	0.897861	0.889885	0.907701	0.846051	0.883823	0.762018	0.458909	
0.925587	0.898417	0.893068	0.90823	0.845815	0.884609	0.762059	0.45764	
0.89536	0.888073	0.842936	0.894978	0.841583	0.84133	0.746294	0.455497	
0.925388	0.898439	0.89304	0.907891	0.84603	0.884182	0.762325	0.45796	
0.925589	0.898455	0.893247	0.908116	0.845923	0.884561	0.762222	0.457789	
0.925135	0.89854	0.893122	0.907766	0.846096	0.884435	0.762711	0.459387	
0.892798	0.874086	0.880514	0.876628	0.833849	0.86281	0.756737	0.45591	
0.925519	0.898576	0.893291	0.90754	0.846482	0.884647	0.76321	0.459432	
0.925527	0.89862	0.89337	0.907663	0.846449	0.884604	0.763196	0.459626	
