0.002634
0.002673
0.003078
0.012355
0.031622
0.027421
0.076132
0.082331
0.172521
0.159085
0.211733
0.104365
0.216964
0.230604
0.274402
0.284161
0.163272
0.322527
0.327459
0.348067
0.366454
0.144190
0.366072
0.379717
0.331127
0.384302
0.385371
0.393818
0.394112
0.251806
0.416663
0.422994
0.425018
0.442805
0.032686
0.180876
0.435116
0.446501
0.456195
0.290064
0.464187
0.468315
0.470090
0.485428
0.064929
0.475134
0.490695
0.074491
0.483452
0.495579
0.478114
0.504087
0.429717
0.510109
0.513150
0.501868
0.517300
0.114781
0.478778
0.520990
0.522796
0.537993
0.066335
0.236147
0.536105
0.540808
0.551999
0.122823
0.484181
0.554694
0.556568
0.517657
0.558661
0.558756
0.562352
0.563636
0.571698
0.362656
0.571943
0.439391
0.580110
0.581705
0.586319
0.075538
0.451776
0.588293
0.589570
0.590249
0.595900
0.096112
0.544933
0.597038
0.595111
0.599134
0.233163
0.594345
0.601123
0.606057
0.068030
0.372139
0.609396
0.610755
0.610622
0.612595
0.222196
0.597658
0.614014
0.619390
0.228306
0.607367
0.621380
0.600941
0.623557
0.276344
0.615931
0.625221
0.618026
0.626913
0.341157
0.625333
0.628421
0.633000
0.155910
0.497886
0.634970
0.636400
0.641210
0.155010
0.549431
0.642823
0.644952
0.586821
0.649142
0.651686
0.611471
0.654324
0.655098
0.657067
0.499880
0.660573
0.661128
0.663892
0.101993
0.636906
0.665117
0.615693
0.665887
0.666572
0.667176
0.649353
0.667832
0.616506
0.668457
0.669143
0.669749
0.668358
0.670838
0.308024
0.664608
0.671707
0.674730
0.073571
0.633746
0.675867
0.674260
0.676807
0.464674
0.676392
0.677659
0.671946
0.678521
0.553579
0.679066
0.680402
0.681051
0.684449
0.077464
0.593958
0.685455
0.686002
0.687680
0.626807
0.689407
0.691049
0.638696
0.692547
0.688396
0.693235
0.494315
0.692604
0.693770
0.694634
0.624839
0.697165
0.697089
0.697877
0.522036
0.696394
0.698423
0.697161
0.699213
0.414863
0.697495
0.699925
0.700332
0.631156
0.703163
0.701661
0.703691
0.623829
0.703710
0.704557
0.704941
0.706946
0.363505
0.698849
0.707421
0.700857
0.708155
0.551796
0.708222
0.709432
0.710013
0.710307
0.712292
0.208014
0.657081
0.713048
0.713323
0.715443
0.203239
0.688780
0.715873
0.716026
0.671568
0.718335
0.718606
0.719715
0.321882
0.697509
0.720299
0.720973
0.675178
0.722285
0.723229
0.407139
0.717121
0.723816
0.714760
0.724204
0.685151
0.724645
0.725011
0.725366
0.725634
0.724722
0.726148
0.542897
0.723767
0.726612
0.727957
0.150690
0.690146
0.728786
0.729107
0.717618
0.730252
0.730884
0.719365
0.731452
0.731607
0.732562
0.115576
0.673373
0.732984
0.733263
0.734031
0.303262
0.722049
0.734471
0.735015
0.715707
0.736124
0.736922
0.730403
0.737815
0.730995
0.738221
0.659083
0.738367
0.738728
0.739346
0.740425
0.135791
0.690063
0.741089
0.741269
0.742516
0.272259
0.727478
0.742865
0.742823
0.743366
0.564969
0.742417
0.743812
0.744836
0.683882
0.745679
0.745870
0.746729
0.197306
0.704472
0.747217
0.747392
0.748032
0.719660
0.748648
0.748766
0.730672
0.749730
0.749872
0.750512
0.378607
0.743254
0.750884
0.750166
0.751278
0.624363
0.751064
0.751609
0.751824
0.712074
0.753322
0.752622
0.753598
0.696561
0.753502
0.753790
0.754464
0.716682
0.755229
0.755427
0.756115
0.327933
0.746962
0.756545
0.757081
0.738643
0.757962
0.758116
0.751406
0.759054
0.752206
0.759285
0.749592
0.759520
0.738998
0.759784
0.760032
0.760243
0.753394
0.760484
0.760527
0.760935
0.761056
0.762089
0.690391
0.762250
0.735284
0.763227
0.763662
0.760803
0.764173
0.763522
0.764553
0.569660
0.762889
0.764873
0.765894
0.283588
0.732068
0.766348
0.766512
0.764248
0.766680
0.714879
0.766687
0.766964
0.767129
0.767804
0.677563
0.767584
0.768014
0.693979
0.767853
0.768187
0.768141
0.768501
0.613792
0.767563
0.768793
0.769548
0.233131
0.745804
0.770066
0.770232
0.770914
0.135984
0.700399
0.771328
0.771540
0.771986
0.409862
0.763817
0.772233
0.772784
0.323783
0.759082
0.773036
0.773199
0.766762
0.773708
0.772890
0.773870
0.756012
0.774028
0.774157
0.774350
0.774441
0.775340
0.700625
0.775462
0.758787
0.776303
0.766239
0.776478
0.775796
0.776681
0.712774
0.776652
0.776854
0.776951
0.754900
0.777867
0.778080
0.772182
0.778596
0.778828
0.751889
0.779461
0.779578
0.779907
0.773740
0.780254
0.778637
0.780441
0.748505
0.780510
0.780669
0.780853
0.781360
0.260248
0.765679
0.781553
0.781627
0.782204
0.458870
0.776516
0.782337
0.781976
0.782524
0.717921
0.782401
0.782693
0.783063
0.760752
0.783499
0.784041
0.602875
0.781988
0.784196
0.775285
0.784329
0.779853
0.784506
0.747815
0.784584
0.784780
0.784962
0.785598
0.345248
0.772942
0.785729
0.785811
0.786231
0.172407
0.730412
0.786507
0.786673
0.787098
0.717637
0.786907
0.787225
0.775887
0.787348
0.787455
0.787589
0.787668
0.788287
0.534131
0.780483
0.788417
0.787148
0.788534
0.761905
0.788606
0.788768
0.788864
0.789305
0.262035
0.766045
0.789499
0.789569
0.789952
0.520752
0.784825
0.790088
0.790312
0.779202
0.790676
0.791088
0.702503
0.790793
0.791266
0.774296
0.791383
0.791350
0.791526
0.791485
0.791666
0.790598
0.791823
0.792118
0.771273
0.792365
0.792419
0.792778
0.647682
0.791412
0.792866
0.790172
0.792942
0.787132
0.793032
0.791069
0.793143
0.782973
0.793270
0.793389
0.788572
0.793515
0.776938
0.793620
0.793746
0.793857
0.794045
0.768807
0.794576
0.795028
0.595370
0.792918
0.795142
0.792650
0.795250
0.778266
0.795341
0.795445
0.795554
0.795636
0.780978
0.796143
0.796535
0.619492
0.794674
0.796661
0.794647
0.796761
0.771833
0.796787
0.796937
0.797007
0.797397
0.692213
0.796670
0.797481
0.786824
0.797557
0.797646
0.797723
0.797656
0.797872
0.614898
0.796296
0.797989
0.798345
0.783252
0.798510
0.797081
0.798690
0.798939
0.772403
0.799319
0.799379
0.799676
0.259265
0.780778
0.799832
0.799897
0.800135
0.392180
0.787822
0.800275
0.800324
0.800538
0.567723
0.797771
0.800636
0.800472
0.800725
0.774664
0.800721
0.800799
0.801000
0.785736
0.801192
0.801222
0.801493
0.684783
0.800385
0.801553
0.800894
0.801665
0.739978
0.801451
0.801773
0.801983
0.792425
0.802220
0.802149
0.802315
0.776649
0.802323
0.802465
0.802572
0.802855
0.360199
0.790555
0.802992
0.803039
0.803385
0.590522
0.801336
0.803473
0.803175
0.803604
0.660217
0.802563
0.803711
0.803894
0.798493
0.804044
0.803655
0.804110
0.793151
0.804169
0.804236
0.804316
0.804340
0.797801
0.804736
0.804821
0.798632
0.805102
0.805281
0.804106
0.805524
0.803458
0.805617
0.771893
0.805571
0.805694
0.804817
0.805779
0.779835
0.805785
0.805924
0.806006
0.806313
0.638499
0.804489
0.806375
0.806165
0.806475
0.708912
0.806004
0.806568
0.806789
0.491106
0.801300
0.806874
0.806997
0.803600
0.807101
0.806922
0.807156
0.799069
0.807217
0.807263
0.807342
0.807377
0.807689
0.732351
0.807284
0.807773
0.783628
0.807763
0.807837
0.807644
0.807937
0.705759
0.807192
0.808026
0.808238
0.744534
0.807894
0.808311
0.808121
0.808446
0.684776
0.807492
0.808556
0.808237
0.808649
0.741699
0.808381
0.808731
0.808908
0.800954
0.809064
0.809096
0.805551
0.809342
0.809069
0.809415
0.799009
0.809467
0.809526
0.809609
0.809632
0.801612
0.809989
0.810101
0.804977
0.810307
0.809835
0.810395
0.795411
0.810412
0.810486
0.810582
0.810825
0.486843
0.803875
0.810896
0.810930
0.811156
0.573859
0.808197
0.811226
0.811328
0.806153
0.811536
0.811641
0.811291
0.811822
0.807129
0.811867
0.811908
0.811957
0.811647
0.812021
0.763705
0.811813
0.812079
0.812334
0.763678
0.812113
0.812383
0.801919
0.812412
0.812478
0.812521
0.812794
0.750177
0.812496
0.812856
0.788228
0.812810
0.812907
0.813021
0.805786
0.813217
0.813380
0.546705
0.809167
0.813449
0.813656
0.758687
0.813408
0.813717
0.811573
0.813785
0.803495
0.813844
0.813836
0.813916
0.813999
0.805245
0.814203
0.814118
0.814285
0.799511
0.814296
0.814264
0.814405
0.814422
0.812927
0.814598
0.813629
0.814652
0.812088
0.814684
0.812748
0.814719
0.814357
0.814778
0.804749
0.814830
0.814899
0.814950
0.815099
0.801408
0.815321
0.815584
0.771208
0.815450
0.815668
0.789060
0.815626
0.815725
0.813693
0.815766
0.813571
0.815811
0.814295
0.815867
0.812237
0.815927
0.813404
0.815991
0.811593
0.816055
0.813250
0.816123
0.813639
0.816203
0.810594
0.816277
0.816340
0.816399
0.813201
0.816451
0.812714
0.816504
0.815125
0.816585
0.805487
0.816658
0.816723
0.816799
0.816837
0.817153
0.490474
0.810420
0.817218
0.817258
0.817407
0.800206
0.817611
0.817641
0.817856
0.794591
0.817905
0.815980
0.818117
0.816939
0.818160
0.813664
0.818198
0.818234
0.818275
0.818174
0.818337
0.756258
0.817933
0.818392
0.818573
0.717163
0.817470
0.818620
0.818339
0.818666
0.806502
0.818689
0.818762
0.818805
0.818972
0.457858
0.808918
0.819059
0.819088
0.819249
0.607965
0.816167
0.819307
0.819454
0.649985
0.817980
0.819533
0.819390
0.819595
0.786971
0.819474
0.819643
0.819693
0.814547
0.819897
0.820061
0.619849
0.817647
0.820111
0.820310
0.665590
0.818611
0.820371
0.820462
0.815922
0.820644
0.820446
0.820711
0.815267
0.820779
0.820705
0.820828
0.820753
0.820901
0.708203
0.820069
0.820961
0.821159
0.757487
0.820672
0.821206
0.818100
0.821243
0.821276
0.821314
0.820915
0.821361
0.796289
0.821300
0.821405
0.821597
0.525308
0.816797
0.821677
0.821800
0.740431
0.821233
0.821868
0.821418
0.821928
0.800756
0.821907
0.821988
0.822149
0.804166
0.822337
0.822382
