0.14528114887235
0.781152709894157
0.979251330463983
0.797106902014439
0.505567606821132
0.257480597478532
0.615819240314128
0.523659869012785
0.907378006148992
1
0.978482233768612
0.518816857559881
0.550151197792745
0.243849686691982
0.178704352478009
0
1
1
0.944984085180577
0.844100257638171
0.636777553684854
0.261829324380671
0.644620199733928
0.146967312873824
0.966476651499255
1
0.792438315840789
0.77743875065675
0.628295939575469
0.439409808430842
0.454360188818466
0.79981031952677
0.494212125258602
0.581555656911518
0.739436721424
0.599992343925187
0.305645949901244
0.999845728367397
0.84468619785701
1
0.105691164200749
0.289618945293853
0.593406653533205
0.738962540149872
0.672956834495922
0.844566838506686
0.999992634794743
1
0.0990166992038884
0.61632181147663
0.681150393335435
0.814820750134741
0.721493909984351
0.99999859448177
0.996048636858937
1
1
0.672089808405745
0.974951551373622
0.88416362597167
0.812868111033459
0.639059319853804
0.744465160721772
1
1
0.966871497633705
0.999999998700935
0.987509892463509
0.491447547779455
0.544736192619238
0.316385962200268
0.0110383339119828
1
0.935119813122203
0.999999983926891
0.953129211696765
0.671241047899346
0.651054522377467
0.714037473371877
0.178930631168153
1
0.319695336378271
0.946516471190906
0.502567705136934
0.531595566635364
0.542976019107065
0.783615957832082
0.788116482609976
0.0873747543964407
9.71282120753675e-07
0.238926569894225
0.466012814584258
0.554657879990609
0.999999997568186
0.999999989297881
0.957895394865115
0.00809978868850879
0.120262651908007
0.512573770891227
0.733792998718773
0.999999998445127
1
0.999999960572423
0.999999999641509
0.824040672441396
0.70251580556892
0.901141367037735
0.877472333898147
0.99999017181677
1
1
0.992581084935217
1
0.999999998866784
0.991317324162747
0.839105666795979
0.656054257287892
1
1
0.854108149948437
1
1
1
0.849391844685378
0.546555728037627
0.477567981500706
0.429999114812751
0.498915885296664
1
1
0.781526837119498
0.482798855668665
0.678711288298795
0.290442822457838
0.739322205388396
0.362800901699803
0.0395704183052322
0.0433929930533834
0.295902159441452
0.908632571009693
0.604221489426968
0.813488008666126
0.255405658586284
0.540366630309576
0.533037528880818
0.448704049497057
0.475200237227581
0.794997357054757
0.999998513874844
1
0.699207090942539
0.640317024057056
0.931981818743893
0.991672256386745
0.580251284468897
0.639075707278351
0.921542917897361
1
0.858158482689719
0.832614087486177
1
0.874389136528164
0.94438987117101
0.892618321842894
0.948979840535531
1
0.604438732521391
0.884756148989272
1
1
0.631958680777414
0.722217826705774
0.999858149166796
1
0.711327606358069
0.79313861725907
0.621926954108748
0.882421812565818
0.579764420745572
0.931966808420872
0.897493842230552
0.231634438279862
0.843426362772288
0.166062049391376
0.274672662658445
0.647665523297281
0.797316597532842
0.925983728978999
0.895931712402391
0.672454738131831
0.63105681565238
0.557433264802163
0.999837544668921
0.819887427572093
0.413448413185234
0.837769184565902
0.794719066943107
0.999997376166228
0.300425980849443
0.701834065154807
1
0.96682440079292
0.61161826002296
0.713449539728935
0.839867834379452
0.999999998048254
0.470400523701908
0.610950504676248
1
0.987998065830005
0.56363368325915
0.567307730392947
0.842267321328291
0.952280417160817
0.489816461601326
0.719406214645273
0.999289522054195
0.880088026809592
0.418580866901142
0.936522450045125
0.847298205214295
0.85681192021129
0.376408987459887
0.360453930494738
0.0747390094444325
0.863386018904209
0.790957947659245
0.999468964341071
0.999991559111584
0.653249337678672
0.891169230259069
0.898717146615757
0.754088457662466
0.830520641373738
1
0.928717191769069
0.999997449501198
0.78763933734937
0.999999999310193
0.66172650480273
0.738806595798226
0.883756102240819
1
0.955044067932317
0.966178851576853
0.958563642894702
0.832579577547567
0.999999961965795
0.999788978511691
0.675471136929296
0.100834099224231
0.684111647308732
0.741283129202497
0.999999948414856
0.512069495944249
0.275259261290225
1
0.74693356752865
0.584184871735531
0.545894447544675
0.368333608141125
0.954004471889497
0.0181852397969339
0.561973005087545
1
0.938351790488088
0.726419692864586
0.588074153558166
0.476872644190327
0.641330233746769
0.182872723908334
0.185598483280588
0.588830489833018
0.825214777247326
0.9133389587543
0.861152340022565
0.588596851277595
0.0605996993659129
0.999999818886458
0.791738251650941
0.214412280306558
0.294401577736293
0.895014982123726
0.719584014452302
0.618331575396966
0.795157005035248
0.999999998547935
0.928687316932978
0.715348727339409
0.548766402907627
0.994814913510652
0.604264993775688
0.999999997464689
0.742380679896262
0.999999999002106
0.999999999829447
0.871586057173323
0.817269455118952
0.731057800801964
0.678752231942203
0.957386717412316
0.989855350177745
0.875345979285354
0.965379228941391
1
0.841451276327353
0.777918709631976
0.454834157532353
0.297699219944292
0.588808848858375
0.090989056018886
0.848873977502784
1
1
0.9879443719227
0.899120674611112
3.41970760171211e-10
0.528408201988443
0.17123908893717
0.468703302837401
1
0.801433473468058
0.808900638679988
0.917938684223786
0.240918745700835
0.542235824233063
0.795234911666152
0.543560149108546
0.0916678935604889
0.622388263402645
0.95170109487344
0.999940879548348
0.557524829502109
0.899002183168012
0.999999992923357
0.780062814392166
0.65342505420424
0.847394946098544
0.898055142924628
0.763610494277172
0.876829858311653
0.513699142981482
0.988189912960443
0.738320784388562
0.946354527443854
0.833960251679681
0.97696822870409
0.487470041777175
0.478111988756836
0.637031083072479
0.943858272868913
0.999999999416738
0.898051770117221
0.720845423102802
0.928185993110064
0.809215129972951
0.579672231605905
0.737407878080806
0.999995649213833
0.999999872125987
0.514159761608367
0.613054042188719
0.99999999583044
0.841329566024375
0.400724550955516
0.62561308419293
0.999973518107621
1
0.999991753556506
0.65170872566057
0.999999996728953
0.930847050194363
0.774427018637574
0.857093019634954
0.886269909193778
0.999999998983368
1
0.967278984247857
0.916287035784817
0.793213231683291
0.843891163935487
0.935043155137346
0.988396384365387
0.812756364400025
0.975763642954879
0.999999998456991
1
0.651870662066454
0.211496954796318
0.786546831851747
0.595920470203731
0.786823334218678
0.801305293241909
0.790908828012764
1
0.749279738892999
0.435620141473541
0
0.860326102863866
0.689175028155848
0.514328384804355
0.0485831662058156
0.822258578159285
0.619656901218314
0.5926460385028
0.38478469947887
0.797731194760752
0.748716125372688
0.391196470131877
0.488967812511637
0.634877567082979
0.725102870656577
0.443194605654639
0.434246705097836
0.999999999075267
0.769828948585023
0.849155040231696
0.887110304203788
0.904673601406
0.859364466770037
0.687040786609029
0.670708706101469
0.880476427251077
0.884732935718585
0.963587841708901
0.999999999431285
0.842763399609689
0.688417712470532
0.737615736376235
0.855137429972398
0.790802724194737
0.685913847604181
0.702599737274605
0.632387301979381
0.857029521365261
0.678301964185548
0.498372169947637
0.48951133966599
0.874080436206991
0.532582616353461
0.568609280732439
0.348194961656549
0.589814676717965
0.36303479448149
0.644165488383555
0.41473751733323
0.783765673871107
0.510298071925814
0.431990190227206
0.473188529890062
0.723658614621006
0.848825086938448
0.798078724110116
0.708798554435708
0.7952885127754
0.552918594844639
0.97813531738744
0.520138482980284
0.595413783550401
0.836809911224487
0.999187836823577
0.472527360360537
0.999999998293263
0.556924932279317
0.83760388402235
0.999999998218603
0.702961416017386
0.449340386001673
0.708933963236078
0.603613132326951
0.940953454975707
0.649539751290612
0.997251951126891
0.983145169648094
0.586768906389955
0.573510225782501
0.896997293360363
0.878624348451075
0.556063560099308
0.779407445782683
0.777826455919054
0.953106494106356
0.953207204460428
0.785768264617126
0.651101563671569
0.945993906644755
0.879769663569851
0.999999966966132
0.955165350020579
0.386421560496642
0.781466458644256
0.958081460721667
0.776888144457456
0.950929768593071
0.595531651322399
0.731187794521441
0.796530331433702
0.68067330089103
0.999999996894513
0.831721014297513
0.964594028932486
0.885623433835286
0.766263422722374
0.664340011610188
0.934707053328521
0.821414662927666
0.581745355823481
0.77663009622315
0.872057598914857
0.609688174999799
0.99308530292648
0.598683861626706
0.712944794520936
1
0.662338144145042
0.629152828153203
0.668974424787309
0.621236520696929
0.998319559610065
0.857488141385816
0.972403208019783
0.805699749872465
0.693944429743891
0.560635874589686
0.752083101548552
0.707360485565402
0.784615585595962
0.64148706996141
0.7304246074961
0.941755296057282
0.925690009087054
0.435188074530265
0.979973935532098
0.904915382510212
0.989766088077153
0.403729108741236
0.625139652958449
0.319625512913914
0.673273473878328
0.299921737791271
0.999981552852205
0.998003702334029
0.660354884506019
0.119264612851375
1
0.777424383066338
0.783461408471783
0.832091528551348
0.629936950420992
0.79753969890084
0.384933192371442
0.594324901834699
0.726970646902215
0.8900977246842
0.611620493292185
0.790663883201761
0.703993825159576
0.801402293040604
0.542119101837388
0.400628276306981
0.774736519130685
0.855371655739342
0.515594486202847
0.635320335261542
0.540436159853547
0.355989643155574
0.715692813877413
0.88725314221882
0.236762747057036
0.924457716676851
0.570037249002941
0.598211765256444
0.768765402503817
0.139741860209185
0.820512673129876
0.500873497521704
0.701319990816274
0.585651071395474
0.708564063877206
0.632745750186211
0.698782274713981
0.611699105078756
0.94610994629073
0.543521780319591
0.857522182325507
0.99921181541823
0.884073932611302
0.554524747727124
0.690639139076519
0.973691955809089
0.999998789621811
0.890023262337635
0.811732206503975
0.875780618184524
0.664450332889984
0.882332816702935
0.866828386628416
0.652756059010005
0.999999732989986
0.940978422577818
0.741146255070655
0.753642206116284
0.609458280540867
0.978203338824137
0.708570201732169
0.517371765529546
0.999999964125604
0.746549211037729
0.992711378964087
0.973177194550139
0.999998544748917
0.999999996648233
0.725082408019096
0.902900035607801
0.719720198239621
0.659746311567955
0.519788348348282
0.935735928998429
0.99999999929997
0.940289733420449
0.710650662528877
0.995390071630093
0.675770836425396
0.652285302247891
0.892114162367444
0.762392820439942
1
0.843969690383853
0.816116062898439
0.842303933379268
0.807135223708913
0.854343996700887
0.919135758467816
0.926220593766349
1
0.986102623715771
0.578805069944764
0.834857731063422
0.612172464211531
0.750255022007951
0.856379877954823
0.949115854029214
1
0.9999999990138
0.777876361161172
0.736526617358615
0.286839707195154
0.927163671807148
0.926398569808296
0.89564255427504
0.999999999272887
0.999999996789152
0.843795352683287
0.644536085796344
0.913945626271129
0.520837422034049
0.629498523886097
0.803148708160046
0.398709915666761
0.99260072005551
0.878989248582658
0.404785245230266
0.989994890861904
0.980120556413979
0.433124681514215
0.95466129074313
0.972785891159982
0.600193166262853
0.203928520319044
0.266534544078979
0.96028279329992
0.619089537537614
0.373218972558136
0.809688586545879
0.901489594390957
0.836188588052122
0
0.512785361911293
0.793872602541853
0.775701705721829
0.675208856377031
0.999999999528513
0.755731061774303
0.849739258397685
0.933572005931544
0.954942007716094
0.723838804529979
0.651659956792555
0.656867744807837
0.898998981453265
0.942800657610268
0.904609305392672
0.877021007248981
0.655509666730247
0.997585199645032
0.989466563895329
0.816190152982813
0.573231458917481
0.811884536302441
0.602004796852921
0.621229299579762
0.344684437067942
0.999999998101351
0.799092729350116
0.0838258285008131
0.407955990628267
0.170346358032445
0.674941548099385
0.712469550431279
0.572389583986952
0.927657785381499
0.560600037619585
0
0.0678989326643026
0.708721931781651
0.615338669235265
0.292140227430451
0.850711148729683
0.6400862104641
0.71522572926012
0.208866723620491
0.466834167952353
0.999797801491807
0.999999475086401
0.74724779049669
0.836309314810074
0.522465015982214
0.406200651330585
0.63304682463676
0.682646151012126
0.984417245688766
0.999991003169786
0.797032525365114
0.622972495447183
0.0670259299837091
0.573852743450969
1
1
0.803234790481794
0.662786099148739
0.764210591993462
0.848122347307148
0.703102539297627
0.922821624525155
1
0.999999999717621
0.659560374994448
0.64395324687969
0.875094194341736
0.516586101400117
1
1
1
0.996546098013518
0.832183429626131
0.520753216467504
0.927636759902066
0.562233734851229
1
1
1
0.740658424735108
1
0.780658818156784
0.71868569344477
0.495798793108453
1
0.717018272583851
0.84146972227206
0.969218802923099
1
0.699014837842068
0.478512068379174
0.278238616646045
0.967189962407463
0.438962895742867
0.992968009462055
0.667690871679825
0.999999996351555
0.89992941030518
0.494987540533758
0.871557457156136
0.997211580323151
0.848619611771686
0.651493636728953
0.524140750714192
0.540116710770126
0.638349382298785
0.597712538509257
0.918361566302534
0.947635191605393
0.995647220301133
0.99999999883075
0.0666748250852994
0.76106324128239
0.998727799517977
0.998118638261285
0.921341332214636
0.424705121827768
0.469430747182547
0.999999999324493
0.222808269656022
0.702164838871895
0.800869389097031
0.76350390789977
0.996022266227629
0.660027281593381
0.668613355458418
0.99999897178169
0.505332756795442
0.999999999736919
0.653034723999093
0.819784800010007
0.992110670400012
0.235467054889627
0.729448079445914
0.860614463638507
0.457945338478891
0.999999889335028
0.909985056957137
0.0386664459207935
0.894986652372151
0.757839960196477
0.999999998141209
0.0672808334564324
0.465071930771988
0.999999995836329
0.893119903928357
0.372235838566888
0.999999998999796
0.614424457775396
0.847516265528412
0.119449565338175
0.637971178505901
0.523554351918202
0.524796438116232
0.665934652519747
0.879692881887928
0.594797018284496
0.946508102009546
1
0.705772298813882
4.50970578470664e-06
0.836057436419845
0.721919099883372
0.789288821409669
0.949219524073084
0.999930757114857
1
1
0.0961313019727196
0.560639908476675
0.885198554026185
0.729681894263213
0.757664645470674
0.999994313734872
1
1
0.0488631298086867
0.322565602907696
0.764786753483212
0.663203348774322
1
0.426523983570496
1
1
0.815278160049156
0.476498552235668
0.247828006140306
0.501457594415721
1
0.921167657963907
0.840454488159171
0.899185645249025
0.999429008593029
0.906136699329099
0.97760032240225
0.874906048332769
1
0.882602243328092
0
0
0.681328500349938
0.939833059119822
1
0.87701602945997
1
0.56419984480824
0
0
0.261268055396209
0.493593673537144
0.844473539104761
0.76359694881754
0.801493390513756
0.710993001793651
0.274961638517811
0.312419194167661
0.320970073564824
0
0.483257180266477
0.771778009352721
0.430349897044635
0.713897007295819
1
0.999999998499397
0.999999998431958
0
0.400804654021949
0.545221839014987
0
3.86612736802134e-06
1
1
0.999999999359549
0.909164554531997
0.647431093318598
0.465853108297133
0.0673488695175166
0.805423045071374
1
1
1
0.996419938276703
0.782908638667875
0.673112454706291
1
1
0.133873549075285
1
0.999999851478085
0.475267481170101
0.717396482888169
0.959158102811799
1
1
8.31709937728289e-10
0.171457388975281
0.684299231120278
5.74815317070051e-07
0.962929384431821
8.06396375037403e-10
1
1
0.922287516623402
0.0578907871594553
0
2.63627646596586e-08
0.663653493690039
0.695569536632431
1
0.885201364409173
1
0.677893747702619
0.547523640860462
4.13925364941253e-09
0.483828890586941
0.954148636051387
0.830174266638951
0.588568351674215
1
0.896940335207966
0.972432087354349
0.358949394013301
0.232937269111657
0.687697421601315
0.0109355474653215
0.842391858536576
1
0.454930268102533
1
1
0.488697966818106
0.663367400792372
0.612329584010751
0.650724122166376
1
0.628484139177201
0.999999998824361
1
0.655296635967799
0.703512316743889
0.55021155683718
0.83361167636827
1
0.830558020668962
0.936019305295826
1
1
1
0.595733613389025
0.866178037879016
0.999938557094035
0.999999995406276
0.584932079281782
1
1
1
0.87451105115357
0.984260049222052
0.904384740625637
1
0.830271364693118
0.949195873388124
1
0.869304335920851
0.637253318851113
0.958696728040055
0.999998226507977
1
1
0.598334979332415
0.854829673288831
0.149800429192858
0.21355997596073
0.986094152984097
0.999999999260566
0.999999999108817
1
0.75010350816738
0.660989863012837
0.329014493755434
0.657203383786465
0.686132171380362
1
0.999999964492832
1
0.45012058911018
0.83897336142093
1
1
0.739862341449427
1
0.963639281567038
0.195520319213267
0.339765518542081
0.999999609459704
1
1
0.719473182023472
1
0.832031209377494
0.611261738439837
0.363092995705215
0.959522509190279
1
1
1
0.998028012079127
1
0.605035179936606
0.365344074566724
0.440491769148478
1
1
1
0.57784052346904
1
1
0.779905890440015
0.457019976680163
0.286369540135939
0.999999830052958
1
0.487196140119212
1
1
0.605691122185613
0.417094610821905
4.33116726303589e-10
0.911449009570874
0.910489036314379
1
1
0.99999999993496
0.385587535000415
0.642484318494668
0.617840253726454
0.674579874197438
1
0.97249371504439
0.843610727004888
0.799098217068798
0.671994199752416
0.849148701382992
0.732490277706859
0.987331939285757
1
0.435048339760804
0.851266595956036
0.948449153935148
0.552926958227225
0.826339220555887
0.775170429456957
0.996096874572325
1
0.593488426612244
0.739859744605454
0.722804837490959
0.757353442851227
0.720963216071903
0.718775422403586
0.996195116655243
0.765860524734249
0.954645451223248
0.875828411046377
0.606721063287652
0.6772600530811
0.508239059209233
0.329100449676712
0.705661799529642
0.619013361067037
1
0.786101011693777
0.937667882328308
0.850986990690704
0.55438760373931
1.04171189446405e-09
0.607444965209925
0.363080542226613
0.878390406518423
0.596950326628364
0.563120883257166
0.0829993664305391
0.828206214062181
1.56290160205666e-09
0.604673459674047
0.0110222718657242
0.68351683892925
0.186329508820008
0.408080530495703
0.771458619377801
0.99911509258496
1.77296546300412e-09
0.354936713593772
9.87534151323123e-10
0.709454775856843
0.675375445367557
0.725759732174925
0.896971663097771
1
0.699809417928714
0.799448475047741
0.0840749295707835
0.999999839789198
0.438902529493989
0.703473047387431
0.127883941610833
1
0.945077473961853
0.926134348425908
0.567882440748938
1
0.886411604102087
0.299475880890907
2.9731457820802e-12
0.936357901346324
0.999999995974962
1
0.665987812420352
1
0.999999996025935
0.730800280269092
0
0.0462255407202644
0.999999997852536
1
0.791459083495578
1
0.999999996194482
0.451734587408001
0.599354762951402
0
0.999999980207951
1
0.999999933297665
1
0.999999996812876
1
0.900953761921075
0.744693811001336
0.998630032541015
0.979577471070885
0.999658444211988
1
0.999999996706535
1
1
0.922913435041903
0.765579248722372
1
0.928694270369406
0.364207027174071
0.935000823046695
1
1
0.877567426639916
0.518995149061804
1
0.743114881717799
0
0.260567444075428
0.999999996391892
0.999833376672495
0.497749644458605
0.886251473202253
1
0.973628180717678
0.736251546844039
0.80754792150183
0.999999096693657
0.889681886774923
0.725029388662199
0.557427876643969
1
0.851687822649219
0.987216593770603
0.220155702500062
0.999999879861408
0.999999951784236
1
0.000522967043775394
1
0.783217965547969
0.71585830963813
0.654645109361091
0.999999998973462
1
1
0.414506926474058
0.820360600974124
0.414377596726375
0.348085584451722
0.153023811921127
0.82652955398815
1
1
0.625027196699484
0
0
0.771113065272399
0.298080751303378
0.569741405267419
0.999999997948977
1
0.200841989616886
0
0
0.822784855025372
0.12141771952309
0.123971874422862
0.598765585444792
1
0.636566038487691
0.680172678352759
0.0268544788316016
1
0.447242291737437
0.218785118894884
0.300664686006688
1
0.938286477382239
0.999997512226986
0.903983397948946
1
0.412943269555274
0.367293483058299
0.0186737582487467
0.999999999868431
1
0.999993504514355
0.716530910811381
1
0.071861089589072
0.725708280794917
0.469591520332514
0.754137998375246
1
0.529666312225817
0.629203923797527
0.999336648535807
0.065354519047017
0.621746011914531
0.926595111541596
0.874790984894908
1
0.392314340708926
0.637345953970519
0.773563388621468
0.642897150663529
0.999999955006943
0.591362060795064
0.702250360161613
1
1
0.277571533819591
0.395018564754502
1
1
0.333679292625186
0.584320108192484
1
1
0.828265666894527
0.999273627681727
1
1
0.418565058306476
0.364817704865332
0.83658042715035
1
0.99328715277297
0.742247139185197
0.999999996976595
1
0.634920322642949
0.621672875399169
0
1
0.775288005487753
0.621767779386403
0.580537169904441
0.999999967933654
0.819538581840711
0.358822455912736
0
1
0.643542427309892
0.0314694100936049
2.89042954482939e-05
0.999999163313038
0.71240476528229
0.875608656324346
0.0911473517580129
0.907022625957123
0.451476007452483
0.479291364849425
0.0951890034533094
0.999999593780592
1
1
0.869248254132704
0.777004669526082
0.0395521406226111
0.999999988414493
0.367051879009071
0.822270584700442
1
0.871184237914426
1
0.945751498415998
0.658547028479309
1
0.469217915652188
0.200862264488173
1
0.86416468244461
0.958899465869705
0.783661875669646
0.568482760661222
1
0.572602384034657
0.020693310477328
0.994714481977525
0.999999999539018
0.163498334237375
0.392026170163275
0.983145042803278
1
0.382000052804152
0.487289738749013
0.979382746044362
1
0.99995678277427
7.59172013524744e-10
0.531136554560023
1
0.611057748201816
0.36297378170585
0.640207261509896
1
1
0.176577482891139
0.668187701894072
0.999999998814626
0.934138194861856
0.960136866590322
0.243979509712839
0.9999999937598
1
0.783553884036325
0.688761324276913
0.999999997428192
1
0.719446404782069
0.121133782902069
0.930879008074527
0.77952834532692
0.965404109142474
0.74631691614341
0.99999986022641
1
0.9612608016676
0.000346411974856989
0.431727774797795
0.723630672375741
0.999766085578364
0.685228075305469
0
1
0.950424589995034
9.39963942430377e-10
0.708056642126852
0.941523391094834
1
0.854734376246844
0
1
1
0.191026047543479
1
0.979893333823682
1
0.746665040097078
0.994911438098032
1
1
0.898544477323511
1
0.970045663650954
1
0.229309339847736
0.999079042502139
0.999999998836767
0.968585622130789
0.807819350826598
0.830926813895165
0.317330643548034
1
0.541770110168394
0.281032138002022
0.0850961921965429
0.70791980643197
0.752967602599629
0.358341009965239
0.0966229319177669
1
0.50478439346251
0
9.02162880317857e-07
0.885820741363119
1
0.951118707540262
0.0201617028791203
1
0.691009507729337
0.476844202498388
5.43471001555975e-10
0.616768447583737
1
0.936266459254766
0.057498017157948
1
1
1
2.23121249027114e-10
0.571274080371806
0.999999998582604
0.896475725495077
0.110692831909253
1
1
1
0.529081129886245
0.529148851290705
0.73944009520511
0.745520042441033
0.720010656785827
0.448791610164816
0.877236033085303
1
0.348740087805487
0.503444469579073
0.1960406508165
0.891427015744755
0.999989060882791
0.785831665382757
0.890683968056086
1
0
0.870800844533056
0.544480308634852
0.970981605546972
0.952164348802381
0.603124213869311
0.999999984689197
1
0.299304426666804
0.832730660833569
0.677210924974575
0.999999613397043
0.981828670399807
0.98405192315136
0.946410226749271
1
0.799513617035803
0.573756717319068
0.997755894403702
0.999999998561723
0.999995317531234
0
0.157742478458199
0.720511890993793
0.918033206499532
0.780078457070923
1.06819929418723e-08
1
0.998526861815336
6.0769723867529e-11
0.734092142282073
0.664994566976947
0.949077162938404
0.746537149817356
3.36221056466771e-09
0.575752895470639
0.398564653761703
0.0572341067505465
0.999999999239457
0.369121348329018
0.720825779275082
0.934499074538462
0.408053189715274
1
0.364953129750836
0.558774021383955
0.999999999736859
0.422122343414666
0.999921831642663
0.97808500904638
0.999969181910595
1
0.316785210149978
0.838320090160822
0.905499525932188
0.292411554896973
1
1
0.999999939262187
0.860114743947279
0.415187881523274
0.231522459943115
0.752548700576351
0.22100588626925
0.999489111738035
1
1
0.803718251619233
6.17993527593036e-10
0.99944593721593
0.407156139184421
0.0421767321896158
0.409040020083873
1
1
0.653575759943868
5.84970079365094e-10
1
0.45981935689609
0.268495952552326
3.21196246620384e-08
0.991522824224508
1
0.315011299119781
0.20376454938617
1
0.457174051276431
0.894808406396814
0.326517951373117
0.443880553879929
1
0.860348540499031
1
1
1
0.98846971063396
0.564477011202661
0.686723954241193
0.999999861249765
0.979273245662883
1
1
1
0.639325593391562
0.355896554431148
0.91367647053325
0.518993763907433
0.999985104721516
1
1
1
1
0.383702965069705
1
0.520831545755506
1
0.999999999976644
0.73929021701497
1
1
0.417470130822924
0.976780970076294
0.999614707780854
1
0.647786979005588
0
0.638740658111118
0.999803505639577
1
0.756174780068844
0.999979683763084
1
0.698997957048897
0
0.647157333474099
0.888925962563
1
0.394770738681174
0.716600342844437
1
0.386017047654471
0.833789351281733
0.999999998336675
0.999478785971463
1
0.713989136090825
0.564593987947448
1
0.473808318345183
0.768417910539281
1
0.820337270751038
1
1
0.654087366044706
0.63860081941079
0
0.951451850283175
1
0.742232353928824
0.999910285877733
1
0.701129159418673
0.999214670191373
0
0.651423535773625
1
3.03361223338784e-10
0.957155437161517
0.999928979614147
0.767829202649151
0.999996225853156
0.215316803234119
0.313103153459126
0.830495638797182
0.137278337124135
0.596452259046933
0.939567327348935
0.590232536936323
1
0.999999909237129
1
0.315026436103547
0.913253275426796
1
0.883094787711755
0.999999911484652
1
1
1
0.247359477738176
0.613903822851509
1
1
0.999999999254359
1
1
1
0.0414248233493785
0.710534960362115
0.427888649265005
1
0.999999998580919
0.278433031334648
1
1
0.317876636764876
0.41640921360794
0.380377477006886
0.409546123400552
0.999999965093972
0.335923914530411
1
0.418026178394656
0.999999982649884
1.95057514076756e-07
0.327960966712434
5.08624639525673e-06
0.96116216089468
0.894439873263734
0.99999998982927
0
0.942386048870145
0.278446344095645
0.584057216918239
0.0551489738185233
0.310025139951129
0.999478330923422
0.613481369590488
0
0.477503319197736
1
0.933787621948576
0.538699869531074
0.820260315798503
0.892885070531441
0.756602888426181
0
0.327185996566787
1
0.859429375672459
0.448029215851934
0.91642600652441
0.633969523285909
0.424618993312054
0.999999993855759
0.350565610524616
1
0.815298458374374
0.184420513648617
0.58380543643412
0.530952534933145
0.48403829014089
0.999997069516882
0.877321170133318
1
0.488526494822702
0.108254613761121
0.615291536011896
0.721275155795044
0.999999998748699
1
0.910926152719976
0.999999997914715
0.613864661434936
0.246314064264217
0.00534264013558006
0.999999996086224
0.834912394357882
1
0.354190227857713
0.555625915305342
0.511489720374333
0.144017606250641
0
0.861734551634545
0.305416783040177
1
0.40097373677059
0
0.864102550329274
1
0.196147573808511
0.977468890873269
0.000694356419405549
1
0.286871207375774
0.769081586318409
1
1
0.464196582835939
0.999999995457221
0.999650433676104
1
0.240297227371198
1
1
1
1
1
0.999999849328282
1
0.18135575274255
1
1
1
1
1
0.999999999272622
0.995469162317755
0.79910415857571
0.826487506582645
0.324771831749256
0.962586595826218
1
1
0.882583408643992
0.45577730519121
0.391278564366676
7.5430356806677e-10
0.250105704656987
0.999999999721019
1
1
0.0984667677720209
0.64152838080921
0.706758188427458
6.1634049009629e-07
1
1
1
0.189778073726986
0.635299150524052
0.527446971238395
0.358332222641786
0.999989395097836
1
1
0.999999997189799
0.919200127346723
0.780178946788411
0.458327607030159
0.875145552146122
0.999999999659539
1
1
0.99998802109337
0.810320209995753
0.999999996426471
0.0389887769531663
1
1
0.0168224037716998
0
0.704238555159456
0.726735063124341
0.999999998577717
0.773555785375754
1
0.879864231383281
2.04640851687757e-10
0
0.473300274797028
0.0142119229498834
1
0.999999875738617
1
0.989767716543635
0.0147552054767289
0.462310211610869
0.586376083790675
0.67720550646093
0.982135129422605
0.952467073574592
1
0.999999998769341
0.999999918020744
1
0.0670346440679112
0.97701416251828
0.817563984699642
0.784041899081764
0.831895115539191
0.937052309446816
0.993430744129539
0.783763606366504
0.424144541890361
0.999999995264768
0.998129969757107
0.928868992090063
0.196078707206863
0.960046878091907
0.259655121802155
0.20714965591249
0.325298508651415
0.999999996839907
0.546272915559225
0.534219260321975
0.434659497117103
0.696958153914153
0.340403162280707
0.712807904102355
0.97274993589043
0.999999998143989
0.334222489967296
0.485128620998268
0.946154273796824
0.900166575560771
1
1
0.702295297107127
0.82508884653185
0.00856699457076181
0.785970171194268
0.838963670788962
0.752251459855106
0.999999999522852
1
0.999999941281601
0.404058532486956
0.400137257803793
0.954889575133613
0.58279130156185
0.464577575952501
0.999999998737765
1
0.83770005991931
0.413016736892395
0.45964411396945
0.822790891403523
0
0.860536752029475
0.87642627020954
1
0.750603160396199
0.999999997313533
0.390398823587445
0.324098967492758
0
1
0.717737084433488
0.999999604743895
0.512240473526334
0.867957574602036
0.453807721420666
0.472429665765517
0.523719018586481
1
0.338373425506891
0.999993271920492
0.645067517303367
0.742138718500781
0.483676143049316
0.172863596423567
0.797208003084686
1
0.63253673777678
0.995139289517123
0.969949690086922
0.977920650511016
0.770447290891241
0.999997593288123
0.83703530004551
1
0.361437032366838
0.463919410232127
1
1
1
1
0.110008975832755
0.95257807378745
0
0.379745525132619
1
1
1
0.999999934289703
0
0.567418389226251
0
0.47473431385585
0.99999999876992
1
1
0.99999999782364
0
0.999999999469956
0.695443217147619
0.745408826282825
0.999999435915749
0.999999998576287
1
0.977405616228238
0.109228495002146
1
0.760367355325038
0.536429331193922
0.898097385225588
0.999999793853455
0.941850550684733
0.99995339231043
0.484727750466215
1
0.999505746062962
0.386899411454021
0.934411859379452
0.999980721871381
0.0378751619358224
1
1
0.999999399676231
0.780005554470519
0.68511238776923
0.564852137302095
0.00504148333526916
0.000317496501805994
1
1
0.99999999850676
0.788631915295095
1
0.909567357365863
7.36215443267606e-11
0.422025523464711
1
1
0.602193858101274
0.999999998868526
1
1
0.762348282678354
0.999999998402166
0.9999999990968
0.807167897641087
0.702372002946111
0.999999998561937
1
1
0.890750673555374
0.999999996959531
0.99999999843826
0.614605228622517
0.805270797494699
0.856351486407574
1
1
0.579472260904582
0.522214687407429
0.933386096563596
0.575683856154821
0.982118770380492
0.552316054002021
0.425190417460471
0.215818554091723
0.323111296471431
0.557641694456521
0.20325222727114
0.507932824749876
0.920060410996814
0.195599795278043
0
0.543431939405996
1
0
0.286705885199674
0.112591994696152
0.628785980840862
0.38404509734409
0
1
1
0.834967933828462
0.572391769323295
0.249731146485821
0.408932437606912
0.999999997912322
0.999999999204682
1
1
0.999999999495238
0.999354008159218
0.138870712891484
0.900735821067062
0.99999941730176
0.999272627981789
1
1
0.99999999848022
0.999999997783871
0.0778898814078564
1
0.875534232498642
0.567233555087664
1
1
0.942490537955934
0.999999998220236
0.340514560026053
0.999999999272903
0.299782850615367
0
0.402648682910223
1
0.179523636523194
0.850137257859592
0.0969674959157238
0.999999997324424
0.722322962247327
0
0
0.632943273757362
0.305179963913817
1
0.522361775986434
0.998997274378616
0.98678507310204
0.78727726981539
0
0
0.605663362935243
1
1
0.510417650150502
0.999728867953781
0.98395134101371
0.666821322353144
0.355796134829813
0.999999999439725
1
1
0.999999995960298
0.700665297802607
0.999999998325627
0.999999998926437
0.999996583900457
1
1
1
0.999773226508061
0.849934289382263
0.519342955491625
1
1
1
1
1
0.999999998936936
0.999697690317857
0.0169415378992372
1
0.999999999722971
1
1
1
0.999999998404594
0.997448010248541
0.653080541714874
0.997327376689688
0.979653636704823
0.333738925649755
1
1
0.302062712810314
0.742902798094322
0.999999996291535
0.985915966707004
0.913645245474299
0.786312036367824
0.380078888078458
0.825933318126663
0.656078918285027
0.430352414830918
0.999999996088394
0.908322316177918
0.99999999945551
0.999999999279989
0.584025475081524
0.39573672536456
0.627209511507843
0.593312006884589
0.732583924071163
0.886192960988976
0.999999999925709
0.999999999373314
0.677856919701165
0.19455379917605
0.997892017699023
0.999999998032524
0.806951601631923
0.99991918355531
0.933404251110806
0.951320337081028
0.885667959005517
0.0444391568000649
0.999986596799858
0.999999974845539
0.299314298171197
0.537391596578476
0.805386309854282
0
0.559330681108842
0.129081367044489
0.709679673128374
0.906139331066285
0.599334947095378
0.152517431958201
0.786868139939145
0.690361605181088
0.850934652752056
0.658439189459966
0.999999998874103
0.999999997613283
0.999999996738344
0.515812061569041
0.999999954594945
1
1
1
0.999999997043616
0.999999997233956
0.999999995784743
0.856968187369355
0.999999999098699
1
1
1
0.999999702282857
0.999999997837681
0.67727431651545
0.875202655470152
0.961696234220588
0.991219850067796
0.999991480731346
0.815098951337389
0.999999345674024
0.999999998770516
0.309264214505791
0.544521795855558
0.46299472584411
0.420039469987063
0.999997653493904
0.836467333332278
0.423152375973532
0.899027242743062
0.120475834550322
0.848046259681952
0.244324546052959
1
0.999999999947149
0.999999646021596
0.231380752924268
0.90206747699322
0.612642979162463
0.999941865260305
0.999999989070543
1
0.979318969797285
0.999999998466885
0.0631559987941033
0.998794766747029
0.999999931377163
0.99987657250884
1
1
0.131354091069
0.99999984494376
0.323568230308131
0.999882065722798
0.999999889284193
0.970573500281789
1
0.9817558378563
0.772437559546775
1
0.408998575130588
0.761511783009853
0.999999913456049
0.999334399905635
1
0.484597771170247
1
1
0.323862524661518
0.834480345158784
0.593865806800811
0.84839163658084
1
0.714313525109707
1
1
0.773622797442482
0.999650026166481
0.532870344032345
0.991397603995611
0.999999999397178
0.677802847035867
1
0.538067062336527
1
0.971175918162784
0.999999998546943
0.669896640064024
0.785445255524494
0.345714125739934
0.41332775619997
0.369448135507708
1
0.502581498152144
0.999999997184778
0.585154591159182
0.511891807043861
1
0.434816122920633
0.564851965538899
1
0.325488197982796
0.999999996606054
0.735863919974548
0.526762347118325
1
1
0.999998256506735
1
0
0.999999997147421
0.671805024447051
0.468536443770843
1
1
1
1
0.194197896002337
0.397043567032897
0.381718282307047
0.992154961188245
0.999997996108943
1
1
1
0.999397259785782
0.47388835624746
0.915590861241983
1
0.538042803905937
0.791833306028895
0.890197727887821
0.99999996114018
0.950434909787817
0.912886713491529
1
1
1
1
1
0.514345700951287
0.864045394791272
0.999999997934629
1
1
1
1
1
0
0.225102186182883
0.999999996548234
0.999999998740236
0.999999997609269
1
1
1
0.995884744747818
0.128832816446029
0.876636950078836
0.999999997106385
0.168749756648293
0.634962869928665
1
1
1
0.616861400231631
0
0.230397249381112
0
0.545712476635121
0.455419947227522
1
1
1
0.224591074694557
0.346683377041901
0.305909099656639
1
0.79842188439586
0.475436442890497
1
0.645588038963234
1
0.99999659884622
0.923318162351882
1
0.999999978414414
0.455622979910313
1
0.26413179724745
1
0.999999999030526
0.999967424820053
1
0.938955041531442
1
0.196310702846708
0
0.999997136022825
0.999999997480305
0.713190996479615
0.764966737953791
1
1
0.951948549623896
0
0.865187066036153
0.610679914054373
0.651692394673896
0.203950996499771
1
1
1
0
0.415992316460006
0.00452599241194854
0
0.604024378974071
1
1
1
0.870405354515382
0
0.053591057550388
0.225248164030733
0.946010709380029
0.724780679207291
0.510091629007501
1
0.682262023699115
0
0.668559539930363
0.599935428155218
0.958113505813751
0.269909747827698
0.207121964550292
0.673078983296928
0.564877554609809
1
1
0.991340728065398
0.545865410103791
0.19002845197597
0.913274592489067
0.71736298618747
0.920823531001553
1
1
1
0.975179201702557
1
0.999999998874417
0.999999999898979
0.999999998773697
1
1
1
0.629641683485418
1
1
1
0.975492287543194
1
0.999999994777099
0.928594356033417
1
1
1
1
0.473913011156706
0.568483431650697
0.636906506197004
0.533263716615013
1
0.758063261534285
1
1
0
0
0.243930146341982
0.247854333811211
1
1
0.999999751205701
1
0.856576046737953
0
0.133657587913377
0.420343434826339
0.967636216291863
0.99533074199921
0.999999999531613
0.999999887002293
1
1
0.119420694911194
1
0.857029926797071
0.547286849343257
0.71783360809007
0.999999999396491
1
1
0.580240943360551
1
1
0.122643889560861
0.389846074716555
0.999999999468735
0.899652700415714
1
0.710280807280804
1
1
1
0.252417820609469
0.491540317765787
0.08836279606332
1
0.621908246562181
0.346984681248254
1
1
1
0.480863928620279
0
0.999999986446963
0.740613591510602
0
1
1
1
0.967100314798122
0.400232794749749
0.240196053747307
0.5527644849933
0
0
1
0.999999999996784
1
1
0.180297812906577
0.484162703312565
0
0
0.635191787007259
0.79004219214854
1
1
1
0.207577846285751
0.537271666127715
1
0.564041186284852
0.122354544506446
0.983728992259734
1
1
0.648600342119344
1
1
1
0.45871947180737
1
1
0.989680914143191
0.770223370258505
0.933334318348908
1
1
1
0.999999999836118
0.440305386816189
0.349846151018449
0.936875046997733
0.353342810044337
1
1
0.99999966166168
0.99996924835663
0
0.584732548103228
1
0.0336244909612586
0.7585986487813
1
0.999999962423382
0.748185940955683
0.2121832629259
1
1
0.382755576555552
1
1
1
0.975546531974948
0.748558788497434
1
1
1
1
1
0.501520151247141
1
1
0.993630711761469
0
0.810353640609379
0.67375416164389
0.698279652358021
0
1
1
0
0
0.180883077093651
0
0
0
1
1
0
0
0.325300114236512
0
0
0
1
0.464273749846055
0
0.734672765415835
0.755874397564643
1
1
1
0
0
1
1
1
1
1
1
0
0
1
1
1
1
1
1
1
1
1
1
1
1
0.999999015973393
0.999990670607696
1
1
1
0
0.863606332784313
0.240879913572867
0
0.176197989996012
1
1
0
0
0
0
0
0
1
1
0
0
0
0.411557063297915
0.80477289035093
0.537073317823748
0.713287424301734
0.684173204770672
0
0.0040601162098518
0
1
1
1
0
0
0.659420721433017
1
1
1
1
1
0
0
1
1
1
1
1
1
0.0251074272140653
0.407249956379063
1
1
1
1
0.935729405004491
0.980789792802646
1
1
0.707704251012483
0.218228959192851
0.250290725283798
0
0
0
1
1
0.528406851839621
0
0
0
0
0
1
1
0
0
0
0
0.25399094097134
0.256174682687664
1
0.873557513077598
0
0
0.0410429656329328
1
1
1
0
0
0
0.995590058051738
1
1
1
1
0
0
0
1
1
1
1
0.890334976340533
0
0
0.40108980293346
1
1
1
0
0
0
0.350520667695392
1
0.67016428362489
0.323072320152938
0
0
0
0.936903180832976
1
1
0
0
0
0
0
