0.00192445	0.00291446	0.00222787	0.00338598	0.000182775	0.0155929	0.00145371	0.00127595	
0.00193998	0.00293645	0.00225217	0.00341511	0.000182865	0.0156957	0.00146034	0.00128149	
0.00209882	0.0031612	0.00250376	0.00371414	0.000184749	0.0167476	0.00152725	0.00133736	
0.00501521	0.00728472	0.00777515	0.00943948	0.000425084	0.0363786	0.00257704	0.00222108	
0.052223	0.0211994	0.0204186	0.0826903	0.0384247	0.0763712	0.0127416	0.0191538	
0.00325529	0.02962	0.0575613	0.0555309	0.051362	0.0515658	0.00413945	0.0484838	
0.0149884	0.0436417	0.0348694	0.0553332	0.0199969	0.132963	0.0341824	0.0158076	
0.0480572	0.0730757	0.14675	0.217345	0.158992	0.26146	0.0813192	0.0952973	
0.000118142	0.0127646	0.0149242	0.011458	0.0014402	0.0148241	0.0295858	0.0531054	
0.0219928	0.0523282	0.00482191	0.0320018	0.0186787	0.0183149	0.00843712	0.022978	
0.0171128	0.0371862	0.017662	0.0751226	0.0672621	0.275379	0.0656768	0.0650884	
0.0805337	0.122753	0.171629	0.300552	0.194635	0.392944	0.0960688	0.103577	
0.0163317	0.0189006	0.00208484	0.0492096	0.00765987	0.0547527	0.0353129	0.0364294	
0.0557434	0.141832	0.227585	0.184076	0.175345	0.144482	0.123555	0.115545	
0.0853963	0.164344	0.244222	0.349601	0.228823	0.350881	0.114868	0.11624	
0.0357445	0.0421277	0.038151	0.0617633	0.118727	0.254344	0.0932845	0.107306	
0.135715	0.185929	0.209794	0.371828	0.267019	0.446432	0.111871	0.14459	
0.0921785	0.211758	0.315884	0.330594	0.260113	0.263917	0.170862	0.139013	
0.144246	0.231981	0.296237	0.421768	0.297236	0.424154	0.140579	0.150627	
0.121919	0.122063	0.279745	0.312392	0.283075	0.378409	0.0961978	0.180236	
0.177111	0.260314	0.333036	0.458324	0.322581	0.452958	0.129637	0.177127	
0.0148832	0.0071416	0.0272501	0.00509507	0.0287659	0.0749243	0.0293421	0.00267629	
0.000354928	0.119698	0.230012	0.213999	0.150636	0.0657294	0.257809	0.043086	
0.132886	0.259782	0.353317	0.389245	0.299085	0.342345	0.199641	0.156222	
0.191795	0.285626	0.366495	0.471164	0.339517	0.451042	0.15569	0.176938	
0.224868	0.312746	0.376114	0.551869	0.396364	0.470071	0.160544	0.206823	
0.00426494	0.190955	0.133676	0.0328865	0.0291969	0.0028286	0.209278	0.0838768	
0.23258	0.319569	0.444055	0.501825	0.372526	0.412527	0.208402	0.201018	
0.298731	0.343271	0.43771	0.573232	0.409964	0.482279	0.183283	0.210189	
0.259473	0.241076	0.451291	0.530958	0.373479	0.495605	0.155537	0.200838	
0.332937	0.3594	0.467914	0.591614	0.417272	0.497084	0.177771	0.210088	
0.0119974	0.0402739	0.108823	0.127755	0.0813679	0.31976	0.182547	0.213217	
0.270478	0.34226	0.426635	0.567303	0.408808	0.51244	0.207618	0.223387	
0.361149	0.374153	0.467142	0.600098	0.427948	0.507894	0.191429	0.216142	
0.0574808	0.280095	0.36411	0.44467	0.309684	0.340935	0.149743	0.20484	
0.325419	0.391296	0.498503	0.633681	0.460959	0.494824	0.189547	0.21815	
0.313583	0.358848	0.446954	0.624343	0.446484	0.52113	0.175953	0.216618	
0.440928	0.401334	0.493514	0.644383	0.469836	0.525227	0.186001	0.220069	
0.159975	0.188365	0.396912	0.41822	0.32999	0.222676	0.260434	0.182273	
0.465465	0.404195	0.505031	0.640723	0.472236	0.511227	0.20686	0.223344	
0.458853	0.412068	0.495641	0.655819	0.484875	0.530484	0.180408	0.222275	
0.497913	0.420912	0.510276	0.658727	0.48873	0.535954	0.196866	0.225483	
0.538605	0.436644	0.520445	0.671206	0.520102	0.559971	0.192019	0.228228	
0.0808351	0.195612	0.254853	0.23066	0.23119	0.219863	0.254136	0.173934	
0.550479	0.448171	0.528427	0.662636	0.514215	0.555502	0.213261	0.233901	
0.58747	0.452885	0.535773	0.690212	0.528529	0.574082	0.200786	0.232816	
0.592749	0.455011	0.538191	0.690546	0.529062	0.574261	0.204555	0.233562	
0.606639	0.469084	0.544853	0.693855	0.541728	0.592224	0.196137	0.236056	
0.127431	0.204881	0.374876	0.331457	0.226687	0.120692	0.26126	0.177845	
0.609793	0.469598	0.554185	0.690907	0.539573	0.579625	0.220366	0.239167	
0.638968	0.477608	0.555342	0.702878	0.548604	0.60051	0.209677	0.239679	
0.641267	0.478347	0.556565	0.703497	0.549211	0.601064	0.211526	0.240106	
0.660271	0.48814	0.565811	0.710076	0.560501	0.615623	0.215528	0.245082	
0.000334714	0.110074	0.171312	0.0511896	0.024699	0.00673288	0.226986	0.11413	
0.538813	0.460544	0.554629	0.610802	0.518091	0.515452	0.250678	0.247769	
0.66341	0.491146	0.569547	0.708532	0.560982	0.613668	0.221896	0.246953	
0.666241	0.492588	0.569729	0.711326	0.56449	0.620069	0.215741	0.246365	
0.670579	0.494256	0.572657	0.711772	0.564276	0.618493	0.222207	0.247898	
0.673153	0.495266	0.573167	0.71305	0.56587	0.62139	0.220699	0.248032	
0.687569	0.506603	0.58787	0.716685	0.574716	0.626325	0.233351	0.255212	
0.0100219	0.0497105	0.010029	0.00661978	0.120564	0.162406	0.219775	0.0395702	
0.196954	0.204471	0.188382	0.127187	0.11783	0.270979	0.0712066	0.174115	
0.669964	0.507098	0.582927	0.71101	0.57399	0.634182	0.219618	0.254339	
0.694721	0.508531	0.587851	0.718732	0.577414	0.63442	0.229074	0.25526	
0.708616	0.516837	0.599203	0.723075	0.583202	0.644519	0.235538	0.259905	
0.561101	0.500035	0.46574	0.28014	0.499418	0.307493	0.207397	0.229968	
0.722225	0.528657	0.609127	0.710894	0.598915	0.636634	0.235585	0.260646	
0.468877	0.401057	0.469763	0.354067	0.354528	0.337876	0.251198	0.233206	
0.722998	0.529156	0.614998	0.726588	0.592126	0.648861	0.24824	0.264897	
0.730128	0.531589	0.617113	0.734467	0.596569	0.656183	0.244057	0.264757	
0.737739	0.539544	0.63062	0.739225	0.6027	0.655809	0.253642	0.272543	
0.00550103	0.00904453	0.0270597	0.0647655	0.0331543	0.178517	0.181294	0.00224768	
0.160175	0.333746	0.330486	0.329519	0.432165	0.347251	0.174306	0.211056	
0.733931	0.541193	0.630784	0.74381	0.605969	0.664812	0.248819	0.271109	
0.743005	0.543037	0.634869	0.74495	0.607609	0.663957	0.254678	0.272529	
0.74411	0.543786	0.635898	0.746661	0.608578	0.665123	0.254467	0.272726	
0.752156	0.552139	0.64901	0.754151	0.618741	0.670487	0.26282	0.278249	
0.260817	0.441306	0.500407	0.599349	0.524774	0.409725	0.213926	0.301938	
0.731893	0.565324	0.663274	0.761668	0.632954	0.676663	0.262931	0.289289	
0.0831097	0.173642	0.26577	0.379655	0.318883	0.122986	0.270828	0.235513	
0.725535	0.559513	0.660046	0.754352	0.632451	0.66169	0.282462	0.291215	
0.761591	0.567753	0.668988	0.76479	0.636076	0.681908	0.272242	0.290729	
0.754894	0.556898	0.677261	0.750937	0.636643	0.672405	0.288203	0.292901	
0.765669	0.566557	0.674378	0.769485	0.639589	0.681552	0.279121	0.291922	
0.401317	0.445042	0.518051	0.349768	0.293999	0.559626	0.243739	0.280059	
0.764029	0.575458	0.67419	0.766207	0.639868	0.689581	0.279091	0.29443	
0.75619	0.568949	0.681796	0.767167	0.631211	0.673659	0.283448	0.296265	
0.767763	0.574014	0.679054	0.772443	0.646667	0.686538	0.281217	0.295545	
0.70448	0.569975	0.676076	0.776867	0.645402	0.689116	0.294286	0.305619	
0.765215	0.576529	0.680908	0.774757	0.649484	0.688659	0.285909	0.298909	
0.139967	0.229059	0.353736	0.478874	0.360581	0.310558	0.174016	0.233579	
0.700772	0.573182	0.680445	0.770496	0.640275	0.683511	0.28725	0.299575	
0.77095	0.577115	0.684149	0.775769	0.651424	0.689102	0.286802	0.299279	
0.760726	0.590057	0.690146	0.779911	0.661372	0.696206	0.293226	0.308228	
0.333961	0.49886	0.590064	0.592171	0.451403	0.34049	0.293276	0.28101	
0.775661	0.588424	0.696693	0.781141	0.666433	0.696248	0.300269	0.310068	
0.777557	0.590427	0.696622	0.783372	0.669548	0.699848	0.298294	0.310737	
0.728002	0.584999	0.692632	0.751522	0.655268	0.611323	0.321845	0.313522	
0.778218	0.591121	0.698795	0.783004	0.670069	0.699148	0.302959	0.312122	
0.520791	0.532311	0.617205	0.588975	0.555408	0.461309	0.244122	0.292694	
0.778744	0.592803	0.698573	0.785061	0.673686	0.701709	0.299287	0.313093	
0.77968	0.593362	0.701389	0.784334	0.673611	0.70055	0.306385	0.31475	
0.781582	0.594465	0.701486	0.78632	0.675793	0.704055	0.304282	0.31525	
0.781055	0.600652	0.707972	0.785986	0.682266	0.698534	0.318364	0.322737	
0.000102308	0.0951614	0.0558826	0.129379	0.0984686	0.251322	0.199459	0.040838	
0.354857	0.379032	0.440392	0.322718	0.281613	0.277682	0.15156	0.24322	
0.78258	0.60105	0.705123	0.790951	0.686632	0.70599	0.307105	0.323532	
0.787633	0.60355	0.709851	0.792427	0.688934	0.709111	0.315248	0.325187	
0.786944	0.611616	0.711779	0.797511	0.696754	0.712346	0.319846	0.332446	
0.000220068	0.0481696	0.0507953	0.053423	0.00896682	0.0899613	0.0677903	0.0548054	
0.273213	0.445757	0.533713	0.471994	0.370524	0.272002	0.317416	0.285121	
0.789316	0.612609	0.716729	0.796293	0.697183	0.71153	0.325619	0.333106	
0.792732	0.614577	0.715763	0.798603	0.700525	0.713797	0.325552	0.334386	
0.737862	0.620188	0.717015	0.797609	0.699382	0.71844	0.330898	0.338542	
0.791447	0.61709	0.717782	0.799168	0.701848	0.715724	0.327385	0.335717	
0.191495	0.520009	0.433309	0.576031	0.471124	0.617564	0.295502	0.350229	
0.77231	0.619371	0.71416	0.798492	0.702406	0.713196	0.331095	0.339587	
0.795052	0.618518	0.717634	0.799721	0.703173	0.715081	0.328859	0.337108	
0.79114	0.627923	0.721282	0.800982	0.70867	0.718343	0.336822	0.342553	
0.0665445	0.0972862	0.128869	0.231067	0.112366	0.251498	0.0613528	0.273173	
0.467038	0.583844	0.62366	0.715618	0.571993	0.677229	0.32504	0.351269	
0.801162	0.630561	0.72004	0.803449	0.711253	0.719675	0.337829	0.345193	
0.802759	0.632228	0.721644	0.803205	0.713267	0.718962	0.340401	0.345646	
0.791408	0.638351	0.716155	0.800283	0.711814	0.714504	0.343304	0.355806	
0.80266	0.636874	0.720896	0.805247	0.716546	0.721734	0.342053	0.350231	
0.00978211	0.0747981	0.0694304	0.0340258	0.0388694	0.0117759	0.196925	0.119085	
0.738682	0.620556	0.705999	0.74375	0.660974	0.605575	0.363676	0.342117	
0.80495	0.639277	0.723245	0.80491	0.718468	0.721344	0.34669	0.350526	
0.807521	0.646042	0.724069	0.806456	0.724965	0.72537	0.349897	0.35453	
0.165158	0.21556	0.279298	0.196512	0.157175	0.0863649	0.296144	0.181185	
0.783879	0.648572	0.710395	0.75703	0.697749	0.657177	0.377568	0.355021	
0.808416	0.648461	0.725118	0.80673	0.724123	0.724221	0.355854	0.355607	
0.805392	0.65303	0.719756	0.807295	0.722589	0.717449	0.350689	0.360592	
0.809878	0.651105	0.723984	0.80861	0.726255	0.727745	0.354273	0.358045	
0.322584	0.434792	0.44941	0.346792	0.298413	0.105647	0.372072	0.266885	
0.802684	0.654033	0.725036	0.802643	0.719978	0.711844	0.367498	0.35948	
0.810623	0.653515	0.725451	0.808431	0.727302	0.726935	0.359278	0.358932	
0.801046	0.655863	0.717024	0.796735	0.70807	0.735025	0.362685	0.365415	
0.812395	0.657001	0.724763	0.808948	0.726966	0.731254	0.360769	0.361405	
0.290438	0.425883	0.393305	0.441275	0.433565	0.341125	0.3471	0.313707	
0.803815	0.659242	0.724218	0.80678	0.731271	0.72475	0.365806	0.36219	
0.812893	0.659252	0.725929	0.810506	0.73184	0.729718	0.363072	0.361936	
0.780873	0.66607	0.720886	0.808539	0.733426	0.733802	0.372102	0.374303	
0.810655	0.663829	0.725611	0.811801	0.734568	0.731605	0.367082	0.367183	
0.105671	0.163678	0.252212	0.333895	0.450786	0.384076	0.145323	0.210321	
0.720245	0.654803	0.695615	0.805839	0.726464	0.737908	0.36136	0.361296	
0.816042	0.666703	0.726642	0.812327	0.735684	0.73444	0.367534	0.366486	
0.804098	0.668543	0.69595	0.807126	0.738508	0.720072	0.381055	0.375013	
0.816455	0.668863	0.725567	0.813853	0.73916	0.730922	0.372523	0.369389	
0.50992	0.595002	0.474108	0.724804	0.616728	0.737783	0.323563	0.353646	
0.815789	0.67235	0.726764	0.81358	0.739252	0.739031	0.372827	0.36981	
0.818072	0.673617	0.727269	0.814889	0.741939	0.733868	0.378672	0.372301	
0.818392	0.674896	0.728114	0.81513	0.743072	0.739854	0.37686	0.372821	
0.819129	0.677266	0.728078	0.814748	0.743067	0.73626	0.383104	0.374193	
0.819452	0.676964	0.728738	0.815848	0.745085	0.740608	0.380783	0.374866	
0.819816	0.678636	0.728855	0.815697	0.745168	0.739294	0.384722	0.37574	
0.815003	0.677412	0.719815	0.792822	0.728455	0.721218	0.380618	0.37972	
0.820446	0.679312	0.729063	0.816032	0.747311	0.742487	0.384529	0.377371	
0.681954	0.603647	0.527234	0.456887	0.511005	0.348798	0.365849	0.301352	
0.820185	0.683473	0.727413	0.811604	0.743099	0.734112	0.395753	0.378642	
0.821007	0.681502	0.729308	0.816122	0.747088	0.74128	0.389601	0.37822	
0.821352	0.684607	0.725471	0.811011	0.749654	0.740919	0.390428	0.384572	
0.74037	0.652843	0.653288	0.667272	0.647471	0.557706	0.415939	0.365433	
0.825342	0.690315	0.730329	0.81702	0.751306	0.748457	0.404143	0.387032	
0.825993	0.690457	0.730323	0.817936	0.752559	0.748634	0.404838	0.387733	
0.827389	0.695901	0.730517	0.815658	0.752503	0.748614	0.419587	0.395442	
0.098909	0.139046	0.133914	0.181568	0.109314	0.0790431	0.0117859	0.165918	
0.76794	0.652726	0.68758	0.717405	0.698409	0.621655	0.367946	0.386092	
0.828019	0.695349	0.730935	0.819641	0.755574	0.753246	0.41626	0.396403	
0.828311	0.696607	0.731423	0.819114	0.754827	0.753261	0.418994	0.397158	
0.826638	0.696804	0.730839	0.819372	0.756839	0.754335	0.424307	0.405492	
0.595469	0.599434	0.65388	0.71765	0.623407	0.568819	0.425818	0.367039	
0.829995	0.701709	0.733753	0.820412	0.756551	0.759244	0.430587	0.405152	
0.830479	0.702076	0.733545	0.820738	0.75741	0.758942	0.431935	0.406181	
0.829113	0.706166	0.732328	0.820946	0.758267	0.765459	0.43967	0.411222	
0.0456417	0.0252284	0.0326871	0.275348	0.199561	0.067435	0.16633	0.236143	
0.585583	0.602327	0.587877	0.807962	0.73999	0.727247	0.439849	0.42604	
0.830704	0.706468	0.733357	0.821223	0.759741	0.763029	0.442081	0.413879	
0.831422	0.707164	0.733908	0.821127	0.759623	0.764264	0.442626	0.413783	
0.829528	0.709588	0.733623	0.82099	0.761537	0.765949	0.45298	0.420314	
0.135351	0.0706892	0.189252	0.259636	0.352973	0.252387	0.154737	0.198021	
0.683074	0.670975	0.69071	0.745713	0.661819	0.738366	0.445484	0.406509	
0.831327	0.710377	0.735559	0.821208	0.761492	0.768071	0.453421	0.419487	
0.831612	0.711026	0.735444	0.821396	0.761732	0.76842	0.454224	0.420238	
0.83107	0.712351	0.737257	0.817543	0.756421	0.770864	0.464273	0.42395	
0.723367	0.647112	0.697746	0.630125	0.54314	0.686448	0.446361	0.419952	
0.832009	0.714479	0.736933	0.822041	0.763567	0.77255	0.464457	0.42523	
0.832338	0.714454	0.737244	0.822062	0.763715	0.772754	0.465358	0.425583	
0.832896	0.715674	0.738332	0.822882	0.765538	0.774851	0.472147	0.429087	
0.744042	0.67538	0.646893	0.582042	0.595222	0.39621	0.451834	0.405285	
0.832564	0.719162	0.737693	0.819376	0.762988	0.770451	0.48351	0.431246	
0.805759	0.705199	0.710373	0.728465	0.710809	0.654645	0.4468	0.433214	
0.832951	0.719034	0.7382	0.822943	0.766069	0.778381	0.48094	0.433263	
0.833325	0.719129	0.738596	0.822998	0.766207	0.778264	0.48217	0.433552	
0.833391	0.719942	0.738742	0.823405	0.767113	0.778659	0.487933	0.437558	
0.180535	0.303944	0.219746	0.0934321	0.124629	0.0574876	0.16233	0.196141	
0.803974	0.716508	0.73274	0.799937	0.739794	0.712372	0.496828	0.430514	
0.834327	0.720753	0.739308	0.8231	0.767762	0.77931	0.490533	0.437146	
0.824079	0.719844	0.728506	0.808741	0.756059	0.76588	0.48778	0.442155	
0.834831	0.72171	0.738511	0.823589	0.768714	0.780402	0.490453	0.438386	
0.793562	0.71104	0.724384	0.755094	0.687596	0.652959	0.509647	0.433177	
0.83512	0.722304	0.739255	0.822969	0.768083	0.780255	0.494291	0.438549	
0.835454	0.722727	0.738514	0.823604	0.769157	0.781384	0.493819	0.439894	
0.830608	0.723851	0.737136	0.811122	0.753007	0.767127	0.511848	0.443003	
0.835987	0.723907	0.738909	0.82244	0.7679	0.7813	0.499365	0.440899	
0.432446	0.512569	0.495713	0.214715	0.284935	0.344316	0.313149	0.38303	
0.830532	0.721991	0.733756	0.818362	0.764932	0.771854	0.493845	0.445851	
0.836444	0.724218	0.738183	0.823634	0.769849	0.782875	0.498381	0.442424	
0.838558	0.726551	0.737781	0.82349	0.770949	0.785752	0.506802	0.446627	
0.2987	0.414204	0.439089	0.177095	0.307428	0.358437	0.356748	0.419187	
0.816724	0.724328	0.730008	0.813054	0.75642	0.767269	0.507543	0.454634	
0.838246	0.727104	0.736982	0.824116	0.772287	0.785734	0.507303	0.448244	
0.802089	0.721743	0.736136	0.8067	0.745633	0.75209	0.517457	0.444327	
0.838491	0.727838	0.737792	0.823492	0.771958	0.786478	0.509337	0.448053	
0.788561	0.712227	0.719741	0.797428	0.749437	0.742796	0.510587	0.463546	
0.838667	0.728023	0.737015	0.823672	0.772928	0.786781	0.510379	0.450816	
0.680152	0.682752	0.687684	0.69461	0.646936	0.542577	0.499597	0.419187	
0.838346	0.729706	0.737988	0.822087	0.77193	0.786855	0.51549	0.450294	
0.83908	0.729646	0.737628	0.823077	0.774015	0.78832	0.514054	0.452703	
0.839088	0.730344	0.738114	0.823081	0.77376	0.78856	0.516738	0.452848	
0.838842	0.733932	0.737201	0.81824	0.775851	0.790237	0.523925	0.459891	
0.730179	0.663089	0.645992	0.519198	0.525902	0.380763	0.449046	0.406874	
0.838898	0.73499	0.73893	0.821695	0.775434	0.791035	0.530759	0.460005	
0.839282	0.735187	0.738821	0.822535	0.776657	0.79234	0.530116	0.460606	
0.839339	0.737624	0.739327	0.822859	0.778387	0.79382	0.537291	0.464299	
0.736991	0.738434	0.72834	0.788099	0.726481	0.760608	0.599915	0.492584	
0.834822	0.742627	0.739289	0.819449	0.777381	0.795811	0.557961	0.473926	
0.0150297	0.0045587	0.0451075	0.0149217	0.0486628	0.0110924	0.0401955	0.00103692	
0.0716233	0.225094	0.252157	0.141018	0.0765675	0.278696	0.253075	0.270793	
0.821413	0.73649	0.732956	0.815059	0.768679	0.7789	0.551002	0.475984	
0.839469	0.74368	0.73967	0.820654	0.781569	0.800212	0.557757	0.475745	
0.827917	0.741499	0.739677	0.735135	0.735203	0.738724	0.565137	0.475354	
0.839461	0.743958	0.740246	0.821557	0.782248	0.799753	0.559326	0.475956	
0.824172	0.744585	0.734628	0.802094	0.770465	0.783745	0.556453	0.477823	
0.839421	0.74432	0.740023	0.821874	0.7835	0.800502	0.559445	0.476606	
0.830664	0.741243	0.735762	0.773471	0.765246	0.778148	0.568804	0.477766	
0.839525	0.744644	0.740415	0.821861	0.783844	0.800196	0.561645	0.477165	
0.786795	0.734749	0.730102	0.768332	0.751159	0.791125	0.551676	0.479726	
0.839187	0.744895	0.740244	0.822676	0.785393	0.801518	0.561541	0.477992	
0.720799	0.729189	0.723374	0.761478	0.754052	0.779803	0.575911	0.482098	
0.838811	0.745359	0.740444	0.822753	0.785913	0.801079	0.564509	0.479254	
0.670422	0.717362	0.721511	0.760237	0.723752	0.798457	0.551908	0.477311	
0.838783	0.745655	0.7409	0.823244	0.785911	0.80307	0.564897	0.479798	
0.837989	0.745704	0.740367	0.823686	0.787715	0.801844	0.566522	0.481622	
0.839397	0.74635	0.741255	0.823822	0.787162	0.803386	0.567032	0.481443	
0.839516	0.74642	0.741239	0.824004	0.787705	0.803276	0.567712	0.482236	
0.839039	0.747986	0.742806	0.82443	0.788738	0.805946	0.573875	0.486758	
0.107125	0.222634	0.208223	0.161294	0.153571	0.357089	0.30483	0.381104	
0.756354	0.722422	0.72378	0.794657	0.756428	0.780975	0.570796	0.495001	
0.839184	0.748057	0.742481	0.825076	0.790151	0.805803	0.574149	0.488049	
0.839425	0.748321	0.742844	0.825135	0.790083	0.80634	0.574653	0.488283	
0.836574	0.748788	0.742966	0.826103	0.792932	0.807295	0.57933	0.49437	
0.0665562	0.0529386	0.174933	0.242248	0.303492	0.196902	0.204678	0.159861	
0.515713	0.662761	0.700762	0.693287	0.614966	0.70645	0.547023	0.462714	
0.838639	0.750135	0.744446	0.82623	0.792249	0.809183	0.579972	0.493165	
0.839541	0.75024	0.744168	0.826828	0.793382	0.80905	0.580453	0.494188	
0.838561	0.752374	0.745133	0.827475	0.793262	0.811183	0.583554	0.49655	
0.199619	0.394006	0.470705	0.279088	0.277893	0.532501	0.45408	0.464601	
0.805445	0.741974	0.738379	0.815254	0.780352	0.803805	0.585714	0.501278	
0.839865	0.75225	0.74462	0.828164	0.794192	0.81114	0.584332	0.49753	
0.837796	0.754015	0.745857	0.829522	0.795315	0.813806	0.590608	0.501918	
0.0813621	0.359342	0.324706	0.0876032	0.156558	0.362213	0.412838	0.376325	
0.741456	0.744611	0.734429	0.792638	0.765593	0.798371	0.594594	0.507941	
0.840623	0.754375	0.745369	0.830303	0.79672	0.813789	0.59227	0.503527	
0.839599	0.757196	0.738738	0.793132	0.770001	0.806083	0.593148	0.507235	
0.840949	0.75516	0.745242	0.830195	0.796789	0.81456	0.593282	0.504678	
0.700683	0.69545	0.621862	0.451534	0.495941	0.328263	0.487758	0.430455	
0.840823	0.754261	0.74482	0.823958	0.792965	0.808794	0.597771	0.504694	
0.841359	0.755049	0.745479	0.830392	0.797027	0.814701	0.594888	0.504878	
0.842073	0.755174	0.744548	0.83078	0.797676	0.815555	0.598448	0.509632	
0.158725	0.379187	0.407108	0.274713	0.178937	0.0600088	0.273137	0.258075	
0.822496	0.747298	0.741355	0.796645	0.779474	0.766564	0.606721	0.50415	
0.842369	0.755796	0.745068	0.830437	0.797627	0.816138	0.600498	0.509514	
0.84088	0.757154	0.744812	0.831085	0.798401	0.818267	0.600726	0.511139	
0.810438	0.751814	0.730329	0.75347	0.76171	0.769304	0.610193	0.511626	
0.842413	0.757215	0.745578	0.831591	0.798693	0.81778	0.60373	0.512114	
0.841425	0.755602	0.74374	0.832313	0.798123	0.817298	0.604654	0.515457	
0.842915	0.75716	0.744934	0.8323	0.798842	0.818638	0.604225	0.513708	
0.731233	0.719394	0.714583	0.729845	0.723873	0.655006	0.607698	0.499351	
0.842555	0.757655	0.745199	0.830662	0.798101	0.818282	0.60802	0.514356	
0.842384	0.757672	0.744527	0.831845	0.799606	0.81931	0.604794	0.515004	
0.843313	0.758061	0.745263	0.83225	0.799244	0.819765	0.607992	0.51558	
0.843405	0.758128	0.745238	0.832442	0.799449	0.819969	0.608103	0.515884	
0.843863	0.758738	0.745184	0.83304	0.799782	0.82188	0.611604	0.519327	
0.40074	0.624528	0.591868	0.499321	0.508823	0.423421	0.522594	0.438365	
0.836869	0.758696	0.743894	0.827029	0.794118	0.818276	0.619626	0.520399	
0.843664	0.759178	0.745275	0.832652	0.799466	0.822108	0.614116	0.519857	
0.65692	0.700818	0.708277	0.709131	0.692527	0.752122	0.576159	0.514209	
0.843446	0.758725	0.744787	0.832981	0.800854	0.822611	0.613066	0.521079	
0.843676	0.759786	0.745478	0.832627	0.799506	0.823005	0.616281	0.521458	
0.844435	0.759688	0.745339	0.833422	0.800562	0.82337	0.615822	0.521958	
0.8448	0.761439	0.745962	0.833582	0.80132	0.825098	0.621376	0.52558	
0.314288	0.399526	0.582141	0.337705	0.314503	0.408263	0.416935	0.466735	
0.83286	0.751798	0.741629	0.821595	0.798027	0.818055	0.617985	0.530677	
0.845228	0.761044	0.74551	0.834272	0.802204	0.825662	0.621185	0.526712	
0.817587	0.752109	0.748686	0.798003	0.770176	0.801459	0.632476	0.528789	
0.845145	0.761784	0.746377	0.833957	0.800895	0.825801	0.623724	0.527438	
0.785112	0.730478	0.724965	0.775367	0.753453	0.7702	0.601882	0.532787	
0.845253	0.761743	0.745559	0.834841	0.802304	0.826391	0.623845	0.529214	
0.771027	0.745716	0.747843	0.821414	0.767072	0.789879	0.630295	0.525515	
0.845081	0.762289	0.746648	0.835042	0.801438	0.827108	0.626164	0.529626	
0.7194	0.722302	0.73139	0.765969	0.740614	0.770757	0.622618	0.538654	
0.844576	0.762144	0.746575	0.835212	0.801539	0.827099	0.627299	0.531733	
0.844582	0.762279	0.746927	0.834532	0.800136	0.827733	0.62819	0.531725	
0.845378	0.762454	0.746829	0.835709	0.801702	0.82779	0.62777	0.531789	
0.843725	0.763191	0.74774	0.833405	0.79921	0.828862	0.63209	0.534485	
0.815298	0.746342	0.741273	0.750096	0.724537	0.787332	0.628688	0.529718	
0.844762	0.763324	0.748248	0.836986	0.801018	0.829711	0.632833	0.534963	
0.844937	0.763354	0.748306	0.837038	0.801165	0.829745	0.633065	0.535374	
0.844619	0.763285	0.748485	0.837813	0.801734	0.83024	0.635496	0.538759	
0.240291	0.496622	0.646128	0.587405	0.582338	0.515618	0.55835	0.426185	
0.833562	0.762405	0.749405	0.836015	0.798348	0.83012	0.639524	0.537022	
0.845194	0.764193	0.749154	0.837895	0.801359	0.831275	0.636931	0.538493	
0.805207	0.758648	0.744083	0.837373	0.799788	0.823459	0.645393	0.546018	
0.844404	0.76424	0.749548	0.838357	0.802021	0.830453	0.639038	0.54027	
0.55885	0.633183	0.65866	0.581487	0.525476	0.635221	0.576522	0.50896	
0.843471	0.764281	0.748744	0.833849	0.795614	0.830981	0.639777	0.540616	
0.845601	0.764566	0.749632	0.838256	0.801726	0.831248	0.639396	0.54046	
0.84271	0.763493	0.747699	0.825803	0.785601	0.825904	0.643483	0.541756	
0.845631	0.764879	0.749532	0.838336	0.802185	0.83145	0.640313	0.540902	
0.829449	0.760459	0.746268	0.808837	0.762452	0.812079	0.647527	0.542632	
0.84584	0.765508	0.749784	0.838332	0.801962	0.831951	0.641916	0.541605	
0.816163	0.737554	0.733072	0.802871	0.765556	0.786832	0.645701	0.550091	
0.846207	0.765442	0.748736	0.838972	0.804323	0.831966	0.643116	0.543227	
0.679949	0.694552	0.729943	0.727891	0.709444	0.575997	0.628079	0.518661	
0.84572	0.766696	0.750034	0.837466	0.802913	0.831119	0.646568	0.54308	
0.845959	0.765989	0.747698	0.837766	0.804394	0.831071	0.643845	0.545078	
0.846779	0.766896	0.749351	0.839244	0.804455	0.832829	0.645916	0.544174	
0.847919	0.766473	0.748697	0.839583	0.806473	0.832073	0.65086	0.548198	
0.317324	0.375786	0.576613	0.470287	0.303792	0.651027	0.446837	0.472673	
0.84067	0.760157	0.747395	0.834334	0.798344	0.833216	0.649676	0.546731	
0.847991	0.76846	0.74896	0.840191	0.806176	0.833101	0.651282	0.54803	
0.83171	0.764915	0.740711	0.807251	0.783723	0.756706	0.644297	0.54746	
0.848282	0.768547	0.749321	0.8398	0.806338	0.83291	0.652779	0.548482	
0.811247	0.763809	0.732357	0.797	0.769741	0.78485	0.635328	0.54911	
0.848523	0.768721	0.748871	0.840654	0.806479	0.833396	0.652723	0.549491	
0.848575	0.769116	0.749534	0.840345	0.806366	0.833367	0.654224	0.549654	
0.848939	0.769215	0.749209	0.840927	0.806577	0.833737	0.65428	0.550316	
0.843251	0.770681	0.750305	0.83407	0.80205	0.822661	0.661289	0.553293	
0.848822	0.769982	0.74991	0.840459	0.806139	0.833225	0.656681	0.551304	
0.578877	0.66531	0.665329	0.578486	0.617462	0.584031	0.5481	0.515358	
0.847428	0.768709	0.747608	0.839508	0.806791	0.83173	0.654211	0.552756	
0.849418	0.76991	0.749411	0.841478	0.806927	0.83413	0.65617	0.551898	
0.849215	0.772848	0.750883	0.841469	0.805977	0.834158	0.660814	0.555885	
0.190772	0.455639	0.4768	0.251616	0.163538	0.337206	0.301835	0.375775	
0.834245	0.768525	0.743225	0.801313	0.790332	0.816311	0.654343	0.556978	
0.849727	0.773171	0.750511	0.842159	0.806873	0.83473	0.660819	0.556432	
0.848138	0.773078	0.751477	0.836682	0.804841	0.829654	0.663099	0.558912	
0.849738	0.77324	0.751052	0.842156	0.807402	0.834369	0.662191	0.557358	
0.719392	0.753403	0.701945	0.609691	0.616196	0.723199	0.604239	0.545115	
0.848752	0.77419	0.750516	0.841183	0.807016	0.835291	0.662312	0.558662	
0.84919	0.77418	0.751897	0.842731	0.807621	0.834741	0.664016	0.558628	
0.849871	0.774502	0.751767	0.843105	0.808106	0.835408	0.664132	0.559183	
0.846832	0.773896	0.752891	0.843611	0.808189	0.834321	0.667849	0.561638	
0.750221	0.738465	0.742853	0.811153	0.742672	0.814025	0.660718	0.554215	
0.850776	0.775564	0.753509	0.84424	0.808722	0.836131	0.668171	0.561994	
0.850769	0.775645	0.753475	0.84435	0.809026	0.836185	0.668372	0.562327	
0.851282	0.776948	0.75428	0.844854	0.80919	0.836737	0.670893	0.564905	
0.647143	0.69743	0.674399	0.71207	0.579675	0.410568	0.56486	0.546256	
0.851834	0.776063	0.755488	0.843045	0.80671	0.830627	0.673539	0.566781	
0.85214	0.776882	0.755063	0.844644	0.809142	0.836254	0.672243	0.565683	
0.780453	0.704325	0.729177	0.767996	0.687935	0.747822	0.653978	0.560391	
0.851881	0.776862	0.754731	0.844569	0.808923	0.837005	0.673045	0.566429	
0.852375	0.77748	0.755651	0.843938	0.807464	0.836531	0.673554	0.567072	
0.852816	0.777589	0.755346	0.84509	0.809843	0.837201	0.673819	0.567356	
0.852983	0.777817	0.75555	0.845095	0.809656	0.837366	0.674129	0.567509	
0.85428	0.778492	0.756328	0.845103	0.810067	0.837923	0.676437	0.569321	
0.766591	0.719669	0.709825	0.606422	0.602236	0.775655	0.637826	0.557062	
0.853798	0.779261	0.75655	0.84254	0.806711	0.838547	0.676848	0.571368	
0.854399	0.779073	0.756583	0.845241	0.809784	0.838404	0.676719	0.570192	
0.479454	0.667736	0.683887	0.423834	0.450191	0.692914	0.644298	0.52739	
0.850346	0.777883	0.755904	0.841871	0.808692	0.837308	0.67719	0.569893	
0.854633	0.779028	0.75656	0.845662	0.810686	0.838559	0.676935	0.570227	
0.852561	0.779883	0.758842	0.846067	0.809115	0.839419	0.679803	0.571394	
0.740766	0.739002	0.747113	0.832874	0.808849	0.825675	0.673425	0.571982	
0.85601	0.780228	0.757932	0.846602	0.811267	0.839585	0.679311	0.571864	
0.85604	0.780544	0.758067	0.846679	0.811273	0.839712	0.679532	0.572064	
0.855693	0.7817	0.758346	0.847468	0.812796	0.840091	0.68119	0.573874	
0.140604	0.524083	0.566683	0.43705	0.326765	0.221803	0.565009	0.42361	
0.81885	0.778084	0.761421	0.836207	0.79557	0.826516	0.68497	0.572649	
0.856699	0.7819	0.759127	0.847455	0.811887	0.84051	0.681996	0.573953	
0.852841	0.778523	0.758819	0.847991	0.813428	0.840965	0.683887	0.576311	
0.856601	0.781893	0.759171	0.847836	0.812821	0.840826	0.682852	0.574999	
0.371259	0.357303	0.694438	0.70811	0.628399	0.701902	0.662441	0.547843	
0.849521	0.773992	0.760868	0.846514	0.808364	0.840746	0.684964	0.57539	
0.857159	0.783033	0.759813	0.847989	0.81222	0.841162	0.683481	0.575161	
0.857868	0.784196	0.760023	0.848759	0.812048	0.841938	0.685852	0.578572	
0.124328	0.260182	0.37727	0.200888	0.0659254	0.06518	0.265931	0.283728	
0.799486	0.760201	0.753031	0.797815	0.777884	0.758514	0.682312	0.571135	
0.85823	0.785158	0.760705	0.848396	0.812016	0.841992	0.686839	0.57854	
0.858317	0.785372	0.760587	0.848802	0.812105	0.842356	0.686818	0.578818	
0.858181	0.786338	0.761362	0.847169	0.812188	0.841039	0.690101	0.580524	
0.815786	0.777505	0.7357	0.74817	0.739993	0.7765	0.663065	0.57578	
0.858954	0.786865	0.760952	0.849366	0.812976	0.842708	0.689612	0.581077	
0.85906	0.78694	0.760994	0.849361	0.813023	0.842682	0.689872	0.581278	
0.859784	0.787465	0.760751	0.84976	0.813508	0.84289	0.691552	0.583315	
0.680198	0.711809	0.722863	0.677777	0.689649	0.666775	0.674103	0.570133	
0.858678	0.787744	0.761402	0.847999	0.812282	0.841781	0.693709	0.583914	
0.859887	0.787843	0.761131	0.849623	0.813429	0.842913	0.692497	0.583597	
0.72255	0.770459	0.686748	0.590224	0.581041	0.646088	0.611973	0.56536	
0.859408	0.788448	0.759657	0.848216	0.811669	0.841325	0.691515	0.584593	
0.860059	0.788075	0.760894	0.850144	0.813522	0.843306	0.692414	0.583946	
0.860712	0.788501	0.761223	0.850376	0.814022	0.843266	0.694014	0.585725	
0.4931	0.749805	0.529013	0.343584	0.304086	0.53656	0.486666	0.523436	
0.855222	0.790108	0.756114	0.840604	0.803999	0.837707	0.691453	0.588345	
0.860666	0.788894	0.760919	0.851112	0.813939	0.84397	0.694149	0.586394	
0.853051	0.789241	0.760635	0.850899	0.814637	0.843315	0.694719	0.588336	
0.860274	0.789155	0.761029	0.851457	0.814904	0.843932	0.694556	0.587147	
0.375951	0.684865	0.697424	0.617478	0.549337	0.724987	0.639354	0.535206	
0.851066	0.789015	0.76155	0.848886	0.808409	0.844186	0.695593	0.587855	
0.860983	0.789329	0.761323	0.851609	0.814364	0.844316	0.694917	0.587431	
0.859681	0.788975	0.759852	0.85236	0.816214	0.844852	0.695107	0.589479	
0.82421	0.775952	0.762934	0.830679	0.782216	0.824753	0.69731	0.586673	
0.861169	0.790218	0.761127	0.852653	0.815531	0.845769	0.695857	0.589505	
0.861044	0.790684	0.762185	0.852238	0.815705	0.845157	0.697553	0.589553	
0.85405	0.786143	0.757376	0.847025	0.813752	0.842116	0.694338	0.594091	
0.861419	0.790812	0.761476	0.853603	0.816567	0.846483	0.697238	0.590998	
0.857638	0.790183	0.763096	0.853801	0.813334	0.848002	0.699531	0.592649	
0.860817	0.79154	0.762343	0.853954	0.815538	0.847266	0.698287	0.59175	
0.27641	0.383236	0.582009	0.404944	0.325252	0.584968	0.579324	0.521235	
0.832438	0.77162	0.757101	0.848069	0.810569	0.840625	0.696329	0.594709	
0.861523	0.791584	0.761967	0.854334	0.816646	0.847213	0.698166	0.592334	
0.861304	0.791638	0.762924	0.855272	0.816271	0.846747	0.700405	0.594228	
0.169642	0.708984	0.593782	0.350604	0.417065	0.424058	0.569858	0.531075	
0.821879	0.792153	0.759206	0.852616	0.814299	0.837349	0.698425	0.595026	
0.862421	0.791931	0.762714	0.855705	0.816892	0.847261	0.700258	0.594614	
0.859434	0.791885	0.763733	0.855109	0.813702	0.847172	0.702613	0.595036	
0.862203	0.792855	0.763206	0.856122	0.81655	0.847616	0.701199	0.594826	
0.710235	0.650077	0.732599	0.728199	0.696833	0.738602	0.684826	0.593663	
0.860925	0.791334	0.762868	0.85627	0.817467	0.846794	0.701786	0.596782	
0.8624	0.792736	0.763139	0.856533	0.817369	0.847666	0.701511	0.595729	
0.858309	0.790692	0.764872	0.854825	0.81405	0.840142	0.704094	0.595485	
0.862578	0.793251	0.76382	0.856624	0.817362	0.847831	0.702652	0.595922	
0.66123	0.668382	0.57005	0.432356	0.372284	0.525591	0.523241	0.536559	
0.859798	0.793343	0.760895	0.850165	0.8104	0.843318	0.70057	0.598015	
0.86255	0.793569	0.763659	0.857056	0.817435	0.84837	0.702735	0.596514	
0.862978	0.793416	0.764639	0.851931	0.817054	0.84841	0.704567	0.598532	
0.862899	0.793629	0.764316	0.85622	0.817641	0.848415	0.70358	0.597458	
0.803907	0.795765	0.684768	0.617308	0.657761	0.776753	0.660404	0.594141	
0.862019	0.794853	0.763229	0.856269	0.816466	0.848466	0.70338	0.598653	
0.862685	0.794166	0.764081	0.857205	0.817617	0.848701	0.703625	0.598	
0.860937	0.795025	0.766237	0.855692	0.816794	0.845991	0.703841	0.598058	
0.862845	0.794785	0.765068	0.857075	0.817806	0.848869	0.704065	0.598148	
0.697328	0.663898	0.715209	0.773913	0.709436	0.733032	0.647356	0.595762	
0.860973	0.793427	0.764225	0.857212	0.817513	0.84914	0.703982	0.600952	
0.862884	0.794762	0.764856	0.85744	0.817976	0.849509	0.704219	0.599394	
0.850524	0.785437	0.767211	0.857278	0.818265	0.849026	0.706772	0.599634	
0.86251	0.795349	0.765653	0.857556	0.81825	0.849726	0.704918	0.599544	
0.773778	0.670898	0.749647	0.847042	0.799809	0.838482	0.70073	0.606298	
0.862838	0.794403	0.765325	0.857772	0.819088	0.850216	0.705101	0.60107	
0.86256	0.795708	0.76669	0.857526	0.818256	0.850253	0.706023	0.600965	
0.863174	0.795596	0.766296	0.857899	0.819695	0.850355	0.705932	0.601359	
0.863372	0.79577	0.766559	0.85788	0.81953	0.850561	0.706246	0.601561	
0.862474	0.796514	0.767223	0.858072	0.822528	0.850676	0.708058	0.603136	
0.187893	0.218282	0.279373	0.2278	0.0983455	0.348829	0.29905	0.326677	
0.670567	0.779156	0.737485	0.817662	0.761038	0.827132	0.696658	0.597714	
0.863985	0.796505	0.767318	0.858108	0.821259	0.851681	0.70887	0.603565	
0.864473	0.796582	0.767451	0.858303	0.822043	0.851475	0.708777	0.603793	
0.864517	0.797179	0.767798	0.857724	0.821481	0.852391	0.710731	0.605779	
0.157646	0.301646	0.299355	0.217782	0.178486	0.379733	0.442864	0.409813	
0.782226	0.775225	0.753152	0.804375	0.771447	0.824523	0.701608	0.599551	
0.865718	0.797018	0.768025	0.858324	0.823012	0.852271	0.710501	0.605714	
0.865743	0.797277	0.768047	0.858401	0.823042	0.85241	0.710692	0.605835	
0.866218	0.797355	0.768354	0.858864	0.82455	0.853164	0.711721	0.607298	
0.5133	0.560434	0.597129	0.498425	0.489463	0.660712	0.621109	0.547	
0.860789	0.795687	0.766683	0.852696	0.815465	0.852107	0.713312	0.609491	
0.866485	0.797396	0.768423	0.859022	0.824402	0.853564	0.712262	0.608026	
0.865839	0.790195	0.767572	0.844378	0.821616	0.852313	0.714928	0.611449	
0.867018	0.796921	0.768644	0.858263	0.825714	0.853526	0.712984	0.608936	
0.757721	0.654831	0.698582	0.639836	0.658805	0.840853	0.696017	0.601864	
0.86579	0.79766	0.768036	0.85868	0.823375	0.854647	0.713121	0.609616	
0.866793	0.797688	0.768617	0.859339	0.825287	0.85409	0.713097	0.60925	
0.866199	0.795012	0.768274	0.853461	0.822781	0.840602	0.714786	0.611153	
0.867171	0.797468	0.769129	0.859148	0.826028	0.853542	0.713993	0.609855	
0.801127	0.782526	0.735278	0.804217	0.748796	0.764387	0.684153	0.601716	
0.866785	0.797915	0.768329	0.859596	0.825233	0.854118	0.714037	0.611179	
0.866675	0.798098	0.769383	0.859552	0.826053	0.853672	0.714943	0.610719	
0.867488	0.798057	0.769022	0.859898	0.826285	0.854392	0.714929	0.611469	
0.866563	0.798388	0.769839	0.85992	0.825833	0.853343	0.717182	0.613115	
0.805362	0.759831	0.760457	0.84901	0.811389	0.830525	0.708275	0.613081	
0.868508	0.798434	0.769448	0.860652	0.826729	0.854604	0.717021	0.613949	
0.867178	0.798989	0.769897	0.861392	0.826539	0.855165	0.718531	0.615286	
0.802952	0.743507	0.766292	0.859357	0.829442	0.851418	0.718201	0.618752	
0.869497	0.799048	0.769734	0.861434	0.827553	0.855003	0.718623	0.615885	
0.869535	0.799184	0.769994	0.861442	0.827563	0.855027	0.719039	0.61596	
0.869177	0.796888	0.770432	0.861867	0.829061	0.85496	0.720946	0.61848	
0.687454	0.70004	0.768542	0.847098	0.80541	0.827531	0.720948	0.608378	
0.870427	0.799364	0.771094	0.861776	0.82834	0.855101	0.721426	0.618055	
0.870696	0.799292	0.770945	0.861964	0.828619	0.855315	0.721382	0.618322	
0.87066	0.799959	0.771593	0.862549	0.829321	0.855795	0.722521	0.619078	
0.356083	0.382295	0.689994	0.77712	0.762808	0.741573	0.699841	0.614771	
0.848185	0.769982	0.770162	0.8615	0.832	0.853626	0.723019	0.621995	
0.871626	0.799405	0.77162	0.862537	0.829915	0.85572	0.722643	0.619527	
0.864738	0.792843	0.773497	0.857429	0.823605	0.852386	0.726299	0.620926	
0.871565	0.799861	0.772182	0.862425	0.829234	0.855748	0.723448	0.619854	
0.840246	0.764711	0.756563	0.831429	0.813364	0.821417	0.713743	0.620734	
0.871987	0.799634	0.771858	0.862918	0.829752	0.855869	0.723319	0.620308	
0.872092	0.800069	0.772463	0.862437	0.829494	0.855782	0.724149	0.620418	
0.872243	0.800052	0.772267	0.863021	0.82969	0.856199	0.724066	0.620629	
0.871917	0.801223	0.773308	0.859532	0.828344	0.854006	0.726759	0.621505	
0.872456	0.800626	0.772847	0.862461	0.829622	0.855915	0.72529	0.621066	
0.593918	0.730616	0.562707	0.416889	0.407611	0.581352	0.560406	0.55786	
0.870365	0.799963	0.769402	0.85552	0.823994	0.853495	0.722459	0.621371	
0.872633	0.800621	0.772695	0.863415	0.829766	0.856585	0.725069	0.621249	
0.87331	0.801602	0.773297	0.863267	0.83041	0.856917	0.726432	0.622348	
0.375503	0.415327	0.582819	0.300629	0.326953	0.640122	0.603798	0.510682	
0.857874	0.798399	0.77196	0.850638	0.811195	0.855367	0.727031	0.62315	
0.873503	0.801836	0.773463	0.863627	0.829931	0.857233	0.726668	0.622615	
0.86978	0.800566	0.773804	0.863625	0.831519	0.85715	0.726967	0.62314	
0.873401	0.801756	0.773679	0.863783	0.830897	0.857319	0.726817	0.622825	
0.549629	0.62865	0.746479	0.812465	0.749654	0.813344	0.724754	0.612708	
0.871159	0.801583	0.774135	0.863278	0.828726	0.857973	0.728382	0.622992	
0.873812	0.802209	0.773929	0.863744	0.830319	0.857694	0.727405	0.622904	
0.873423	0.801443	0.774456	0.863881	0.831446	0.858038	0.729227	0.624622	
0.0957387	0.224229	0.519356	0.772539	0.467855	0.556202	0.541498	0.552267	
0.821572	0.758095	0.771772	0.861401	0.824434	0.857196	0.732074	0.621759	
0.87423	0.80335	0.77479	0.8637	0.831094	0.858573	0.73009	0.624322	
0.872951	0.803728	0.77379	0.863429	0.829708	0.857064	0.732227	0.626913	
0.874181	0.803676	0.774573	0.863905	0.830869	0.858665	0.731286	0.625558	
0.357633	0.595843	0.480819	0.377548	0.364331	0.101833	0.406344	0.477082	
0.863758	0.801657	0.770797	0.841621	0.817386	0.813014	0.729589	0.623841	
0.874424	0.803791	0.774921	0.863746	0.831119	0.858844	0.731876	0.625652	
0.874746	0.804489	0.775519	0.863685	0.830338	0.858659	0.732888	0.626944	
0.733076	0.71523	0.749013	0.506416	0.470582	0.732911	0.709552	0.592192	
0.87335	0.803575	0.77573	0.861307	0.828379	0.857842	0.733448	0.625776	
0.874768	0.804433	0.775639	0.864113	0.830945	0.858791	0.733087	0.626708	
0.874265	0.806237	0.777596	0.863299	0.828329	0.858439	0.735462	0.62907	
0.849668	0.795057	0.768626	0.826992	0.768764	0.84803	0.733044	0.621937	
0.875027	0.806097	0.77754	0.864191	0.830325	0.858789	0.735769	0.628847	
0.87352	0.805337	0.775354	0.859845	0.827551	0.854067	0.734608	0.629507	
0.875156	0.806132	0.777366	0.864942	0.830319	0.859121	0.735681	0.629018	
0.850926	0.793741	0.767609	0.815955	0.78115	0.74832	0.725346	0.621048	
0.875232	0.80646	0.777863	0.864216	0.830298	0.858556	0.73666	0.628912	
0.875347	0.806519	0.777598	0.865054	0.830406	0.859309	0.736323	0.629382	
0.875475	0.806669	0.777861	0.86491	0.83061	0.859446	0.736788	0.629343	
0.876186	0.807281	0.77809	0.865482	0.830866	0.860116	0.738044	0.630252	
0.276888	0.378325	0.440765	0.341782	0.290664	0.101196	0.308731	0.383184	
0.859996	0.798604	0.772525	0.844151	0.809691	0.819101	0.73277	0.624032	
0.876243	0.807602	0.778547	0.86541	0.831233	0.860206	0.738663	0.630121	
0.876637	0.807594	0.779905	0.865981	0.830705	0.860446	0.739916	0.631639	
0.120891	0.216702	0.404732	0.192094	0.111896	0.175647	0.355575	0.348005	
0.845135	0.782116	0.774296	0.843236	0.806758	0.842058	0.739431	0.624477	
0.877214	0.808419	0.780192	0.865707	0.83135	0.860577	0.740642	0.631417	
0.877549	0.808336	0.780407	0.865381	0.831317	0.861909	0.741812	0.632321	
0.466642	0.189104	0.4876	0.0730134	0.127595	0.338467	0.572123	0.439213	
0.872735	0.791641	0.778122	0.827201	0.801686	0.847386	0.740734	0.628021	
0.877916	0.808458	0.780712	0.866403	0.831791	0.861869	0.742074	0.632237	
0.870041	0.808778	0.782733	0.865198	0.830675	0.860918	0.744156	0.632727	
0.877886	0.808679	0.781326	0.866193	0.831697	0.86188	0.742677	0.632399	
0.690221	0.755587	0.762879	0.837572	0.81989	0.826245	0.733084	0.633592	
0.876705	0.808109	0.781075	0.866624	0.832294	0.861853	0.742532	0.632983	
0.878137	0.808601	0.78127	0.866452	0.831985	0.861969	0.742641	0.632647	
0.876475	0.809209	0.781768	0.866264	0.831555	0.863369	0.74423	0.63357	
0.830094	0.784711	0.77161	0.864561	0.830957	0.856045	0.739374	0.63513	
0.878105	0.809195	0.782045	0.866702	0.832283	0.862943	0.744209	0.63396	
0.877563	0.809386	0.78216	0.86659	0.832223	0.863432	0.745359	0.635284	
0.871197	0.782419	0.778303	0.833719	0.825306	0.854964	0.743788	0.636832	
0.878172	0.809527	0.782741	0.867385	0.832579	0.863683	0.745391	0.635784	
0.869586	0.808152	0.783797	0.866017	0.831225	0.864502	0.747334	0.637046	
0.878059	0.809912	0.783181	0.867151	0.83234	0.863954	0.745962	0.636157	
0.764299	0.742728	0.762474	0.843238	0.825977	0.83869	0.737933	0.641102	
0.877855	0.80924	0.783272	0.867428	0.832957	0.863585	0.746194	0.636973	
0.878135	0.810057	0.783486	0.867161	0.832279	0.864332	0.746796	0.636978	
0.878607	0.81008	0.78353	0.867454	0.832731	0.86423	0.74681	0.637373	
0.877224	0.80978	0.784474	0.866836	0.832397	0.864488	0.749312	0.638927	
0.815539	0.743481	0.773126	0.854169	0.823167	0.82324	0.736728	0.639905	
0.879035	0.810647	0.78428	0.867741	0.833338	0.864962	0.748889	0.639625	
0.879154	0.81077	0.784417	0.867657	0.833354	0.865014	0.749106	0.639701	
0.879717	0.81091	0.784574	0.868161	0.833899	0.865752	0.750218	0.641371	
0.334938	0.36548	0.622729	0.550984	0.509926	0.254203	0.478829	0.525819	
0.868614	0.802328	0.784786	0.861417	0.827171	0.84916	0.750196	0.640345	
0.879841	0.811252	0.784904	0.867877	0.833881	0.865712	0.750759	0.641437	
0.874259	0.806294	0.784119	0.867894	0.833827	0.860798	0.749981	0.643851	
0.879959	0.811095	0.784873	0.868175	0.834199	0.865768	0.750761	0.641993	
0.82201	0.761542	0.783563	0.849799	0.815716	0.829637	0.748928	0.638405	
0.879957	0.811424	0.785526	0.86774	0.833995	0.865713	0.751586	0.642038	
0.880369	0.811174	0.785217	0.868243	0.834637	0.865872	0.751236	0.642594	
0.880467	0.811566	0.785541	0.868112	0.834441	0.866009	0.75165	0.642611	
0.879753	0.808587	0.785476	0.868181	0.836158	0.865432	0.75175	0.644713	
0.880808	0.811013	0.785613	0.868414	0.835417	0.866035	0.75174	0.643573	
0.288631	0.344493	0.67103	0.611976	0.54851	0.506358	0.699798	0.564376	
0.86917	0.801402	0.787042	0.862934	0.827031	0.862291	0.753901	0.64332	
0.881063	0.811818	0.786075	0.868341	0.834912	0.866313	0.752205	0.643654	
0.881589	0.812323	0.786772	0.868462	0.835411	0.86639	0.753496	0.644556	
0.509242	0.642129	0.581202	0.364766	0.283864	0.613047	0.540188	0.526221	
0.877065	0.810605	0.783076	0.860129	0.823569	0.86468	0.749972	0.644699	
0.881798	0.812323	0.78666	0.868937	0.835332	0.866766	0.753484	0.644809	
0.88135	0.81213	0.786865	0.868592	0.836694	0.866097	0.755026	0.645267	
0.816819	0.793087	0.779643	0.830262	0.793851	0.860048	0.750199	0.644423	
0.882423	0.812891	0.787269	0.869295	0.836326	0.866626	0.755239	0.645843	
0.881449	0.812658	0.786532	0.869542	0.837262	0.866961	0.755245	0.64627	
0.866174	0.810149	0.788778	0.863725	0.82955	0.861466	0.757079	0.647053	
0.882565	0.813218	0.78749	0.86975	0.83685	0.867323	0.755907	0.646662	
0.87793	0.81172	0.786414	0.861091	0.835584	0.863627	0.756378	0.647073	
0.882717	0.813254	0.787786	0.869561	0.837298	0.867015	0.756239	0.646807	
0.875975	0.812731	0.788352	0.86738	0.833964	0.867133	0.758049	0.648723	
0.882635	0.813511	0.788069	0.86959	0.836914	0.867258	0.756747	0.647382	
0.610613	0.675759	0.753691	0.747066	0.692552	0.801924	0.729434	0.624394	
0.881083	0.811945	0.788039	0.868674	0.838231	0.866577	0.756711	0.647586	
0.883079	0.813416	0.78814	0.869608	0.837728	0.867188	0.756813	0.647518	
0.882141	0.812502	0.789657	0.868665	0.836808	0.867177	0.75882	0.648299	
0.838323	0.750996	0.782338	0.863012	0.838006	0.856255	0.753306	0.649396	
0.883726	0.81403	0.789263	0.869344	0.838555	0.867733	0.758365	0.648725	
0.88381	0.814143	0.789321	0.869361	0.838513	0.867789	0.758463	0.648814	
0.884067	0.814206	0.789534	0.869354	0.839367	0.868035	0.759222	0.649505	
0.684809	0.497568	0.766339	0.712256	0.664106	0.698367	0.739234	0.605765	
0.882555	0.811145	0.790596	0.868038	0.835557	0.866521	0.760552	0.64931	
0.88415	0.81456	0.789826	0.869529	0.839071	0.86805	0.759573	0.649543	
0.870962	0.796301	0.788482	0.868996	0.842771	0.86443	0.759299	0.651389	
0.884063	0.814315	0.789771	0.8697	0.839858	0.868124	0.759623	0.649858	
0.835243	0.772531	0.787042	0.854331	0.818625	0.839824	0.762004	0.64919	
0.884361	0.814823	0.790273	0.869422	0.839095	0.867979	0.760358	0.650044	
0.884247	0.814746	0.79004	0.869873	0.839959	0.868274	0.760047	0.650225	
0.884505	0.814956	0.790355	0.86974	0.83974	0.868233	0.760517	0.650361	
0.88344	0.814692	0.789936	0.869866	0.840014	0.867529	0.760536	0.651562	
0.884389	0.815042	0.790389	0.870099	0.840162	0.868401	0.760715	0.650931	
0.653375	0.707766	0.654999	0.569378	0.594224	0.470026	0.597919	0.588737	
0.883445	0.814876	0.790759	0.865252	0.835584	0.863272	0.761321	0.650832	
0.884788	0.815282	0.790879	0.869981	0.839966	0.868423	0.761248	0.65105	
0.88565	0.815926	0.791819	0.870217	0.840117	0.868902	0.762257	0.652379	
0.660875	0.74439	0.72429	0.630082	0.673451	0.595731	0.666387	0.625719	
0.884016	0.816376	0.793394	0.866601	0.837583	0.864565	0.763646	0.652872	
0.885815	0.816231	0.792456	0.870025	0.840056	0.868555	0.762875	0.652587	
0.772982	0.809906	0.778332	0.837769	0.808401	0.860748	0.748956	0.649175	
0.885317	0.816278	0.79213	0.870365	0.83991	0.869381	0.762858	0.652836	
0.884822	0.816021	0.792749	0.87012	0.840601	0.868757	0.76299	0.65298	
0.886217	0.816253	0.792459	0.870415	0.840356	0.869139	0.762964	0.652921	
0.885962	0.816403	0.793178	0.870286	0.839609	0.868852	0.764128	0.653342	
0.851326	0.791682	0.791852	0.858702	0.834622	0.863297	0.761678	0.652647	
0.886858	0.816933	0.793331	0.870556	0.840466	0.869163	0.763994	0.653459	
0.884449	0.816028	0.792988	0.871137	0.840514	0.870224	0.76439	0.654234	
0.886908	0.816814	0.793247	0.870897	0.840563	0.869661	0.764192	0.653791	
0.696343	0.807379	0.790008	0.863266	0.840853	0.862872	0.761256	0.653885	
0.88608	0.816814	0.793433	0.870873	0.841162	0.869571	0.764212	0.653984	
0.886684	0.817266	0.793393	0.870977	0.840347	0.869847	0.764661	0.653967	
0.887431	0.817137	0.793504	0.871076	0.840917	0.869854	0.764589	0.654044	
0.887754	0.817607	0.79378	0.871222	0.840521	0.87012	0.765457	0.654573	
0.402968	0.499126	0.678349	0.264916	0.29703	0.592455	0.692589	0.553081	
0.877829	0.811615	0.793101	0.8559	0.832793	0.866417	0.764353	0.652604	
0.887926	0.817416	0.793834	0.871428	0.841164	0.87022	0.765427	0.654486	
0.88818	0.818023	0.794167	0.87153	0.841073	0.870486	0.766516	0.654565	
0.542548	0.494675	0.745902	0.767727	0.773304	0.782582	0.730183	0.636016	
0.88214	0.808732	0.793985	0.871235	0.843425	0.869937	0.765821	0.654908	
0.888342	0.817912	0.794227	0.871621	0.841644	0.87059	0.766445	0.654664	
0.874324	0.81786	0.79366	0.870253	0.838816	0.871614	0.767986	0.655635	
0.888307	0.818127	0.794198	0.871658	0.841401	0.870832	0.766751	0.654835	
0.863407	0.808081	0.794539	0.870404	0.843509	0.869418	0.76664	0.654711	
0.888457	0.817867	0.794366	0.871824	0.841922	0.870827	0.766851	0.654877	
0.867754	0.809982	0.793744	0.866392	0.832212	0.869015	0.769301	0.655734	
0.888601	0.81842	0.794454	0.871929	0.841317	0.871059	0.767359	0.655105	
0.879938	0.809004	0.793394	0.85799	0.832413	0.866426	0.767974	0.654921	
0.88868	0.818198	0.794513	0.872104	0.842049	0.871238	0.767629	0.655291	
0.872947	0.803913	0.790857	0.815743	0.800338	0.858142	0.769838	0.654252	
0.888833	0.818859	0.79472	0.872325	0.841239	0.871461	0.768302	0.655682	
0.888884	0.818867	0.795032	0.87185	0.84162	0.871268	0.768955	0.655883	
0.888814	0.81893	0.794517	0.872743	0.841633	0.871652	0.768497	0.65603	
0.888968	0.819055	0.795079	0.872716	0.841693	0.871613	0.769228	0.656147	
0.888971	0.819085	0.795042	0.872857	0.841743	0.871738	0.769255	0.656204	
0.889163	0.819484	0.795476	0.87327	0.841925	0.871989	0.770455	0.656809	
0.869312	0.806182	0.779553	0.749842	0.758553	0.843776	0.761046	0.655508	
0.889062	0.819879	0.795507	0.872962	0.841065	0.872238	0.771152	0.657575	
0.886514	0.819147	0.794637	0.836643	0.825948	0.851132	0.769825	0.656152	
0.889354	0.820069	0.796153	0.873758	0.841709	0.872095	0.771885	0.657661	
0.888957	0.819504	0.796271	0.873603	0.842208	0.870734	0.77193	0.657953	
0.889348	0.820074	0.796265	0.874012	0.842156	0.87233	0.771992	0.657839	
0.8745	0.796306	0.793001	0.831538	0.812513	0.777949	0.764535	0.655514	
0.889522	0.820342	0.796816	0.87335	0.841691	0.871761	0.772787	0.65797	
0.889345	0.820146	0.796161	0.873979	0.842001	0.872224	0.772089	0.658036	
0.889535	0.820356	0.796616	0.874218	0.842118	0.872461	0.77258	0.658024	
0.88977	0.820433	0.79745	0.873999	0.842411	0.872558	0.773429	0.658484	
0.640835	0.612197	0.698764	0.511004	0.640059	0.790667	0.711953	0.643794	
0.88716	0.819436	0.795911	0.867311	0.83896	0.872009	0.772567	0.658638	
0.889813	0.820637	0.797373	0.874604	0.842339	0.872704	0.773386	0.658537	
0.889039	0.820393	0.798279	0.862905	0.837988	0.866443	0.775198	0.658894	
0.889881	0.820781	0.797669	0.874332	0.842292	0.872657	0.773753	0.658627	
0.887582	0.819312	0.795895	0.867356	0.83908	0.870878	0.772661	0.6593	
0.889906	0.820874	0.797545	0.874708	0.842461	0.872834	0.773695	0.65879	
0.889933	0.82106	0.797952	0.874451	0.842322	0.872736	0.774198	0.658826	
0.890015	0.821074	0.797781	0.874824	0.842643	0.872946	0.774033	0.658959	
0.890057	0.821204	0.797953	0.874787	0.8426	0.872955	0.774251	0.658996	
0.890199	0.821348	0.798423	0.875271	0.843432	0.873165	0.774985	0.659773	
0.138374	0.306318	0.674712	0.447382	0.417347	0.481708	0.683223	0.587617	
0.844816	0.785126	0.79946	0.865371	0.834833	0.868432	0.777374	0.658581	
0.8905	0.821995	0.798692	0.875133	0.843065	0.873214	0.77536	0.659743	
0.890575	0.821985	0.798669	0.875269	0.843241	0.873314	0.775327	0.659848	
0.890795	0.822589	0.799589	0.875039	0.843383	0.873352	0.776519	0.660379	
0.188106	0.387222	0.447896	0.276366	0.18112	0.286982	0.363893	0.486004	
0.868969	0.807494	0.786725	0.83273	0.817834	0.847066	0.766126	0.658673	
0.891231	0.822626	0.79927	0.875716	0.843583	0.873682	0.776159	0.660456	
0.891328	0.822699	0.799532	0.875625	0.843681	0.873594	0.776477	0.660536	
0.891719	0.8226	0.799607	0.875824	0.843765	0.873671	0.776655	0.661148	
0.88897	0.821327	0.798059	0.834832	0.827926	0.853058	0.776512	0.660311	
0.891984	0.822777	0.80008	0.875866	0.844059	0.873714	0.777154	0.661206	
0.892152	0.82309	0.800379	0.876131	0.843887	0.874091	0.777632	0.661569	
0.759222	0.774162	0.669455	0.381999	0.499516	0.436685	0.675396	0.6355	
0.891851	0.82241	0.800582	0.859441	0.839004	0.865331	0.778679	0.661617	
0.892336	0.823062	0.80067	0.876118	0.844114	0.87399	0.777912	0.661611	
0.891753	0.823169	0.800406	0.876564	0.843941	0.874495	0.778053	0.662306	
0.878618	0.822882	0.800603	0.863884	0.838832	0.861057	0.777571	0.661231	
0.892698	0.823341	0.801184	0.876324	0.844531	0.874443	0.778622	0.662327	
0.887777	0.823107	0.801673	0.876116	0.844031	0.874009	0.779914	0.662418	
0.892644	0.823775	0.801361	0.876325	0.844444	0.874417	0.778984	0.662365	
0.803455	0.811739	0.800478	0.87428	0.846248	0.866989	0.776047	0.663716	
0.892403	0.823604	0.801486	0.87652	0.844906	0.874375	0.778865	0.662576	
0.892639	0.823917	0.801531	0.876515	0.84449	0.87456	0.779297	0.662575	
0.892916	0.823879	0.801624	0.876549	0.844732	0.874512	0.779246	0.662659	
0.8925	0.824353	0.801968	0.876873	0.844537	0.874948	0.780001	0.663221	
0.13732	0.473083	0.543507	0.343613	0.381166	0.575798	0.565393	0.584792	
0.837559	0.817129	0.801392	0.864934	0.840047	0.869478	0.777301	0.662619	
0.893141	0.82438	0.802217	0.876805	0.844971	0.874776	0.78003	0.663266	
0.893148	0.824371	0.802464	0.877056	0.844812	0.875219	0.780492	0.664175	
0.427997	0.748433	0.650445	0.332476	0.353258	0.418533	0.52903	0.56355	
0.88886	0.824815	0.803332	0.863673	0.837905	0.865809	0.779665	0.663267	
0.893441	0.824564	0.802847	0.876808	0.845162	0.875032	0.780811	0.664212	
0.892436	0.825039	0.802765	0.876531	0.845442	0.875379	0.780906	0.664634	
0.879363	0.822451	0.804314	0.867991	0.842408	0.865555	0.780419	0.664967	
0.893231	0.825133	0.803386	0.876711	0.845627	0.875482	0.781407	0.664768	
0.891655	0.824761	0.803405	0.876883	0.844092	0.87483	0.782538	0.665621	
0.893532	0.82513	0.803464	0.876872	0.845229	0.875496	0.781812	0.665073	
0.834287	0.811899	0.804593	0.872152	0.845183	0.869895	0.779422	0.665735	
0.893316	0.824918	0.80372	0.876935	0.845652	0.875614	0.781721	0.665213	
0.89327	0.825327	0.803708	0.876836	0.845197	0.875793	0.782124	0.665309	
0.893671	0.82523	0.803866	0.876922	0.845498	0.875754	0.782045	0.66538	
0.891994	0.825579	0.804321	0.876855	0.844822	0.876464	0.782971	0.666002	
0.855725	0.811288	0.803975	0.874274	0.84604	0.873961	0.780694	0.666388	
0.893926	0.825589	0.80462	0.877037	0.845564	0.876266	0.782842	0.666132	
0.89409	0.826118	0.805554	0.87678	0.845896	0.876397	0.783622	0.666608	
0.65819	0.524488	0.698278	0.649535	0.59536	0.668582	0.660852	0.640943	
0.892353	0.821813	0.804071	0.874949	0.843941	0.875359	0.781969	0.667771	
0.894211	0.826047	0.805437	0.877031	0.846017	0.876782	0.783552	0.666902	
0.894982	0.826725	0.808105	0.871945	0.843912	0.871377	0.785764	0.667493	
0.894536	0.826375	0.806354	0.876534	0.845918	0.876201	0.784397	0.667115	
0.858492	0.767083	0.77198	0.76712	0.749781	0.773786	0.740172	0.661669	
0.89444	0.825791	0.805499	0.87687	0.846244	0.876777	0.783865	0.667915	
0.894597	0.826276	0.806044	0.877076	0.846331	0.876846	0.784281	0.667517	
0.880183	0.818419	0.807838	0.87608	0.844461	0.875239	0.787014	0.667684	
0.894555	0.826569	0.80644	0.877024	0.846153	0.876789	0.784802	0.667574	
0.509525	0.698767	0.789869	0.837971	0.820182	0.850426	0.766911	0.667339	
0.889207	0.825009	0.806712	0.876572	0.847026	0.876317	0.784444	0.668002	
0.89488	0.826555	0.806528	0.876991	0.846392	0.876734	0.784758	0.667677	
0.89506	0.826637	0.806888	0.877075	0.845929	0.876818	0.785306	0.668307	
0.21988	0.537258	0.724225	0.355685	0.393414	0.677639	0.684755	0.602357	
0.873898	0.822341	0.807786	0.867169	0.842146	0.87408	0.784487	0.667446	
0.895429	0.826594	0.807108	0.877095	0.846406	0.876757	0.785366	0.668301	
0.894994	0.826902	0.807556	0.876792	0.846293	0.876744	0.786115	0.668771	
0.876664	0.821515	0.808036	0.877171	0.84652	0.876295	0.785595	0.669782	
0.895445	0.826909	0.807745	0.87692	0.846425	0.876771	0.786124	0.66897	
0.892023	0.826652	0.807111	0.877268	0.845062	0.877262	0.786399	0.670261	
0.895527	0.82692	0.807614	0.877151	0.846164	0.876955	0.786275	0.669326	
0.856581	0.818034	0.809779	0.873787	0.845935	0.875518	0.786902	0.670693	
0.895455	0.8268	0.807909	0.877136	0.846338	0.876909	0.786424	0.669487	
0.895473	0.827061	0.807874	0.877194	0.846096	0.877054	0.786609	0.669588	
0.895609	0.826965	0.808082	0.877199	0.846251	0.877009	0.786679	0.669713	
0.891874	0.82634	0.808608	0.876929	0.844912	0.877322	0.787935	0.670397	
0.895551	0.827131	0.808282	0.877257	0.845955	0.877152	0.787087	0.669928	
0.833996	0.777221	0.802692	0.858077	0.833848	0.869931	0.783478	0.67244	
0.895498	0.826731	0.808556	0.877285	0.846365	0.877092	0.787109	0.670374	
0.895709	0.827269	0.808744	0.877268	0.845736	0.877145	0.787701	0.67028	
0.895882	0.827305	0.808842	0.877414	0.846103	0.877246	0.787645	0.670552	
0.896005	0.827415	0.80979	0.876712	0.844832	0.877042	0.789173	0.6715	
0.882302	0.803297	0.804737	0.840162	0.820151	0.863195	0.784469	0.668819	
0.896349	0.827861	0.80981	0.877632	0.846007	0.877494	0.788973	0.671683	
0.896351	0.827955	0.810394	0.877566	0.846228	0.87753	0.789809	0.67259	
0.311218	0.304507	0.596054	0.379042	0.460696	0.304272	0.63736	0.481726	
0.877714	0.806439	0.809056	0.85586	0.828022	0.863708	0.790859	0.670441	
0.896716	0.828451	0.810558	0.877636	0.846011	0.87765	0.790129	0.672637	
0.896476	0.827742	0.810514	0.877146	0.846696	0.878145	0.790604	0.673027	
0.892765	0.823542	0.810743	0.865357	0.832185	0.875362	0.792315	0.673246	
0.896959	0.828683	0.810874	0.877838	0.846746	0.87806	0.791093	0.673363	
0.892238	0.827906	0.811328	0.87584	0.846742	0.876923	0.791905	0.67381	
0.897089	0.828931	0.811075	0.877804	0.846892	0.87787	0.791348	0.673505	
0.890593	0.827423	0.806572	0.842041	0.813945	0.866687	0.785863	0.673976	
0.89716	0.828967	0.811009	0.878005	0.846588	0.878043	0.791383	0.673801	
0.897197	0.829136	0.811401	0.877317	0.846704	0.877515	0.791924	0.67383	
0.897252	0.829049	0.811219	0.878116	0.846949	0.878022	0.791726	0.673957	
0.897271	0.829086	0.811275	0.878099	0.846966	0.878001	0.791824	0.674005	
0.897417	0.829252	0.81166	0.878349	0.847182	0.878052	0.792419	0.674568	
0.883277	0.822209	0.806511	0.793076	0.784159	0.862937	0.78339	0.676081	
0.897532	0.829453	0.811832	0.878188	0.846568	0.878174	0.79271	0.675152	
0.896415	0.829405	0.811364	0.848453	0.829594	0.864683	0.790678	0.673996	
0.897666	0.82955	0.812179	0.878614	0.847242	0.878096	0.793167	0.675187	
0.897101	0.828367	0.812193	0.878621	0.847472	0.877588	0.793016	0.675574	
0.897699	0.82945	0.812224	0.878843	0.847493	0.878265	0.793153	0.675338	
0.890421	0.821473	0.811945	0.859966	0.836121	0.854359	0.793154	0.674675	
0.897764	0.829735	0.812536	0.878573	0.847367	0.878051	0.793583	0.675409	
0.897687	0.829611	0.81223	0.878961	0.847182	0.87824	0.793206	0.675604	
0.897766	0.829713	0.812446	0.878979	0.847452	0.87829	0.79347	0.675499	
0.897949	0.829873	0.813102	0.878005	0.847174	0.878127	0.794226	0.675833	
0.895351	0.829466	0.807468	0.853037	0.826187	0.868552	0.788885	0.675548	
0.897921	0.829879	0.81293	0.879345	0.8477	0.878462	0.794061	0.675918	
0.897586	0.830124	0.813165	0.87962	0.847459	0.878474	0.794667	0.676226	
0.895897	0.828504	0.813787	0.878088	0.84745	0.878306	0.794804	0.67662	
0.898019	0.830276	0.81341	0.879614	0.847741	0.878464	0.794748	0.676357	
0.895971	0.830021	0.810366	0.867058	0.83642	0.870874	0.791872	0.676897	
0.898014	0.830302	0.81334	0.879884	0.847703	0.878592	0.794681	0.676462	
0.898092	0.830371	0.813586	0.87954	0.847738	0.878464	0.794986	0.676493	
0.898069	0.830372	0.813509	0.87992	0.847811	0.878614	0.794885	0.676553	
0.898226	0.83069	0.814167	0.877993	0.846885	0.877664	0.795712	0.676847	
0.898148	0.830481	0.81375	0.879691	0.847817	0.878518	0.795184	0.676653	
0.888913	0.82738	0.798947	0.797354	0.752047	0.833334	0.777495	0.675107	
0.898074	0.830482	0.81352	0.879776	0.847358	0.878621	0.794805	0.676849	
0.898145	0.830491	0.813703	0.879973	0.847894	0.878693	0.795089	0.67673	
0.898341	0.830824	0.814373	0.879685	0.848016	0.878599	0.795758	0.677112	
0.755704	0.685342	0.715335	0.496027	0.316725	0.552215	0.630639	0.636141	
0.89705	0.829123	0.81255	0.873507	0.83935	0.875417	0.793172	0.677903	
0.898421	0.830844	0.814315	0.880045	0.848236	0.878986	0.795624	0.677322	
0.898369	0.831043	0.814798	0.880179	0.848536	0.879446	0.796128	0.677898	
0.18223	0.336278	0.65486	0.747124	0.515489	0.540823	0.631035	0.649603	
0.835623	0.803717	0.814531	0.87924	0.846978	0.875518	0.793299	0.678654	
0.898548	0.831049	0.81496	0.880255	0.848815	0.879498	0.796042	0.678031	
0.898707	0.831181	0.814933	0.880241	0.84865	0.879603	0.796135	0.67818	
0.898756	0.831164	0.814988	0.880245	0.848726	0.879625	0.796142	0.678209	
0.898682	0.831418	0.815301	0.880162	0.848731	0.880018	0.796455	0.678796	
0.235785	0.598431	0.767423	0.708954	0.764657	0.813531	0.757715	0.654189	
0.873749	0.827498	0.815869	0.878237	0.849859	0.879245	0.79572	0.678116	
0.898934	0.831354	0.815407	0.880175	0.848941	0.880015	0.796418	0.678749	
0.898455	0.831615	0.81553	0.880366	0.848747	0.880221	0.796816	0.679168	
0.868923	0.820294	0.816055	0.877918	0.850535	0.879019	0.795649	0.678942	
0.899039	0.831717	0.81572	0.880332	0.849082	0.880255	0.796747	0.679177	
0.899059	0.831777	0.815943	0.880451	0.849161	0.880566	0.797083	0.67973	
0.867951	0.813082	0.814912	0.834077	0.817386	0.86122	0.795106	0.677321	
0.898928	0.832236	0.816394	0.880083	0.849175	0.880433	0.797538	0.679771	
0.896487	0.831744	0.815238	0.877183	0.84583	0.879531	0.796448	0.680974	
0.899137	0.832235	0.816255	0.880676	0.849316	0.880816	0.797468	0.680104	
0.898434	0.830794	0.81704	0.880262	0.849736	0.880833	0.798101	0.681118	
0.858041	0.815397	0.813163	0.870334	0.84096	0.879626	0.796787	0.681247	
0.899317	0.832305	0.816876	0.880741	0.849459	0.881107	0.798207	0.681262	
0.898467	0.832522	0.816925	0.880911	0.849861	0.881324	0.798525	0.680795	
0.893673	0.831749	0.817214	0.880733	0.848728	0.881129	0.798902	0.682687	
0.899436	0.833027	0.817162	0.881155	0.849769	0.881437	0.798691	0.681511	
0.869899	0.820458	0.817285	0.86981	0.845529	0.87565	0.797743	0.681935	
0.899539	0.833086	0.817373	0.881033	0.849917	0.881387	0.798838	0.681617	
0.899583	0.833179	0.817329	0.881161	0.849771	0.881496	0.798871	0.681877	
0.899679	0.833186	0.81745	0.881118	0.849915	0.881467	0.798978	0.681873	
0.899105	0.833532	0.817364	0.880111	0.848565	0.881542	0.799179	0.682813	
0.89969	0.833319	0.817466	0.881178	0.84979	0.881587	0.799082	0.682189	
0.812355	0.817567	0.798994	0.690581	0.721753	0.815473	0.777223	0.673836	
0.899369	0.833128	0.81794	0.87934	0.849389	0.880859	0.799376	0.682039	
0.899793	0.833299	0.81764	0.881167	0.850025	0.881536	0.799213	0.682165	
0.899927	0.833481	0.817924	0.881323	0.850195	0.881748	0.799546	0.682597	
0.881132	0.827581	0.801895	0.697497	0.7303	0.756673	0.765755	0.674831	
0.900005	0.833701	0.818668	0.879069	0.849193	0.880223	0.800201	0.682611	
0.899992	0.833554	0.818163	0.881232	0.850258	0.881642	0.799802	0.682618	
0.898513	0.83337	0.817408	0.878962	0.847265	0.880226	0.798483	0.683223	
0.900012	0.833567	0.818117	0.881397	0.850226	0.881958	0.799807	0.682787	
0.878674	0.831986	0.819164	0.863888	0.83923	0.871599	0.797835	0.681183	
0.900023	0.83363	0.81846	0.881272	0.850479	0.881851	0.800075	0.682781	
0.899639	0.833774	0.818337	0.881373	0.850105	0.882144	0.800284	0.683024	
0.900041	0.833578	0.818569	0.881383	0.850607	0.882115	0.800172	0.683037	
0.900247	0.833757	0.818551	0.881404	0.850473	0.882162	0.800302	0.683076	
0.900466	0.833951	0.818837	0.881472	0.850607	0.882494	0.800702	0.683477	
0.887639	0.823025	0.820794	0.853905	0.831257	0.875826	0.799981	0.68331	
0.900577	0.833913	0.819381	0.881174	0.851039	0.882561	0.801191	0.683762	
0.231565	0.355749	0.636179	0.279571	0.313441	0.67595	0.593661	0.542992	
0.861816	0.823066	0.816813	0.864137	0.833406	0.880893	0.80046	0.683941	
0.900641	0.834205	0.819331	0.881485	0.850849	0.882752	0.801369	0.683966	
0.900746	0.834163	0.819414	0.881498	0.850956	0.882794	0.801336	0.684043	
0.899306	0.834292	0.819506	0.881457	0.850138	0.883238	0.801842	0.684619	
0.900626	0.834303	0.819464	0.881585	0.850732	0.882983	0.801545	0.684271	
0.642504	0.793484	0.815634	0.866427	0.845718	0.877141	0.795144	0.681741	
0.898294	0.833881	0.819767	0.881575	0.85136	0.882921	0.801302	0.684312	
0.90076	0.834282	0.819555	0.881615	0.850915	0.882979	0.801491	0.684288	
0.900665	0.834362	0.819834	0.881841	0.851032	0.883115	0.801908	0.684587	
0.530445	0.795869	0.813542	0.873627	0.848774	0.867338	0.793064	0.683454	
0.896132	0.834026	0.8203	0.882026	0.851714	0.883128	0.801656	0.68493	
0.900719	0.834359	0.819965	0.881904	0.851215	0.88315	0.80186	0.684679	
0.894183	0.831565	0.820335	0.882004	0.8503	0.882928	0.803426	0.685025	
0.900675	0.834509	0.820059	0.881984	0.851076	0.883175	0.802171	0.684768	
0.870425	0.801668	0.820218	0.876022	0.850551	0.880107	0.80111	0.686244	
0.900672	0.834231	0.820239	0.882114	0.851463	0.88323	0.802157	0.68501	
0.90069	0.83467	0.820385	0.882096	0.851093	0.883208	0.802539	0.685045	
0.900744	0.834534	0.82039	0.882261	0.851399	0.883341	0.802462	0.685247	
0.90075	0.834737	0.820541	0.882206	0.851329	0.883303	0.802672	0.685272	
0.900135	0.834469	0.820397	0.881827	0.850489	0.882629	0.802588	0.686415	
0.900707	0.834741	0.820547	0.882461	0.851306	0.883468	0.802754	0.685665	
0.770816	0.741916	0.738519	0.497663	0.555317	0.438147	0.627421	0.64718	
0.899731	0.834558	0.821253	0.873391	0.846665	0.875762	0.802835	0.685193	
0.900772	0.83486	0.820793	0.882388	0.851397	0.883462	0.803043	0.68565	
0.900806	0.835058	0.821163	0.882554	0.851434	0.883539	0.803501	0.685989	
0.876951	0.731626	0.814806	0.814899	0.794246	0.862525	0.800904	0.682582	
0.900878	0.833807	0.821273	0.882175	0.851653	0.883678	0.803582	0.686111	
0.900892	0.834902	0.821216	0.882603	0.851653	0.883655	0.803537	0.686043	
0.893916	0.823372	0.820692	0.871663	0.840747	0.881309	0.804676	0.686098	
0.900848	0.835105	0.821264	0.882695	0.851489	0.883723	0.803706	0.686149	
0.90085	0.834949	0.821428	0.882654	0.851819	0.883727	0.803725	0.686199	
0.900912	0.835155	0.821392	0.882827	0.851676	0.883824	0.803831	0.686269	
0.900956	0.835144	0.82148	0.882829	0.851794	0.883823	0.80387	0.686303	
0.900635	0.835285	0.82161	0.883336	0.851919	0.884227	0.80423	0.686738	
0.0747429	0.479828	0.45232	0.200902	0.157405	0.299974	0.287964	0.494176	
0.826959	0.829153	0.819698	0.835584	0.824075	0.865845	0.797502	0.683901	
0.901068	0.835257	0.822015	0.883077	0.852216	0.884085	0.804402	0.686714	
0.901129	0.835381	0.821931	0.883338	0.852188	0.884212	0.804422	0.686765	
0.90107	0.835702	0.822323	0.883377	0.852426	0.884395	0.804723	0.687103	
0.495917	0.786821	0.80018	0.790381	0.756004	0.855478	0.781988	0.670655	
0.894934	0.835563	0.821882	0.882954	0.851093	0.884843	0.804879	0.687339	
0.901237	0.835759	0.822279	0.883476	0.85234	0.884532	0.804793	0.687176	
0.899933	0.83293	0.823027	0.882498	0.852654	0.884341	0.805093	0.687976	
0.901256	0.835595	0.8225	0.883437	0.852586	0.884534	0.804893	0.687405	
0.833964	0.736051	0.81649	0.834712	0.812914	0.873107	0.803669	0.68242	
0.900977	0.83562	0.8225	0.883318	0.85191	0.884682	0.805181	0.68749	
0.901343	0.835905	0.822516	0.883527	0.85243	0.884625	0.805014	0.687453	
0.901346	0.835878	0.822842	0.883637	0.852737	0.884779	0.805403	0.68827	
0.527862	0.382407	0.747052	0.609192	0.631209	0.444892	0.72854	0.605906	
0.896333	0.827187	0.823538	0.878137	0.848845	0.878389	0.806911	0.68774	
0.901374	0.836378	0.823059	0.883592	0.852607	0.884771	0.805743	0.688301	
0.897753	0.836719	0.822942	0.88366	0.851128	0.883886	0.805008	0.689044	
0.901377	0.836479	0.823087	0.883705	0.852536	0.88495	0.805724	0.688472	
0.884769	0.833378	0.822107	0.86483	0.83453	0.857859	0.803038	0.687409	
0.901378	0.836576	0.823355	0.883484	0.852577	0.884647	0.806118	0.68852	
0.90141	0.8366	0.823204	0.88383	0.852533	0.885037	0.805892	0.6887	
0.901413	0.836648	0.823344	0.883767	0.852702	0.884955	0.806073	0.688701	
0.901327	0.83689	0.823372	0.884126	0.852456	0.885147	0.806079	0.689318	
0.897687	0.835203	0.819493	0.861108	0.827242	0.863467	0.801497	0.686487	
0.901357	0.836937	0.823712	0.884133	0.853021	0.885161	0.806453	0.689252	
0.90113	0.83712	0.823953	0.884403	0.853095	0.885385	0.806797	0.68982	
0.305089	0.786868	0.686121	0.564499	0.566497	0.702063	0.690152	0.639436	
0.891106	0.836956	0.823563	0.879646	0.849652	0.882775	0.806515	0.689076	
0.901355	0.837167	0.824101	0.884313	0.853307	0.885298	0.806907	0.689789	
0.900814	0.837311	0.823588	0.883797	0.852087	0.884233	0.806159	0.690474	
0.901334	0.837217	0.824041	0.884508	0.853364	0.885468	0.80681	0.689961	
0.897641	0.835618	0.823189	0.859411	0.833049	0.857419	0.802468	0.688605	
0.90135	0.837294	0.824434	0.884236	0.853421	0.88517	0.807193	0.689987	
0.901349	0.837282	0.824234	0.884548	0.853532	0.885553	0.806976	0.690173	
0.901359	0.837337	0.824397	0.884487	0.853562	0.885503	0.807156	0.6902	
0.901322	0.837421	0.824636	0.884679	0.853718	0.885771	0.807231	0.691011	
0.358478	0.345033	0.537392	0.349445	0.303135	0.148656	0.250474	0.503959	
0.892121	0.823825	0.823651	0.851985	0.829386	0.841622	0.798883	0.687747	
0.90143	0.837575	0.825098	0.884612	0.853866	0.885714	0.80775	0.690926	
0.901435	0.837589	0.825064	0.884712	0.853923	0.885855	0.807697	0.691046	
0.901456	0.837851	0.825748	0.884581	0.853884	0.885875	0.808296	0.691647	
0.289202	0.494647	0.746672	0.573344	0.544973	0.534714	0.65505	0.668131	
0.880888	0.830241	0.824701	0.882923	0.852897	0.881481	0.805462	0.692518	
0.901514	0.837806	0.825719	0.884742	0.854093	0.886133	0.808161	0.691781	
0.898765	0.837496	0.825655	0.88469	0.85355	0.886673	0.808368	0.692148	
0.901489	0.837905	0.82572	0.884832	0.854022	0.886312	0.80824	0.691895	
0.847499	0.822556	0.825713	0.875673	0.851797	0.883751	0.807106	0.691714	
0.901449	0.837768	0.8259	0.884819	0.854333	0.886292	0.808215	0.692012	
0.901637	0.838009	0.82588	0.884881	0.854045	0.886434	0.80832	0.692148	
0.901679	0.837982	0.825949	0.884922	0.854209	0.886446	0.808322	0.692188	
0.90162	0.838307	0.826115	0.884777	0.853627	0.886905	0.808572	0.692891	
0.888634	0.824449	0.824748	0.854921	0.835445	0.880688	0.806638	0.689589	
0.901899	0.838302	0.826274	0.885269	0.854338	0.886869	0.808666	0.692834	
0.90198	0.838405	0.826925	0.884954	0.85428	0.886369	0.809169	0.693311	
0.897568	0.838473	0.823953	0.879366	0.848276	0.88013	0.804966	0.69397	
0.902094	0.838496	0.82668	0.885531	0.854488	0.887164	0.809026	0.693543	
0.901944	0.838573	0.827006	0.885164	0.854574	0.88698	0.809466	0.693578	
0.897062	0.836098	0.824325	0.860059	0.828988	0.882185	0.807209	0.693904	
0.902232	0.838851	0.82708	0.886045	0.854921	0.887404	0.809563	0.694087	
0.899059	0.833172	0.827984	0.882141	0.853851	0.885726	0.809752	0.695026	
0.902342	0.838829	0.827316	0.885942	0.854988	0.88739	0.809667	0.694263	
0.888057	0.837051	0.826822	0.881328	0.849768	0.88694	0.809849	0.694821	
0.902323	0.838934	0.827325	0.886033	0.854894	0.887472	0.809764	0.694373	
0.890486	0.83707	0.82803	0.881709	0.853796	0.88669	0.809581	0.694361	
0.902387	0.838917	0.827472	0.885967	0.85509	0.887487	0.809803	0.69442	
0.893532	0.838571	0.827063	0.884553	0.852331	0.887225	0.810126	0.695294	
0.902357	0.839005	0.827479	0.886119	0.855033	0.887572	0.80995	0.694602	
0.888903	0.838103	0.827261	0.877127	0.848006	0.881729	0.807782	0.693651	
0.902513	0.839054	0.827673	0.886009	0.855262	0.887503	0.810084	0.69462	
0.898711	0.838013	0.824508	0.879231	0.844616	0.877316	0.804528	0.695549	
0.902492	0.839053	0.827563	0.886205	0.855325	0.887744	0.810016	0.694839	
0.899721	0.835872	0.828765	0.881016	0.850498	0.876576	0.809603	0.693732	
0.902558	0.839193	0.827824	0.886094	0.855441	0.887529	0.810333	0.694802	
0.898469	0.82301	0.82716	0.885348	0.854321	0.885499	0.808805	0.697177	
0.902581	0.838999	0.827809	0.886169	0.855564	0.887736	0.810306	0.695137	
0.895029	0.810047	0.828173	0.88438	0.854881	0.884492	0.811786	0.693724	
0.902576	0.839288	0.827992	0.886138	0.855587	0.887646	0.810552	0.695037	
0.902669	0.839108	0.828047	0.886172	0.855742	0.887698	0.810577	0.69529	
0.902661	0.839395	0.82817	0.886157	0.855734	0.887666	0.810751	0.695233	
0.900326	0.831252	0.828418	0.885745	0.856442	0.887692	0.811051	0.696453	
0.902718	0.839149	0.828257	0.886198	0.85596	0.887771	0.810832	0.695494	
0.821934	0.754574	0.825284	0.866253	0.842929	0.874366	0.812836	0.691922	
0.902173	0.839417	0.828527	0.886098	0.855664	0.887562	0.811308	0.695408	
0.902721	0.839518	0.828385	0.886213	0.855868	0.887713	0.811037	0.695465	
0.901271	0.839433	0.828687	0.886378	0.856689	0.887844	0.811336	0.695942	
0.845194	0.833011	0.827285	0.87885	0.849691	0.883485	0.813539	0.694784	
0.902976	0.839918	0.828887	0.886567	0.856422	0.887859	0.81186	0.695978	
0.902812	0.840216	0.829401	0.886737	0.856663	0.887772	0.812566	0.696274	
0.277173	0.57206	0.740803	0.649425	0.599221	0.641967	0.664153	0.673675	
0.878922	0.835423	0.828026	0.885195	0.855976	0.884612	0.809413	0.697204	
0.903068	0.840211	0.829343	0.886866	0.856839	0.887967	0.812389	0.696416	
0.902564	0.839997	0.829717	0.887091	0.856336	0.888013	0.813198	0.697192	
0.882561	0.839081	0.828023	0.877791	0.850054	0.886147	0.811268	0.694942	
0.903324	0.840131	0.829846	0.887175	0.856917	0.888135	0.813195	0.697063	
0.902901	0.840234	0.830021	0.887186	0.857042	0.888324	0.813194	0.69731	
0.902406	0.837941	0.830508	0.882164	0.852845	0.887492	0.814188	0.697161	
0.903356	0.840419	0.830272	0.887494	0.857239	0.888373	0.813571	0.697349	
0.899556	0.838533	0.829941	0.885222	0.852277	0.887426	0.814208	0.698544	
0.903489	0.840387	0.830416	0.88752	0.857067	0.888395	0.813776	0.697605	
0.89406	0.837723	0.830054	0.865448	0.841416	0.884809	0.812802	0.695318	
0.903486	0.840354	0.830662	0.887397	0.857219	0.888428	0.813967	0.697549	
0.903506	0.840439	0.830594	0.88762	0.857084	0.888502	0.813997	0.697778	
0.90354	0.84043	0.830767	0.887599	0.857248	0.88852	0.814119	0.69773	
0.902615	0.840685	0.831098	0.88717	0.856242	0.888767	0.814635	0.69845	
0.903419	0.840567	0.830948	0.887707	0.857042	0.888666	0.814371	0.698049	
0.487913	0.767032	0.758634	0.512482	0.566082	0.808928	0.744014	0.652832	
0.898867	0.83965	0.831324	0.882952	0.855168	0.887983	0.814197	0.697058	
0.903636	0.840532	0.831135	0.88773	0.857345	0.888673	0.814452	0.697947	
0.903686	0.840814	0.831655	0.887801	0.857498	0.888778	0.814897	0.698176	
0.723235	0.747063	0.81352	0.855117	0.785574	0.838986	0.785592	0.698923	
0.901836	0.839121	0.831845	0.888036	0.857498	0.888753	0.814318	0.698843	
