0.003620
0.003646
0.003909
0.008890
0.040403
0.037690
0.043973
0.135287
0.017278
0.022444
0.077561
0.182837
0.027585
0.146020
0.206797
0.093931
0.234147
0.223040
0.263353
0.221755
0.288886
0.023760
0.135165
0.266565
0.304783
0.337425
0.085870
0.336563
0.367332
0.338532
0.381760
0.135718
0.369866
0.393245
0.268945
0.401547
0.387989
0.422662
0.269856
0.428635
0.430053
0.441858
0.458403
0.205135
0.463324
0.475319
0.477242
0.485072
0.228141
0.487902
0.496658
0.497698
0.507629
0.088182
0.462097
0.509517
0.510819
0.512767
0.513828
0.523541
0.077337
0.168891
0.519141
0.525750
0.533862
0.381412
0.537835
0.358822
0.543483
0.546858
0.553978
0.062698
0.289838
0.555053
0.558079
0.558919
0.567219
0.406530
0.572999
0.231298
0.570908
0.580510
0.578768
0.583534
0.386450
0.585357
0.582336
0.587905
0.582728
0.590046
0.285046
0.579438
0.591824
0.597484
0.422654
0.601867
0.603301
0.582389
0.604429
0.476602
0.605369
0.606757
0.607904
0.612196
0.108827
0.306384
0.612870
0.616492
0.621155
0.046766
0.371218
0.622798
0.624492
0.619992
0.625770
0.431908
0.623827
0.626893
0.630964
0.152769
0.539461
0.633645
0.634764
0.633953
0.637030
0.069336
0.597666
0.638676
0.642356
0.197175
0.623424
0.643566
0.642099
0.644987
0.324574
0.642899
0.646308
0.642733
0.647938
0.373300
0.647259
0.649393
0.648750
0.651542
0.255745
0.632941
0.653232
0.648796
0.654591
0.541944
0.656175
0.657578
0.658642
0.659481
0.660293
0.660991
0.651883
0.662069
0.474591
0.661785
0.663016
0.663502
0.587540
0.669243
0.669809
0.673201
0.114937
0.612469
0.674428
0.674962
0.676828
0.568939
0.679675
0.680163
0.682896
0.131047
0.614609
0.683810
0.684240
0.686814
0.201631
0.630331
0.687618
0.688012
0.689216
0.599281
0.691408
0.691688
0.693926
0.562114
0.694624
0.649408
0.696473
0.696780
0.698343
0.167281
0.679083
0.699030
0.691631
0.699574
0.658432
0.700103
0.700569
0.697213
0.701338
0.372609
0.697641
0.702001
0.704564
0.346361
0.696248
0.705002
0.690772
0.705430
0.685541
0.706035
0.606687
0.706587
0.707315
0.707817
0.709765
0.540130
0.711468
0.711943
0.714118
0.696431
0.717658
0.022576
0.196128
0.710060
0.719844
0.694831
0.720313
0.711746
0.720711
0.708888
0.721162
0.699208
0.721681
0.690838
0.722265
0.677620
0.722782
0.723181
0.723731
0.724014
0.726197
0.236984
0.700052
0.726619
0.726886
0.728545
0.175201
0.612960
0.729252
0.729731
0.731011
0.384062
0.721525
0.731512
0.733605
0.270118
0.709954
0.734622
0.725642
0.735107
0.526493
0.733511
0.735472
0.736736
0.248736
0.720588
0.737181
0.737808
0.712361
0.738639
0.738576
0.739090
0.672623
0.739354
0.739393
0.740184
0.740327
0.741677
0.501208
0.739863
0.742039
0.663771
0.742193
0.742727
0.743074
0.744894
0.405012
0.739078
0.745227
0.731161
0.745640
0.709280
0.746144
0.724845
0.746675
0.701463
0.747022
0.747013
0.747428
0.747838
0.715410
0.748981
0.749123
0.750054
0.506617
0.748300
0.750562
0.744996
0.751042
0.584795
0.749667
0.751361
0.747056
0.751654
0.738713
0.752112
0.729730
0.752749
0.658065
0.752950
0.752725
0.753705
0.755034
0.451792
0.751316
0.755524
0.734597
0.755807
0.730430
0.756107
0.756398
0.756650
0.754700
0.757065
0.594119
0.756093
0.757418
0.758906
0.319148
0.745659
0.759303
0.758235
0.759688
0.659148
0.759740
0.760375
0.760759
0.761153
0.726790
0.762388
0.762519
0.763636
0.604050
0.763011
0.764006
0.704010
0.764181
0.764258
0.764883
0.765013
0.765994
0.671911
0.765703
0.766299
0.571213
0.764886
0.766536
0.767135
0.742461
0.767850
0.767989
0.768895
0.400701
0.759283
0.769191
0.769096
0.769625
0.583962
0.767545
0.770002
0.771157
0.205429
0.737547
0.771485
0.771647
0.772113
0.729062
0.772814
0.772901
0.773628
0.674163
0.773439
0.773865
0.646805
0.773104
0.774045
0.774730
0.495781
0.770444
0.775005
0.774354
0.775307
0.603075
0.773320
0.775534
0.775815
0.760591
0.776478
0.776765
0.773611
0.777325
0.777279
0.777687
0.457172
0.768933
0.777971
0.778599
0.470633
0.771369
0.778974
0.778586
0.779322
0.691879
0.779278
0.779636
0.777809
0.780005
0.536212
0.777063
0.780236
0.780191
0.780520
0.698851
0.780417
0.780760
0.780322
0.781083
0.691992
0.780928
0.781380
0.779268
0.781689
0.748335
0.781977
0.782248
0.782538
0.782685
0.783585
0.248281
0.735927
0.783911
0.784112
0.784700
0.298416
0.751513
0.785073
0.785181
0.785941
0.560946
0.783279
0.786197
0.783536
0.786501
0.693564
0.786365
0.786770
0.784033
0.787042
0.740275
0.787149
0.787387
0.787692
0.788023
0.767241
0.788668
0.789122
0.773740
0.789597
0.789718
0.790226
0.745675
0.790698
0.790817
0.791435
0.628061
0.785059
0.791624
0.788965
0.791790
0.770276
0.791956
0.792113
0.792271
0.792074
0.792535
0.551420
0.789571
0.792754
0.793448
0.469479
0.786952
0.793609
0.793319
0.793809
0.704710
0.793528
0.794002
0.794567
0.466211
0.781038
0.795018
0.794976
0.795339
0.395179
0.782708
0.795547
0.795909
0.651122
0.794926
0.796061
0.796587
0.776515
0.797073
0.794974
0.797217
0.763012
0.797275
0.797492
0.797638
0.798290
0.315192
0.782609
0.798503
0.799103
0.240693
0.782188
0.799440
0.799879
0.336720
0.785941
0.800183
0.799403
0.800342
0.757384
0.800272
0.800463
0.800805
0.789061
0.801180
0.801500
0.790816
0.801908
0.800957
0.802089
0.769555
0.802188
0.802403
0.802602
0.802930
0.776169
0.803565
0.803646
0.804325
0.455364
0.798002
0.804458
0.802628
0.804603
0.781200
0.804747
0.804917
0.805050
0.805006
0.805327
0.529397
0.800886
0.805548
0.806125
0.507582
0.801724
0.806264
0.806503
0.783541
0.806989
0.806990
0.802997
0.807471
0.804977
0.807585
0.806538
0.807763
0.704429
0.807356
0.807936
0.808009
0.791454
0.808718
0.808777
0.809161
0.671056
0.808034
0.809288
0.805329
0.809414
0.789849
0.809544
0.809676
0.809801
0.809697
0.810016
0.604553
0.808168
0.810202
0.810908
0.665115
0.809882
0.811075
0.783284
0.811134
0.811130
0.811341
0.811470
0.800726
0.811845
0.811746
0.812009
0.784483
0.812016
0.812143
0.812319
0.812629
0.497564
0.806827
0.812738
0.813067
0.684117
0.811273
0.813181
0.811269
0.813264
0.808839
0.813374
0.808017
0.813531
0.807757
0.813713
0.795754
0.813928
0.814045
0.814102
0.814312
0.814362
0.814822
0.777971
0.814930
0.805000
0.815335
0.815145
0.815502
0.788232
0.815530
0.815498
0.815738
0.816067
0.656159
0.813999
0.816174
0.813642
0.816249
0.814008
0.816352
0.816435
0.816534
0.816600
0.817074
0.467085
0.804249
0.817213
0.817278
0.817705
0.327199
0.798202
0.817841
0.817934
0.818124
0.807624
0.818355
0.818616
0.603992
0.814864
0.818727
0.818836
0.813085
0.819184
0.818631
0.819290
0.805369
0.819342
0.819440
0.819514
0.819800
0.450584
0.808807
0.819948
0.820217
0.502965
0.815916
0.820360
0.820392
0.815933
0.820718
0.820473
0.820826
0.810396
0.820886
0.820945
0.821046
0.821126
0.814043
0.821497
0.821883
0.637029
0.820278
0.821997
0.821288
0.822179
0.761260
0.822175
0.822371
0.819615
0.822488
0.742624
0.821661
0.822564
0.822753
0.524402
0.817419
0.822882
0.823021
0.820197
0.823164
0.822755
0.823241
0.817154
0.823307
0.823369
0.823438
0.823040
0.823543
0.803960
0.823626
0.823732
0.823874
0.824059
0.808392
0.824476
0.824803
0.434359
0.812762
0.824973
0.825044
0.820689
0.825452
0.824587
0.825564
0.813388
0.825620
0.825628
0.825786
0.825816
0.826113
0.801455
0.826201
0.818073
0.826462
0.826241
0.826558
0.817764
0.826627
0.826590
0.826702
0.826786
0.818062
0.827027
0.827165
0.826682
0.827329
0.822435
0.827372
0.827409
0.827467
0.827273
0.827530
0.793822
0.827435
0.827590
0.827838
0.598516
0.824759
0.827974
0.828300
0.532180
0.815945
0.828400
0.828454
0.828482
0.828695
0.662585
0.824787
0.828749
0.828865
0.823417
0.829009
0.829221
0.810132
0.829320
0.827929
0.829501
0.829540
0.819444
0.829909
0.829916
0.829352
0.830274
0.822289
0.830349
0.830408
0.830458
0.830276
0.830538
0.763473
0.830180
0.830605
0.830843
0.766958
0.830459
0.830907
0.829681
0.830984
0.822945
0.831071
0.831085
0.831188
0.831247
0.831501
0.821967
0.831700
0.453638
0.820567
0.831825
0.831869
0.831800
0.831939
0.789724
0.831677
0.831986
0.832168
0.775764
0.831739
0.832231
0.831221
0.832302
0.823293
0.832390
0.832466
0.832547
0.832601
0.832369
0.832706
0.627122
0.829924
0.832796
0.833006
0.797317
0.832895
0.833063
0.827809
0.833122
0.833169
0.833236
0.833275
0.833497
0.305914
0.810340
0.833604
0.833671
0.833890
0.742178
0.832936
0.833949
0.833556
0.834026
0.799166
0.833960
0.834102
0.834361
0.584632
0.830885
0.834478
0.833767
0.834541
0.823490
0.834582
0.834651
0.834700
0.834839
0.824023
0.835003
0.835213
0.617590
0.832411
0.835280
0.834808
0.835338
0.824675
0.835385
0.835456
0.835500
0.835724
0.349571
0.818652
0.835871
0.835915
0.836167
0.563342
0.831389
0.836244
0.835918
0.836302
0.825726
0.836348
0.836419
0.836462
0.836602
0.825639
0.836806
0.836924
0.833338
0.837128
0.837161
0.828729
0.837523
0.835839
0.837592
0.834329
0.837640
0.835215
0.837693
0.836087
0.837765
0.832820
0.837840
0.832809
0.837905
0.834473
0.837972
0.834974
0.838038
0.832814
0.838102
0.838163
0.838221
0.837172
0.838297
0.811262
0.838269
0.838365
0.838448
0.828230
0.838808
0.839055
0.602310
0.834346
0.839137
0.839264
0.833733
0.839473
0.839527
0.838088
0.839759
0.838213
0.839832
0.832704
0.839883
0.839940
0.839994
0.839958
0.840096
0.662240
0.838400
0.840181
0.840413
0.781001
0.840031
