0.490444832186316
0.185960768197765
0.96525300830795
0.409223324867481
0.848744912082962
0.391313745991681
0.590182156975697
0.0310803539494116
1
0.611267728580674
0.641783389952222
0.28573363056936
0.980321444476778
0.268946451710374
0.974662109199242
0
0.661336303289962
0.817906160103527
0.898372433852153
0.705728500915182
0.895379519594564
0.652804329358748
1
0.328427291595411
0.00160687040636341
0.223081342851757
0.753306029337541
0.423774424724572
0.957035400759986
0.740405287809601
1
0.992674805016112
0
0.0257967725027167
0.0235868662140751
2.74298414691066e-07
0.285009242213088
0.340254766685169
1
0.851461173983066
0
0
3.98243667758395e-05
2.31262625791513e-08
0.23390331417533
0.446449916103294
0.288968438300013
0.877001470827601
0
0.212154335803438
0.657563539668028
1.10129971451854e-09
0.460355714897773
0.594892934052805
0.655857611781722
1
0.443800125772599
0.288706188555301
0.434742814988785
0.384575108586242
0.760167121883953
0.832662680578599
0.558789212102571
0.956734479792624
1
0.0688912141751505
0.454908103256129
0.541374417007197
0.248818338299387
1
0.701467676383477
0.941943979760627
1
0.165110610501116
0.943773455138931
0.714247683394904
0.340826120182733
1
0.684866736234901
0.314097884144124
1
0.27150980211733
0.403342642112168
0.531866968344021
0.809492115922917
0.447594099631494
0.710354466873559
0.115411161852909
0.379934281999058
0.224944293735527
0.612982963446197
0.240526303048033
0.621942091506416
0.612655395695753
0.659851816381378
0.671212089831594
0
0.140443371299303
0.506086014502278
0.0851471746677124
0.855905225860206
0.738552409944027
0.32751882079341
0.306993272845261
0.0256686567665179
4.91254397090583e-09
0.284053589904666
6.95791161273758e-07
0.322597601981183
0.512910644904136
0.999999987162917
0.304474838393047
0.0614146449415173
3.31710454803056e-09
0.349917562428927
1.60217503747768e-05
0.344210165022632
0.428470389569495
0.246037943287616
0.0480988282278364
0.95103066357254
0.677856937049732
0.479481068825646
0.645712120140539
0.209441635561865
0.648556183870179
0.427440245630821
0
1
0.525516510462299
0.28225244756647
0.217339106260828
0.532394087726474
0.984002666530146
0.251671530533871
0.371547871760677
0.551142347420359
0.440744132996551
0.45720504018077
0.768084992151119
0.697036733471429
0.852667894857795
0.980079626590988
0.954557457043186
0.915355924742566
0.673719080536246
0.944379552380716
0.798208454419036
0.77358456989169
0.775768281686928
0.953550941583106
0
0.353296202589173
0.673489747038372
0.745195839193682
0.525103067014881
0.75844572667799
0.450146547085362
0.0160476291124695
0
0.729414039224639
0.480001541367539
0.342703912771168
0.268795909059909
0.657974705782706
0.77328918662573
1
0.232117296044215
0.502300986104037
0.253536535393398
0.504914847660964
3.66397168291663e-06
0.46076587740358
0.676588290074124
0.571025861678061
0.0655198445348643
0.674679602988016
0.64445349809292
0.74395701187371
0.629838607341709
0.301355919725449
0.999895983696965
0.250966368558023
0.703208093826848
1
0.120798655370183
0.627797985129459
0.932284763203682
0.0205283633353496
0.310349746299334
0.669866983676909
0.434451649210293
0.951672653148986
0.560915980054697
0.00182555056680717
0.530543406265466
0.429328498345937
0.999999999753998
0.511602096419626
0.0181034615381777
0.128671604505161
0.596615166713881
0.0763632233177546
0.660819069690361
0.341206595486836
0.614582022731191
0.491746179706803
0.162512418057984
0.115131765503556
0.373818379190679
0.60876542007254
0.659237470605575
0.641016373632087
0.908332720009501
1
0.226886296009895
1
0.450582492190365
0.189454326771875
1
0.908476494970979
0.221013340526849
0.887798356332535
0
0.81161299415621
0.38226282426326
0.640887953374801
0.437377899214376
0.422759221380254
2.60571729852584e-09
0.356175920740554
0
0.389112988982269
1
0.74513488043001
0.352520719051555
0.761040950914974
0.176694903294611
0.521520494770322
0.0746918384712927
0.999927235565798
0.264843767369794
0.59469668356278
0
0.0920879149970737
0.589948213350654
0.880922262487664
0.618853298848569
0.787688641312603
0.198564399148556
0.336088085521065
0
0.69428607319353
0.250601978469452
0.65284323297034
0.202834238377924
0.395668535945133
0.379557677910389
0
0
0.282551184727769
0.221225236663587
0.405402235655898
0.0746959316488966
0.0826849205783842
0.500242779391461
0.0398800670143119
0.439801309002559
0.488888224890109
0.343509835830261
0.659977405492102
0.479512104547343
0.538068797034782
0.733893070544261
0.0443284434048591
0.4498143192186
0.57031601045038
0.249492956086571
0.676535560263201
0.096696841024168
0.412997646723695
0.305515470666635
0.357702265328571
0.99384133130289
0.67724271981013
0.0573912083668151
0.503280524842876
0.260612114453062
0.683186790754128
0.590761677751471
0.653068821036945
0.560749246151502
0.540165703639307
0.640501832224397
0.691750639369503
1
0.826104496962119
0.999999909818978
0.219285202187185
1
0.240860967598654
0.660955403247059
0.43163295419314
1
0.96752032916017
0.781818865747507
0.415767989222097
0.575352568618705
0.537814789330376
0.89381163110015
0.336262909464561
0.44298640638896
0.913060368728687
0.800739647958357
0.102240301740709
0.518409069926274
0.352447304779937
0.703734110645112
0.553147284646816
0.0880650274721995
0.424577518187468
0.420866725874127
0.526246152985363
0.999999311605914
0.563365787203051
0.282431794945285
0.701556634123042
0.366879385731682
0.147308268026836
0.464426051181882
0.999975637355788
0.540520008446149
0.792621998318497
0.364215796053049
0.213421543538934
0.974294844492581
0.631400846237743
0.56773000541651
0.395095934747148
0.642952414685807
0.164303725884387
0.0831172858169736
0.283397479773154
0.387883198145024
1
0.885853256067829
0.25829373769813
0.265718302887064
0.235339341696734
0.943840030288321
0.559731120233287
0.853663295903705
0.861845277131348
0.799260914187429
0.163734461023207
0.48528815763649
0.187938155872625
0.758415107400104
0.321757512110012
0.532059017815253
0.805375627136628
0.858883500411986
0
0.235296337413638
0.0953425677649657
0.285455152519323
0.0279211555300784
0.400346267748793
0.665721619071313
0.702345151934434
0.601631695216382
0.724342950845119
0.658489545058387
0.0012685597779957
0.757859184270307
0.537152663094669
0.032996169695737
0.0459941544299707
0.336824406034908
0.539306039435395
0.396817158895222
0.153891538590484
0.0621781457845341
0.694625409632696
0.570360429262577
0.391326332234175
0.256101721016384
0.460008459420329
0.864761543107334
0.659053817227157
0.839783746285681
0.450009576364014
0.753017482144097
0.727542303007003
0.324191543430065
0.576351522510757
0.299292442643351
0.731277364456858
0.363661090293749
0.997988283503147
0.188845731267451
0.410319999751485
0.828542540900293
0.384736810786833
0.263479122300122
0.373925144185866
0.533473318587889
0.415409610793243
0.954009957692513
0.98298895562854
0.775395662882709
0.501008030276788
0.18474131633433
0.212496425309119
3.85552578955509e-06
0.504324532290229
0.387298197474962
0.79087819159006
0.349360825832128
1
0.937572012504779
0.742171004253488
0.635316984321946
0.703141927319123
0.783511240910481
0.836845885195465
0.972708808099143
0.346311299797348
0.886712581552872
0.130462877688955
0.611566011387254
0.470958778797057
0.219300424716541
0.30233826419854
0.157825316909561
0.624811822993604
0.324400975931875
0.707354613703479
0.592482269093439
0.706780050338706
0.294085906862213
0.646090607800932
0.298852716325835
0.732928696697307
0.0296201724986969
0
0.353227973857115
0
0.93318867910063
0.649516024614355
0.339381144588157
5.9229310431853e-09
0
0.102652047801642
0.257311324449965
0
0.166386264579952
0.8492343005567
0.522733258793108
0.465513179748905
0.540375432376234
0.183081693291146
0.623360994538709
0.619050457956607
0.311947330732478
0.661900908232909
0
0.527979537175855
0.369917610852064
0.726273205414628
0.00155649443236194
0.500934062149057
0.260333921293277
0.0382937555784599
0.0419958594153007
0.797048990929832
0.32911497589677
0.184913352887362
0.841602314104099
0.438815410854426
0.16701015650207
0.000621867285335864
0.385183743407513
0.316776533712353
0.610137712685906
0.510977637225116
0.446897803540529
1
0.0286467266734838
0.193309343705431
0.597668664425594
0.249984857482729
0.482583793345386
0.729756316088525
0.324008539560096
0.472435732582582
0.000326208780454137
0.226510204934553
0.492417539528424
0.747836167099287
0.624126234245868
0.552380139818121
0.514692272980413
0.840464798366399
0.828405025729918
0.914138085616499
0.603559453820785
0.774009537471068
0.0156795613952408
0.434626696710449
0.40867414967787
0.724170289996788
0.594998681216836
0.709703680019967
0.711865003519897
0.534716370182535
0.578752317548423
0.510551387887618
0.344386638692573
0.10435836894572
0.00575980071717359
0.192258294233315
0.336384013779498
0.338731952913469
1
0.914952612377281
0.917290743324641
0.889588508475641
0.116763878955929
0.421789978041263
0.487284524078815
0.89579983680491
0.543492515242434
0.397794970588857
0.365764410380635
0.872188602517727
0.410834445621228
0.623624608637417
0.999999968410937
0.650171039518248
0.747752301251713
0.184512083189327
0.56732643140588
0.0842026389032698
0.999996730375252
1
0.287953498634123
0.445647111888321
0.134483371254863
0.796352368398375
0.585379481747818
0.29146695750824
0.696574503690385
0.480364988320237
0.764698314316003
0.448396707957534
0.777327039728236
0.127348855799284
0.226726605735913
0.832349052897474
0.801695494398022
0
0.0089685003875723
0.55612166809518
0.330624844409537
0.184573107306586
0.64467743750367
0.0025150437709975
0.0148549034791367
0
0
0.14294151394741
0.236641762774459
0.314136801983328
0.293855868900946
0.311761130854127
0.12816622773801
0
0
0.663117811828287
0.145534512755871
0.770411317925673
0.169745989405272
0.840339021539076
0.0817597821144074
0
9.7422243830811e-07
0.557120895803677
0.563906561567059
0.210968300599537
0.551757713244023
0.351929401711799
0.344354429020113
0.405121023461707
0.689219580346203
0.116806007416183
0.505221481417454
0.565137538193774
0.780691880736795
0.769445866544671
0.60529720495826
0.0280934580904254
0.993006343813611
0
0.37530396359146
0.0719587852635252
0
0.624585876099607
0.730065331574904
0.00118487876635267
0.419432047339613
0
0.683649726007613
0.999999859632564
0.740805599995673
0.383453024421729
0.042008061869387
0.583928057648128
0.600244077400269
0.801134759307852
1
0.696743102578282
0.904528172977154
0.69206816979709
7.18622793451265e-06
0.736068947264189
0.319680797939992
0.641679086836554
0.870863358830097
0.505953927120384
0.84668216374741
0.349582069761771
2.86554760596965e-09
0.991648002355836
0.173115241971354
0.999999990973574
0.663818599625832
0.802551263810124
0.426811800889544
0.578895864878239
0.661947226654033
1
0.490073689553161
0.960254217782705
0.926192277928996
0.644830844547895
0.696091155584599
0.496975590257443
0.760361689711759
1
0.448819630742822
0.999997380364735
0.25882964047209
0.951160006345756
0.0935855725179304
0.451990606166523
0.99989020719848
1
0
0.939705444924196
0.49030015399939
0.209171899654586
0.949493717460135
0.465074725139128
0.82594903921868
0.0832054259813998
0.00457806617639063
0.871615818217235
0.273011273939102
0.782226470665953
0.251533431354116
0.852149402731205
0.570672639634002
0
0.421462809660382
0.0426118703861336
0.6159751585975
0.662469835997981
0.15507130416463
0.348907723132655
0.455657085281917
0.387847608759568
0.422422631506408
0.448148485291337
0.250162473406681
0.0392339468398922
0.240037922871884
0.561791771323075
0.511314886862162
0.268783354897701
0.830470720920023
0.247073476459864
0.0319296506245854
0.484801957710134
0.75115529591683
0.65613897265652
0.206932256373312
0.0632124829018825
0.430520523085606
0.688171482621953
0.789429972175774
0.576454574362615
0.195257894785382
0
0
0.634985691264363
0
0.154547119395808
0.881456078747068
0.581303664107345
0.616702687252693
0.0920134723522909
0
0.516308359162084
0
0.0458484217860992
0.216352555917202
0.542153263631103
0.235776819529434
0.780201867152437
0
0.36375149569847
0.535322508445472
0.0755639232173378
0.882288175685507
0.55049865703417
0.282231621292297
0.936886669155962
0.46798947547248
0.364317005091608
0.570724639339465
0.650014709892512
0.805449869131949
0.676136109167982
0.184442450526223
0.627684262848167
0.977872685655119
0.548013506231856
0.263815878132573
0.823977041450757
0.379317857768991
0.759123701149405
0.728856032212941
0.266002137365621
1
0.0830556937485466
0.30164997946285
0.56146164603573
0.758666369321234
0.211099905826879
0.728557925148692
0.864887792233973
1
0
0.353801704098127
0.059081581490826
0.584283422155412
0.00193360897699191
0.672456624325478
1.44266246493357e-10
1
5.19171439234256e-09
0.583640559705257
0.896506495092618
0.821433785300455
0.735950285122105
0.440437673203125
0.193218842193781
0.345186459300215
2.89540277685727e-08
0.0750735323810319
0.221409264684127
0.211081991285682
0.67457031324783
0.55152044344745
0.771542879061549
0.277632489941639
0.317823461880599
0.536895208066047
0.758018279446314
0.686691977390198
0.283835848904294
0.952426416343369
0
0.560209705338896
0.440430370193758
0.12585726285627
0.0947142518089139
0.201326523590346
0.290261864849895
0.196327206952199
0.24894735357646
0.874718039067406
0.268282622954826
0.837017377928322
3.44229911585549e-05
0.741363844312491
0.362442792659202
0.34372770732188
0
0.258509220101001
0.999999906672594
0
0.147235448668128
0.666299418269685
0
0.759413372706352
0
0.238884746710419
0.515152298449694
0.0899644923433389
0.534803202576797
0.439130249393342
0.49905773835658
0.161721474241569
0.426836054968898
0.542166375036392
0.697112881472833
0.118224051073163
0.078603224037858
0.459931985081912
0.660174840871344
0.385938886653012
0.39594349498822
0.999998577271879
0.350680918555831
0.845534364772874
0.8906284873953
0.441564926861799
0.326897194108372
0.533369648059502
0.136491990340693
0.99999958450549
0.0175152977132849
0.514634776069723
0.0454710385668587
0.526136381522392
0.358855989105414
0.286067557746545
0.60713852409732
0.999999990224833
0.407695983045809
0.714328793579814
0.187969566760303
0.0404995208777911
0.165428882316197
0.217298970014452
0.945258412184835
0.693168825273971
0.690951885757941
0.159764677213098
0.396963188588295
0.319193033290272
0.771058192298834
0.413716195338616
0.392750828846294
0.106102276802349
0.250832419202942
0.605000132412857
0.515511685766356
0.663044930193793
0.454133673375442
0.741355119942302
0.6679963861347
0.0390185593951309
0.444326141383615
0.0406082039270745
0.396298884337212
0.873010686576697
0.217904722903735
0.967561339717437
0.491166109255309
0
1
0.268722994532187
1
0.982982497564455
0.972152676899394
0.733309537493432
0
0.341332645769604
1
0.774551663557324
0.917201980496304
0.693304807404573
0.716685493734106
0.999996998216109
0
0.310157767897959
0.952143247828199
1
0.469449770044596
1
0.834020327830512
0.390270383799582
0.320603912002063
0.0457273855715737
0.369136060661119
0.918923110728593
0.117175667928462
1
0.659273569124518
0.919797374626497
0.0545504272306378
0.332982593733995
0.757827180052286
0.37023293806567
0.775930901903151
0.798733081528407
1
0.476792712613849
1
0.295883549572727
0.144800318738034
0.139567948459777
0.527479178200239
0.315118807394975
0.533576422068747
0.506945503469802
0.688212893177422
1
0.686287855265488
0.922737222105226
0.205521537078109
0.0670949509325731
0.888842884066431
0.101852747006346
0.148744397677882
0.99999995998568
0.318695328426848
0.788966101900232
0.463224882841455
0.266931099480182
0.436163931976402
0.37012820066347
0
0.750721590598587
0.53600274368094
0.157912929161925
0.190669088965892
0.367054624664294
0
0.294719318756938
0
0.758817569940799
0.0408904147334711
0.582321229179811
0.109224581885897
0.810849954885657
0.274629164518409
0.448282916543809
0.384083468883913
0.774611181626071
0.723640266632642
0.86133092854133
0.735788832076381
0.197393956992397
0.714050381320856
1
1
9.89126211912429e-06
0.171761569815478
0
0.0783824752019834
0.961070233976099
1
1
1
0.0414894150155448
0.559209659909689
0
0.0962431026654293
0.377871145597679
0.40761826799634
1
1
0.914499039442169
0.99999065309844
2.25986695344543e-06
0.621370855207153
0.431900171767997
0.800018360724933
0.152310297232036
0.733674807600067
0.461241780024374
0.813726124126705
0.39997420804237
1
0.0721520677497503
0.0994752353746931
0
0.145161372472758
0.454007711526223
0.788215271258298
0.443706342069241
0.504253291125381
0.778515889484685
0.747723944590707
0.408293665484365
0.200693649296781
0.232843339679126
0.098893284120551
0.0467635704250065
0.147608347531403
0.445157853516462
1
0.843014892336433
0.784089171354388
0.319507303331561
0.322450012121245
0.636386636880775
0.0636584583035356
0.731645785969628
0.651118930094068
0.539968059603902
0.761944219315633
0.0411033877426501
0.286425639908236
1
0.296686037998243
0.999999970906927
0.594519564991751
0
0
1
0.803286687252089
0.478584097096143
0.532443869020491
0.333933397664661
0
0
0
1
0.264509000681814
0.0260241896473745
0.981340098430556
0.398159426779047
0.635072077527971
0
0
1
0.152275833426391
0.418303788145825
0
0
0.107895383424267
0
0.0512994739562343
0.155743735104027
0.223355711361505
0.508927364767895
0
0.00723032149543997
0.809980837990376
0.418384453663032
0.0231836438227534
0.270088402620461
0.155668010825507
0.589626365318622
0.966860393679956
0.350053416154696
1
1
0.0553442246127068
0.322553954817514
0.652919611292986
0.368239299841736
1
1
1
1
0.0307734120317121
1
0.20446290366103
3.2869560240842e-06
0.604830432609614
0.835576857440542
1
1
0.12742517657938
1
0.161314879280379
0
0.677220556340547
0.731765899128085
0.586982040494783
1
0.00754046017770329
1
0.030495998775122
0
0
0.307242067283164
0.153615590493193
0.182964864984399
2.44099762016829e-07
1
0
0.0730983782794477
0
0.21647988162734
0.206807161324063
0.952356225592471
0.446798664232688
1
0
1
0
0.990259791179717
1
0.734975815437917
0.794115589622486
1
0.438949684005672
1
0.00968702336613437
1
1
1
0.938828455188399
0.813494798251959
0.877403985669142
1
0.395494503258288
1
1
1
0.999920072414384
0.296886454015562
0.770417751849902
1
0.357295570006418
0.697007626450102
0.50423722117821
0.235555931791964
0.863539786649244
0
0.263167295660153
0.119321926260635
0.0989870050867674
0.664750332443229
0.463230392138024
0.576063455327023
0
0.554509723637773
0
0
0.313868631392988
0.180300735627521
0.677268649615204
0.0417193798903194
0
0.359416790577071
0.715086697861439
0.99999910240014
0.857088548822629
0.686920575146259
0.363229116536901
0.175964375131473
0
0.541275958968722
0.507455645042785
0.875057809679705
0.650221048267244
0.750121697862595
1
0.160259776091092
0
0.947480120093451
0.0609669758374256
0.322115275068833
0.810756029084531
0.868060136638137
1
0.0612839284874675
0.213406148043371
0.686266544831227
0.000914979447727289
0.0739640549097405
0.610166512469749
0.372775741358096
0.99999999815099
0.345469718418919
0.502715889710455
0.0493303450576494
0.139855248694365
0
0.410053814043818
0.676508894042643
0.597030748989227
0
0.890953476702727
0
0.431580251150096
0.168042541548219
0.208166727083206
0.986215151812755
0.858314310971799
0
0
0.226629990582404
0.152370869386824
0.0490211323701204
0.322287672522231
0.996727845613521
0.440388894340281
0
0
0.772487565569359
0.022491333362457
0.566532165576915
0.326404373545514
0.999358733604185
0.685270596033269
0.67427537796806
0
1
0.0329946641583834
0.598946409763088
0.0714622278365785
0.752519269655594
0.553200918479325
0.975689441365552
0
1
0.266255487490458
0.303705553506804
0.150599154898158
0.222926463190605
0
1
0
1
0
0.116353667368036
0.187137561272694
0.0460994717914216
0.747727055011445
1
0.816979443452164
1
0.109383038127971
0.419676411321965
0.0997197537459775
0.586706161256159
0.955468646008852
1
0.917015902426615
1
0.261415021659008
0.654453635952313
1.85064918124596e-05
0.402723436329755
0.999999998956903
1
0.991255898129947
0.676334014240858
0.322932640521581
0.80893846649515
0.481613330140119
0.596222840566009
0.563514065749195
0.375125598417243
0.669042593981817
0.595269838157344
0.480861326659246
1
0.844222654362134
0.517946511838369
0.436669733843833
0.484664532454793
0.45096762823085
0.602307785113194
0.314027005640959
0.981764881714206
1
0.532734416069856
0.30172978033066
0.961138141209807
0.898522098974423
0.99728252969881
1.68699273381212e-07
0.268231219101941
0.85038900859774
0.153660591198413
0.209615534098814
0.922367942524038
0.679431796180198
0.963227072625699
0.090259339996004
0
0.0421054791215146
0.247290098664038
0.226152384835605
0.372124296321673
0.00961754423302197
0.352359224513406
0.393723739699972
0.264715742453511
0.699866646909951
0.388444596955831
0.442325855076819
0
0
0.434179415123106
0.511292123681094
0.387330974320575
0.853692737791152
0.390914744956852
0.354330049876285
0.0434096524383818
0.754470019270947
0.476847343233924
0.298448460320701
0.925077217258834
0.382464746922921
0.137293625302631
0.499089961444049
0.163501448483176
0.751157256076258
0.905119016696786
0
0.36371830400908
0.999984747329428
0.540529491091654
0.714600432367821
0.382129043499159
0.954157860069583
1
0
0
0.199214495678041
0.907360572817534
0.372872629112289
0.388289405780672
0.43489136106418
1
0
0
0
0.720148852172631
0.389729588577783
0.0558120625665138
0
0.975595686212018
0
0
0
0.769368746548049
0.203476707817171
0.335690526064698
0
0.344553587689364
0
0
0.329956166442536
0.416879357277775
0.860967333186065
0.751204372439175
0
0.20025717017205
0
0.542239229495753
0.821021286177052
2.1437560783026e-05
0.321613331741242
1
0.132917562308073
0.194783535819563
0
0.165071231640224
0.99999999219114
0.298694367802972
0.892612862067815
1
0.115438906299512
1
0.222674798224816
0.876790722734959
0.724309318729222
0
1
1
0.0413181415739772
0.814514294895674
1
1
0.727459104637877
0.441987849065923
0.626100079301733
1
0.528748337812852
0.284014537391483
1
0.466003734182176
0.246478687731824
0
0.126335649393774
0.482514907676712
0.0787876406867075
0.504497401809321
0.893712796983781
0
0.358734958750555
0
0
0.181547307621575
0.624270265505523
1
0.430333661257761
0.21747859017524
0.964790779794571
0.00105851443952159
0
0.875946817933046
1
0.555615920535006
0
0.582399796471204
1
0.122153510920576
0
1
1
0.530256572439137
1.02931778232603e-08
0
1
1.29966802721283e-08
0
1
1
0
2.06623304724608e-06
0
1
1.98241124787314e-08
0.576221826486514
1
0.66515857062928
0.72526770730118
0.000139323123891384
9.21575364172864e-08
0.342604796878469
0.985540479123398
0.439568131339615
0.54324105254398
0.401885121957054
0.754921324529749
0.748919469783088
1.09984484541474e-05
1
0.999997966140815
0.0958917482818606
0.0506534460484061
0.167898566483181
0.0236131916545363
0.326167337774336
7.65565108021469e-09
1
1
0
6.46369976550726e-10
0.905471850042136
0.0599502470680267
0
0.289913697784657
0.771149053670125
0.996585317521392
0
0.264002122334009
0.884478229654516
0.136793868331621
0
0
0.196293887308137
0.999987420992607
0
0.207185404396688
1
1
0.979314902195304
0.183248561951578
0
0.587699082837376
0.513070292249419
0
0.385611612275575
1
1
0.725609309692887
0
0.999978708408023
1
0.300089652473727
0.387052643158763
0.188676831871344
1
0.972326791644999
0
0.999478639098091
0.782337502069768
0.178156269383961
0.180983446976767
0.583272496403091
1
0.90346518712708
0
0.901673865097882
0.570786852286625
0.578130686674439
0
0
1
1
0.139362064815432
0.421343172329214
0.352931758409298
0
0
0.870584641243903
0.67361575323549
1
0.572487594791736
7.10999952058494e-05
0.167893369075962
0.748294972042956
0.37639369624026
1
0.824938705127526
1
0.398160395563061
0.078831904502193
0.154027295630099
0.871678865943346
0.548755247904058
0.999572668322738
0
1
0.0430260915357635
0.644334798027841
0.299284063942423
0.859957380905245
0.471937326387057
0.369525574435551
0
0.0740082253771426
0.793778811216184
0.653441226525431
0.286611578750445
0.454993296822356
0
0
0
0
0.777062051542998
0
0.654284891612103
0.820613655510686
0
0
0
0.726607125220488
0.432770643948818
0.637585782890519
0.861373954262735
0.356765402203025
0
0
0
0.672822037144743
0.989713341926707
1
0.714421740500215
0.967691900277144
0.215394331874318
0
0
0.72002870761165
0.986902576385837
0.964555952584254
0.286049199211604
0.929526041834895
0.627090872277921
0.16066539099344
0.788135155727438
2.20156301419587e-06
0.873415508627904
0.127492031051202
0
0.542458197497764
0.223594771450784
0.952496187455523
0.631496681241663
0
1
0.229348629008833
0
0.179556483883608
0.0712192679056119
0.956264070168234
9.54750794334464e-07
0
1
0.803341202462743
0
0.887828084213752
0.288410237809752
1
0.0217513050588491
0
0.995704024919121
0.13247136210356
0.155005069374498
1
0.999985211054066
1
0.605539620706414
0
0.445818959439941
0
0.0119335121378323
0.861774780604321
0.994540878063145
1
1
0.269486179864733
0.266366265077019
0
0.697910693455656
0.488878915667111
0.904579847158218
1
1
0.123989639667811
0.360148164832581
0
0.0751096851118907
0.448847486320624
0.342680971664899
1
1
0.534477391555585
0.308029228147895
0
0.00121396485526815
0.775621409556559
0.516620500886182
1
0.86329531845923
0.658979393592574
1
0.353446910409649
0.167797921682205
0.315096649995082
0.936920389461696
0.573418968199974
0.389634291695562
0.0304570609370872
0.735726801103358
0.209804887037046
0.487604670377455
0.823933251004961
0.0916010299830591
0
0.217773300541444
0.999345766924393
0.0199463750763833
0.319689089741108
0.215200556598817
0.883216289822388
0.418910820479407
0
0.461225946903519
1
0.346866236598166
0.897529056524327
0.7493514114102
0
0.321730761209205
0.0110071523475583
0.999999987766215
1
0.994929659960458
0.78826181994835
0.87544072778156
0
0.5781304712443
0
0.540381408828613
0.99732578120115
0.348478773491622
0.753732750362743
0.152968565300782
0
0.105162262228502
0
0.782114663993257
0.507311887318102
0.871197195109688
0.991987536463281
0.0431915107920426
7.58031555609952e-07
0.0512951514634531
0.18129671338237
0.935592033133093
0.248598800021333
1
0.694435350835762
0.716846948152785
0.851083968483618
1
0
0.942284836010424
0.955731365971138
0.460256761483465
0.469513081474221
0.625659169765768
0.641819978945372
1
0
0.912531258055951
0.151679593798947
0.196551357412036
0
0.99999999221516
0.999999990510727
1
0
0.640473681897655
0.631463468350725
0.0559751063393011
0
0.477846099108572
0.609970897754731
1
0
0.38184240076888
0.376095543816387
0.921771147161838
0
0.557975853524607
0.387612410613509
0.81761896764701
0.753013819795655
0.763054396401818
0
0.251922507150987
0.334916448805571
7.40648836113142e-07
0.984808719506057
0.866458221376707
0.501609929306809
0.314984689335032
0
0.308000659686749
0.699050491387544
0.724229693381147
0.999999998232204
0.985789026811713
0.428010378620287
0.0901719854997478
0
0.042159013276088
0.336266148216183
0.389358106612511
0.991374956601587
0.859838100977392
0.467488006566625
0.782296319360053
0
0.105268181148052
0.11841308124219
0.274084902965784
0.000107166934044607
0
0.153976021279977
0.884222042413032
0
0.505334967441653
0.057469222099287
0
0.0247870015133065
0
0.0950726163857736
0.392217472154693
0
0.598849003014301
0.298502474517139
0
0.0660013277746669
0
0.141531170502326
0.182613285932268
0
0.999999999882097
0
0.136466764094196
0.205903069695154
0.529107835596276
0.317941200005234
0.42220216903641
0.239785627043866
0.0363475423302685
0
0.0849558384481694
0.999999978787187
0.603385730352894
0.945729680002291
1
0.219271740037662
0.261198288781079
0
0.453489627614142
0.613446948246334
0.440327547531188
0.612182161517054
1
0.783859405730857
0.266651165418263
0
3.33347579936766e-05
0.203199089944634
0.0761738776010811
0.619034241340643
1
0.617626748447795
0.599859228108486
0.245705587997758
9.42832969710761e-07
1
0.0321867475899271
0.46353073414585
1
0.255723484074998
1
0.411109255006362
0.172481370834645
0.564278981513053
0
0.880748257745397
1
0
1
0.94104775761385
0.214515708477214
0.761904798565729
0
0.617846776656469
0.965664935298345
0.481063371806551
1
0.983736493414915
0
0.868153461514086
0.172708870062742
0.743014690418927
0.167450882911812
0.728607045676558
1
0.27341169131636
0.409001514828911
0.999999998069953
0.116854745601246
0.311397934408556
0
1
0.99999985685714
0.403479346145718
0.608870604424339
0.389904515426155
0.365987043286467
0.0319962804133
0
0.438144703870527
0.951023984875992
0.985410162336401
0.803933892251792
0.214858875481277
0.323525818397094
0.0942877783643905
0.184968478921532
0
0.313674584779714
1
0.435149600736328
0.406470676052014
0
0.223098223402941
0
0
0.0943855860841293
1
0.614383909353484
0.836684008367381
0
0.142232503310439
0
0
0.0842572429748537
0.807158186195722
0.59653199771931
0.159224985066851
0.383267499579909
0.623108822821731
0.829262138084086
0
0.506533087474399
0.599449160856845
0.883372844162321
0.99999998565369
0.999969413081147
0.783734871713103
0.372009934668741
0
0.887927590746863
0.193037666173546
0.314821561641629
0.774360320318712
0.999953336605517
0.415827911720645
0.186666960109649
0.28463088968469
0.255199383798531
0.0278319404942643
0.466246421700214
0.504813129025975
0.93913827242974
0.241396640689427
0.141209232957386
0.000119562013845961
0.277386114409629
0.72478759007779
0.00601230910681321
0.834062895463384
0.700888375262303
0.365161147622498
0.508969392791275
0.21739645268052
0
0.326782138896291
0.773685007915094
1
0.844602154173259
0.780842296905791
0.403898694756136
0.502889399534036
0.158341865190476
0.323810708211459
0.189957682569722
0.992114472614178
0.589923546504083
0.754164932701328
0.344717619444053
0.702859963696915
0.764108273753368
0.714955854904118
0.485827335804721
0.246232252926975
0.52847171044947
0.995148592261065
0.232923412451661
0.35482114328072
0.608006826550559
0.557015047767088
0.0265256832877011
0.00135159477002232
0.297176029239579
0.892964760745426
0.259772113924392
0.999990951385499
0.999957080186153
0.904232298713662
0.317934414140692
0.350903644182629
0.514602207113608
0.871152748899465
0.727832468590128
0.407277416120587
0.414753379600861
0.199709589206905
0.213388976073593
2.67590877199662e-07
0
0.659839608261434
0.144207811480817
0.634921712982144
0.712013914838305
0.429609785489613
0.309759024954353
0.000551881697473049
0.157003996053429
0.0667544424372596
0
0.241250280723722
0.853218533386938
0.796433580160074
0.0380907024206681
0.935902521024787
0
0.260439514942819
0.0378278382613031
0.533600611663528
0.847225688171454
0.894323167249414
0.409055978160566
8.77411652446843e-06
0.261896735593824
0.49671793874715
0.673440111498076
0.435291991555158
0.281820537148531
1
0.714591085986539
0.752780735261833
0
0.759003351565564
0.423793109864936
0.00203750991724362
0.76434458744742
0.25426398135471
0.311697599462872
0
0
0.615259984225967
0.406496021110439
0
0.347235046149377
0.706674889306116
0.999999986348904
0.616830082838133
1.62615255128107e-06
0.584390903249534
0.102170074113891
0
0.378225426503582
0.247681930542908
1
0.932736148406009
0.038889287563441
0.703266445070045
0
0.0152075353081327
0.0690543930851491
0.959250013227185
1
0.819054965042994
1
0.166075103431548
0.0576120824225282
0.272797769993468
0.390979055573069
0.718010782561871
0.808478473333583
0.750059504052021
1
0.287336414452092
0.365511320328407
0.97140345217674
0.74753119641387
0.750146221608323
0.521682605731446
0.471210906199358
1
0.999999999024754
0.999433021275709
0.821967615527272
0.677106847845657
0.433959554793432
0.461213583772931
0.859513456943302
1
0.627053878576886
0.999999982457923
0.983746323942642
0.599559737597302
0.99999999988965
0.163058912306285
0.687854062276328
0.958581784486804
0.880016434840596
0.807999068091056
0.440630729580673
0.420899470460188
0.896473368983256
0
0.577353642001352
0.280822408414085
0.999999999206533
0.433846313645105
0.530187937773249
0.951952373090816
0.641813987940535
0
0.51182782888806
0.737003712202724
0.671048770772308
0
0.988008021626445
0.991792140580214
0.747346818585963
0.455583012062801
1.63747175267299e-08
0.039974837688967
0.37264044557158
0.458354267364317
0.497173440282193
0.62272433883354
0.732517299578759
0.749495309802981
9.86319172093593e-05
0.456046313936489
0.384892613540063
0.778383867666536
0.309924562717851
0.920836274795715
0.13700846511072
0.774196232650187
0.186483409356593
0
0.615028285198456
0.855844119707382
0.433995220929234
0.23549699652159
0.550595525764116
0.446510651401473
0.120283382953797
0.047613018608069
0.268721638144433
0.329274703254969
0.213943552461858
0.0413216187929701
0.69869582305031
0.322267206102867
0.273891159465718
0.132254575649804
0.0517527720116156
0
0.642088722174611
0
0
0
0.148454942109692
0.0490473315917276
0.199309781130144
0.000130030643624206
0.420837731492933
0.498831537347555
1
0.893692171297864
0
0.00989364593879194
0.215285921404891
0.00187834746217169
0.239356875094756
0.838118310613061
1
0.343166050987159
0.18996494763988
0
0.730766423890453
0.598352691987501
0.479833369742683
0.263361755332263
1
0.827039418626663
0.604107000617308
0.548752221125246
0.221443775210105
0.835938678559015
0.415186865320345
0.44285527009534
0.367206629211081
0.471781762240907
1
0.924382769960921
0.924017782137952
0.531404101440865
1
0.146086814926334
0.0835310731964713
0.0536756984857886
1
1
0.401403438965812
0.560596591289004
0.305046273139569
0.285161068336334
0.0985596625871098
0.209603307827043
1
0.780740225909834
1
0.559708023375696
0.759790492990197
0.45093452465106
0.599748849387341
0.790219982190474
0.987771335060064
0.0585973809994918
0.884720535353796
0.830209321084111
0.291695660933464
0.949174132486882
0.39666728055258
1
0.564605432747585
0.228578880277175
0.999999888879809
0.475421411839734
0.292848489361754
1
0.893311359776081
0.829815682928862
0.344712440020992
0.289209944126983
0.65845157903471
0.993367421158266
0.616483870742254
0.546149285421709
0.153258669658967
0.987153653907351
0.268914459444789
0.417826951220536
0.516892823101788
0.949977751626183
0.848216429329938
0.663684718334724
0.986628717420404
0.00773080711185177
0.238195973871839
0.69684460856427
0.510918830646489
0.360801031393412
0.672828031817507
0.626066440047854
0.156685640281168
0.0448085424280398
0.0895469138569886
0.67087978907535
0.424376149119449
0.0411485864880464
0.850159403026973
0.658236934292987
0.221828389940424
0.00390638596001327
0.000262776740837255
0.114505511540246
0.325506582236175
0.093500675651726
0.260290493420057
0.414398758327511
0.305037869761649
0.623067740221913
0.199373478615407
0.551174306848765
0.712394073827046
0.999999367153524
0.659438020243667
0.254535626898676
0.240818390551804
0.410384380190638
0.349734606236426
0.13739742311186
0.461374072888037
0.854283145324331
0.803117747275981
0.235597689379702
0.99987025970661
1
0.596832965398468
0.160588836364815
0.163441264312151
0.530512098548522
0.998743059171396
0.23333572768006
0.999999180179219
0.386998747571531
1.9796404651826e-07
0.0153990842191049
0.390643384032231
0.213356138115836
0.276602025418944
0.143517052397605
0.801923132554361
0.663953228742829
0.104473374057675
0.671303599280049
0.891876722896859
0.194443846994179
0.251255893971484
0.0765263236385021
0.603885344057676
1
0.732290146136687
0.950074267473732
0.216907195018403
0.2856596768131
0
0.398608783173601
1
1
0.740911228309168
0.520159317526741
0.680113667429657
0.255394349905847
0
0.475050263113109
0.95872573320408
0.823746140996613
0.717460045673488
0.0573050988171383
1
0.586708800072489
0.842486580337117
0.991736018918101
0.859352434732917
0.807661364632216
0.455252618268941
0.168748125944122
1
0.985836883319376
0.647981784529059
0.999914905137724
0.471349123948432
0.488826678555419
0.213940167708838
0.479557581924246
1
0.999675590464643
0.226116292780057
0.659255542729639
0.123171445405444
0
0.129589127248736
0.261972529244249
1
0.245082488825788
0.737578624407807
0.0638421547188995
0
0
0.151875931076919
1
0.425096926143052
0.0656459721089829
0.29319950080229
0.411097452128068
0
0
1
1
0.731823667553411
0.0605356149071684
1
0.999999999656037
0.851632196642452
0.255704088149925
0.778259353753424
1
0.0840997495853523
0.99999559385934
1
0.2346936982904
0.249576782684522
0.615597900989273
0.910232129576463
0.573611130366049
1
1
1
0.569330480626726
1.86718342264866e-06
0.983934850544177
0.440010469409935
0.130524818242967
1
1
0.999963707039503
0.270596946616541
0.67678935884832
0
0.136908699203713
0
1
0.819448565846184
0.528180349235372
0
0.60385714899285
0
0
0
0.453635757220072
0.000870341875090584
0.522302089078836
0.566860670906772
1
0.531910624471978
0.0190593520628165
0.207391292003926
0
0
0.587089993973329
0.763250674508731
1
0.414089093665389
0
0.318812938997418
0
0
0.908135698817506
1
1
0.411035966471071
0.472588504223024
1
0
1
1
1
1
0.998399070106895
0.693979731230476
1
0.873203396644161
1
1
1
0.543691113799187
0.943536244494987
0.180234191263112
0.626377954452053
1
1
1
0.620704838870965
0.377777080919814
0.0134856297478815
0.831688105770779
0
1
0.999515196149814
0.724971657936442
0.291598639373263
0.411304510998563
0.0116210441208882
0.576915645275236
0.295553749569021
0.0729728524211344
0
0
0
0.156497485876803
0.407440178549153
0.227446290250463
0
0
0
0
0.3842815002805
0.534026716253962
0.121020899360379
0.00967576206053912
0.0399682513502285
0
0
0.572457691855698
0.811183706568529
0.116230384149362
0.137048989118993
0.361239378650768
0.127419772990908
0
0
1
1
0.729607932675253
0.725340549501398
0.752060977845522
0.551242332214747
1
0.572926666636754
1
1
0.562595265472673
0.58695940329831
0.919655210676709
1
1
0.999497223330087
1
1
0.361093921142864
0.305487744019586
0.625086878673353
1
1
0.670018072362571
0.290185925415319
0
0
0
0.799502804823501
0.938288150938756
0.50185212845919
0.327451867030867
0
0
0
0
0.895420748437146
0.999999988486194
0
0.328447606131854
0.220441454584623
0.511925634294049
0
0
0.789924643969984
0.285522794640249
0
0.210378853593164
1
1
0.445927532238348
0
0.399467648059667
0.383027757626928
0
0.72739185581844
1
1
0.979013131363811
0
0
0
0
0.772951743871332
1
1
0.775948509356142
0.00889261502703291
1.87821640624298e-05
0
0.848485618672818
0.079167621739313
0.611539865684615
0.803859292990964
0.0986246486774474
0.176348744167298
0.0104238290088353
0.411959775577962
1
0.854987169147834
0
0
0
0.167520627335133
0.0122528012217144
0.396056239431521
0.786862756972009
0.907882292328467
0
0
0
0.325818864674467
0.71725361829312
1
0.720546987484614
0.948447636063777
0.562300595910215
0.713746873276953
0.475685367696605
0
0.474912393113116
1
0.708556645004434
0.994684126041645
0.983367887718005
1
1
0.115229759565553
0
1
0.358974767109735
0.166402949250793
1
1
1
1
0
1
0.352580833199474
0.340031072770005
0.618287291783908
1
1
0.997218685272362
0.00744059780981244
0.71493482542412
0.81812399737678
0.25001049856884
0.781120321623904
1
0.933593008208915
0.299969316007859
0.00842463854844958
0
0.967299600862605
0.983136096416179
0.800483293339733
0.5754822781553
0
0.116099679241242
0.805180308665437
0
1
1
0.0636095880717407
0
0
0
0.23953783984951
0
0.638625435458372
1
0.807537405763413
0
0
0.181684099251024
0.77789497884758
0.180718342040314
0.643237010651448
1
0.9166966358264
0.630237816056897
0
0.485478633135933
1
0.292379618127977
0
0.497099955501435
0.433224692255505
1
1
0.0881435176660557
0.957323269650535
0.476658880765994
0
0.0775731930765672
0.510554799124151
1
1
0.167458518098344
0.665964451818443
0.671717267570785
0.0109478911019673
0.00651180022555426
0.336540864879747
1
1
0.424525253667456
0.905531298740234
0.764358176771473
0.261831485216059
1
0
1
1
0.337583120906694
1
1
1
1
0.844444854965729
0.564446276336506
0.267526531223593
0.664944146699409
1
0.865722165217617
0.973111700656528
1
0.886448753049169
0
0
0.433467795774806
1
0
0.660008192850183
1
0.859021463526818
0
0
0
0.138915652184951
0
0.100672226897792
0.150568821112511
0.323663213286286
0
0
0
0.0579894012779919
0
0
0
0
0
0.0261111064818643
0.216620360911578
0
0.248229532131449
0
0
0
0.346115557088442
0.521609096958359
0.460921078778457
0.326585699794546
1
0
0
0
0.881944774484467
1
0.358083519596955
1
1
0
0.145647844064666
0
1
1
1
1
1
1
1
0.107922436553276
0.919097136185161
1
0.969818732462759
0.667299863744974
0.638140583020326
1
1
0.510780262602068
0.499182188524128
1
0.619278221356303
0.0893701335565328
0
1
1
0.238557997472416
0
0.704490483673835
0.655551872198536
0.207094033834693
0
0.594546643736972
0.535196636227551
0.607958937271116
0.1751677748736
0.284574478357923
0.00753550323546172
0
0
0.154607610192089
0.249018055360232
0.3033324369045
0.281857720298218
0
0.397744318610304
0.715135740306756
0.152730281453381
0
0
0.421576695471382
0.258945317937124
0
0.888104679437899
0.805544254132844
0
0
0
0.807229753549214
0.742234244471106
0.448028620492634
0.0170094665593473
0.96046863828765
0.263026949127509
