0.000844258	0.0038698	0.00395834	0.00414646	0.0329435	0.00103766	0.0171907	0.0251343	
0.000845469	0.00392242	0.00398096	0.00426148	0.0335687	0.0010609	0.0174359	0.0254554	
0.000856311	0.00446178	0.0042155	0.00550439	0.0401748	0.00130888	0.0199635	0.0287589	
0.000996131	0.013154	0.00884999	0.0315051	0.162278	0.00690667	0.0641899	0.085018	
0.00164192	0.0213166	0.00753811	0.00096466	0.00295454	0.0190361	0.0989623	0.128633	
0.000641057	0.0738722	0.0101917	0.132143	0.117763	0.0513399	0.238648	0.283645	
0.0175502	0.030332	0.00964299	0.0485009	0.0146354	0.0483572	0.0380163	0.0360193	
0.00207635	0.0876811	0.028512	0.15698	0.319093	0.102966	0.278318	0.263499	
0.00259964	0.0506979	0.0386409	0.086597	0.0590066	0.0847284	0.235228	0.309028	
8.93132e-05	0.149455	0.0577609	0.256803	0.386997	0.131542	0.379418	0.399813	
0.00616635	0.062918	0.0514137	0.1199	0.0353425	0.0600173	0.0841717	0.134418	
0.00185195	0.206935	0.0605414	0.384268	0.434738	0.14324	0.368315	0.365374	
0.00311352	0.10066	0.0829391	0.126637	0.190603	0.181654	0.36164	0.343185	
0.000438726	0.231856	0.081209	0.402896	0.477655	0.173335	0.426589	0.40336	
0.00323867	0.135022	0.0612728	0.237423	0.308214	0.170867	0.28791	0.32623	
0.000762309	0.253411	0.0809926	0.436369	0.499391	0.176013	0.409095	0.411246	
0.000459399	0.25138	0.109537	0.416788	0.451687	0.224953	0.457078	0.406172	
0.000373073	0.289321	0.102355	0.493484	0.515991	0.211238	0.445525	0.423166	
0.000433787	0.297115	0.108744	0.50485	0.514498	0.220777	0.453963	0.424521	
0.00177385	0.388099	0.148574	0.617422	0.533428	0.277745	0.480726	0.453586	
0.0024964	0.0035568	0.00805181	0.00533047	0.00141225	0.0426184	0.168782	0.16497	
0.0142068	0.0296249	0.0116497	0.0398889	0.0521895	0.0738376	0.10823	0.104178	
0.0059047	0.330219	0.179317	0.374062	0.365545	0.334708	0.492363	0.422097	
0.00240417	0.399946	0.166129	0.610185	0.529887	0.298445	0.498665	0.456008	
0.00228659	0.282204	0.153133	0.422522	0.448144	0.297062	0.427059	0.445325	
0.00255629	0.413858	0.172751	0.621771	0.542373	0.307968	0.494958	0.46936	
0.00525292	0.406119	0.208464	0.574331	0.491349	0.349327	0.522131	0.449341	
0.00355578	0.435591	0.193037	0.647185	0.542197	0.329483	0.514383	0.465396	
0.00856967	0.497476	0.255825	0.684358	0.547568	0.387999	0.543139	0.512188	
0.0370813	0.0157364	0.0012523	0.0122452	0.0411068	0.0358077	0.0217727	0.00153413	
0.00191878	0.0521916	0.0098227	0.0457191	0.0223772	0.106683	0.0790314	0.0228629	
0.0120821	0.183024	0.233712	0.235079	0.255496	0.319574	0.472821	0.3536	
0.00950034	0.514089	0.280317	0.687574	0.559482	0.416038	0.556624	0.48773	
0.00903339	0.532848	0.280119	0.708937	0.570362	0.415684	0.55573	0.503224	
0.0137259	0.555007	0.330263	0.678658	0.554593	0.47762	0.582331	0.5038	
0.00794949	0.157125	0.0287594	0.294436	0.167446	0.119813	0.308733	0.464993	
0.0104899	0.56543	0.318535	0.708856	0.573857	0.445435	0.564021	0.541746	
0.0125736	0.595465	0.341467	0.735797	0.597917	0.480513	0.585079	0.531156	
0.0176912	0.626651	0.382604	0.727067	0.602155	0.529738	0.606404	0.544801	
7.21255e-05	0.00249715	0.0363712	0.00711294	0.0448943	0.0179547	0.0927305	0.157118	
0.0142774	0.216703	0.0567125	0.162424	0.0942834	0.0457332	0.183557	0.359592	
0.0138046	0.59999	0.350451	0.641265	0.52255	0.455106	0.564157	0.577125	
0.0164622	0.630742	0.385359	0.750068	0.620146	0.52543	0.605056	0.557698	
0.0168521	0.635554	0.390356	0.749948	0.62093	0.53302	0.609066	0.556802	
0.0177779	0.661335	0.421788	0.748226	0.622152	0.555964	0.611388	0.585484	
0.0292524	0.260433	0.259905	0.308662	0.161986	0.349572	0.504	0.406623	
0.0207279	0.649152	0.432728	0.759723	0.627124	0.57793	0.630725	0.569105	
0.0203826	0.668386	0.439685	0.766646	0.649426	0.578731	0.626263	0.58167	
0.020922	0.669432	0.443517	0.766985	0.650665	0.582929	0.628919	0.58174	
0.0250261	0.689033	0.477689	0.770817	0.665491	0.604325	0.638654	0.602013	
0.00329595	0.0279146	0.000296433	0.0878661	0.0409999	0.0936536	0.137257	0.0285229	
0.0328937	0.275688	0.339438	0.354942	0.20765	0.369405	0.53151	0.416415	
0.0264293	0.682579	0.484843	0.77027	0.661214	0.615421	0.645809	0.591707	
0.0259145	0.694145	0.488638	0.775333	0.672741	0.616327	0.642191	0.602856	
0.0264164	0.694284	0.493363	0.775033	0.675527	0.621081	0.645496	0.601664	
0.0303923	0.708467	0.524267	0.779317	0.69062	0.646291	0.654105	0.615559	
0.0263506	0.0423099	0.15619	0.0374977	0.145021	0.270312	0.242219	0.145844	
0.0363684	0.590491	0.468673	0.71245	0.393158	0.585897	0.642069	0.561888	
0.0314072	0.707156	0.531688	0.777097	0.689671	0.653834	0.660117	0.614612	
0.0317403	0.712136	0.533458	0.780193	0.693219	0.653116	0.656908	0.62038	
0.032408	0.711913	0.539377	0.779123	0.696969	0.658873	0.661218	0.619514	
0.0379358	0.704294	0.536002	0.776977	0.647874	0.644327	0.653438	0.630855	
0.0341069	0.717123	0.546449	0.781161	0.697549	0.662697	0.661134	0.62728	
0.0213076	0.0485557	0.12809	0.0456935	0.101411	0.318995	0.291659	0.17397	
0.0391347	0.624133	0.474628	0.725303	0.474727	0.618616	0.650755	0.584346	
0.0349982	0.717533	0.554571	0.780242	0.703301	0.670134	0.665791	0.626291	
0.0415639	0.723294	0.574801	0.777098	0.705619	0.679034	0.670675	0.645699	
0.0505086	0.398223	0.289742	0.467103	0.251795	0.452448	0.563203	0.491424	
0.0437692	0.725291	0.589429	0.77984	0.718383	0.695588	0.675397	0.639462	
0.0438167	0.730518	0.593231	0.7819	0.723527	0.695992	0.676234	0.644291	
0.0530326	0.729647	0.603425	0.772201	0.707606	0.698098	0.682756	0.64551	
0.0466036	0.608686	0.382705	0.566531	0.461406	0.475278	0.618932	0.633651	
0.0527557	0.738327	0.615666	0.778836	0.734461	0.708658	0.684446	0.657578	
0.0538062	0.7391	0.618683	0.781608	0.736307	0.713248	0.684968	0.656381	
0.0625258	0.745554	0.634751	0.781202	0.742974	0.722068	0.690636	0.665672	
0.0691885	0.193831	0.126029	0.315779	0.0860404	0.211197	0.410518	0.255737	
0.0708497	0.734375	0.636386	0.755084	0.677934	0.715371	0.694157	0.650527	
0.0646621	0.746463	0.640244	0.780586	0.744195	0.727511	0.692952	0.66374	
0.0808633	0.595739	0.321136	0.378481	0.345397	0.441828	0.54617	0.58966	
0.0675892	0.748665	0.638595	0.775947	0.745145	0.722118	0.692857	0.670427	
0.0694958	0.749516	0.642658	0.779942	0.746329	0.730899	0.695643	0.666072	
0.0701121	0.751142	0.647943	0.781933	0.750521	0.732192	0.695938	0.669135	
0.0813866	0.757435	0.65882	0.781519	0.754296	0.741051	0.702898	0.673159	
0.0102635	0.0304266	0.0121885	0.0708193	0.072962	0.0607926	0.119335	0.19618	
0.0805665	0.649379	0.268053	0.591003	0.606555	0.555031	0.639306	0.631027	
0.0824919	0.758785	0.659304	0.782133	0.758806	0.741473	0.702019	0.676381	
0.0839044	0.759885	0.665623	0.782774	0.758816	0.744493	0.703633	0.675925	
0.0962219	0.765971	0.659116	0.782833	0.763214	0.746939	0.705055	0.68419	
0.0963371	0.592042	0.358531	0.577062	0.590878	0.627022	0.677097	0.622838	
0.0982572	0.767767	0.676684	0.783449	0.766384	0.755095	0.709098	0.682566	
0.0994164	0.769633	0.678791	0.785307	0.767643	0.755228	0.708813	0.684084	
0.114086	0.776392	0.686989	0.787116	0.774502	0.763516	0.711423	0.690231	
0.107141	0.328515	0.286974	0.343523	0.517964	0.490589	0.60526	0.543357	
0.128467	0.766515	0.675219	0.775595	0.7768	0.766307	0.71696	0.689671	
0.120258	0.777403	0.689048	0.785688	0.776751	0.766922	0.714606	0.690779	
0.0835706	0.180361	0.022981	0.225176	0.214018	0.180256	0.341703	0.358142	
0.126084	0.753652	0.615292	0.766933	0.765766	0.747556	0.704714	0.690922	
0.121736	0.780595	0.691375	0.788422	0.778731	0.767174	0.714018	0.693025	
0.137263	0.785356	0.69002	0.784706	0.77692	0.776225	0.716573	0.697248	
0.140473	0.69913	0.463536	0.683727	0.589042	0.680262	0.668187	0.653635	
0.138623	0.786737	0.695944	0.790633	0.787381	0.774175	0.716641	0.699293	
0.139646	0.787892	0.698897	0.790035	0.787948	0.776699	0.718157	0.699147	
0.15129	0.791259	0.699521	0.789914	0.792064	0.780252	0.721032	0.70317	
0.0174947	0.00336981	0.0217736	0.01065	0.0520932	0.121862	0.231917	0.130447	
0.147676	0.590719	0.314439	0.501598	0.384696	0.680199	0.670511	0.6231	
0.152695	0.791154	0.704579	0.790023	0.793247	0.784753	0.722889	0.702322	
0.154394	0.792462	0.70582	0.791649	0.795814	0.784288	0.722354	0.703641	
0.167767	0.794018	0.707267	0.789917	0.796059	0.792346	0.726038	0.704989	
0.0315675	0.0391378	0.00825091	0.0839226	0.0447092	0.0388846	0.116587	0.0830298	
0.178234	0.570527	0.35178	0.64239	0.550459	0.605404	0.637073	0.617733	
0.170866	0.795377	0.709389	0.794223	0.80245	0.790139	0.724338	0.706992	
0.171881	0.796413	0.712091	0.793785	0.803061	0.792479	0.726035	0.707008	
0.189129	0.799444	0.715539	0.795715	0.809115	0.796837	0.728851	0.710057	
0.187652	0.165715	0.121408	0.194898	0.121669	0.330832	0.481919	0.429863	
0.203169	0.785297	0.69484	0.782523	0.782492	0.798983	0.734046	0.704604	
0.192956	0.800257	0.717138	0.794549	0.810029	0.7994	0.731061	0.70965	
0.236637	0.691117	0.57694	0.754525	0.734441	0.722645	0.690286	0.681026	
0.199406	0.801208	0.716881	0.795946	0.813117	0.798875	0.729619	0.711649	
0.212881	0.630036	0.520534	0.625794	0.609981	0.592454	0.696895	0.647311	
0.20356	0.801604	0.7194	0.7953	0.812698	0.800691	0.732744	0.711456	
0.208639	0.803247	0.719128	0.795085	0.815247	0.80033	0.731605	0.713128	
0.210643	0.803267	0.721059	0.796435	0.816155	0.803325	0.733065	0.713061	
0.23669	0.802862	0.707632	0.782018	0.788679	0.779644	0.729266	0.716186	
0.218203	0.804676	0.720752	0.796161	0.817528	0.802991	0.733136	0.715039	
0.198474	0.545668	0.412552	0.451736	0.4518	0.3949	0.624932	0.601662	
0.223727	0.802566	0.721951	0.792931	0.809981	0.800793	0.734579	0.713778	
0.220629	0.804501	0.722955	0.79694	0.818767	0.805658	0.734309	0.7151	
0.246029	0.809558	0.718678	0.796944	0.819492	0.807627	0.736832	0.7199	
0.00464487	0.0205304	0.0616659	0.00914695	0.0186628	0.0496425	0.193374	0.0585851	
0.232309	0.364621	0.29632	0.370708	0.369814	0.522044	0.674163	0.620935	
0.252687	0.807136	0.724248	0.794124	0.822729	0.811967	0.740654	0.719977	
0.25575	0.810566	0.728717	0.799267	0.826668	0.813225	0.739381	0.720453	
0.257423	0.811091	0.729899	0.798963	0.827057	0.814202	0.740186	0.720977	
0.27608	0.813862	0.733759	0.800127	0.830089	0.819959	0.742615	0.72334	
0.353562	0.70213	0.632231	0.743858	0.651527	0.756233	0.696923	0.671295	
0.301374	0.816132	0.734055	0.804218	0.829567	0.823569	0.741542	0.725023	
0.266345	0.361865	0.291069	0.394389	0.219956	0.414354	0.554687	0.52775	
0.304644	0.817574	0.7349	0.798813	0.828489	0.827102	0.747826	0.72685	
0.306942	0.820554	0.74072	0.803045	0.837194	0.828994	0.746712	0.72764	
0.308219	0.820749	0.741323	0.802848	0.837252	0.829421	0.747084	0.727856	
0.320929	0.821918	0.744182	0.803113	0.838943	0.832322	0.748435	0.729523	
0.355103	0.736126	0.580281	0.727162	0.646431	0.755163	0.75935	0.707448	
0.331609	0.82471	0.741096	0.80574	0.840063	0.835007	0.753092	0.73008	
0.353162	0.784147	0.695872	0.761564	0.708386	0.761504	0.721296	0.707192	
0.337377	0.826398	0.746758	0.806206	0.843352	0.836438	0.751279	0.731473	
0.357588	0.79767	0.722208	0.778489	0.691824	0.795361	0.745708	0.709897	
0.340144	0.826597	0.748102	0.805079	0.842566	0.837257	0.753169	0.73195	
0.353676	0.724774	0.565148	0.761881	0.710547	0.749769	0.715455	0.697418	
0.342922	0.826716	0.746627	0.806242	0.844475	0.836793	0.752474	0.732487	
0.344384	0.826926	0.748641	0.805131	0.843729	0.837783	0.75393	0.732782	
0.345489	0.827728	0.749086	0.80606	0.844947	0.837833	0.753744	0.733033	
0.355689	0.827564	0.748111	0.804249	0.843847	0.838929	0.757182	0.734507	
0.344428	0.724436	0.490223	0.75111	0.797861	0.795534	0.73629	0.715433	
0.356673	0.830046	0.750979	0.806571	0.847101	0.839123	0.756807	0.735054	
0.357519	0.830172	0.752009	0.806539	0.847047	0.839398	0.757109	0.735159	
0.366125	0.831618	0.753606	0.807461	0.849127	0.840293	0.758571	0.736713	
0.378752	0.324601	0.213721	0.396574	0.252378	0.474495	0.600824	0.551186	
0.37494	0.823258	0.740989	0.799605	0.835521	0.837961	0.762424	0.736013	
0.36836	0.831821	0.75403	0.806696	0.848893	0.841017	0.760015	0.73717	
0.369306	0.730724	0.479163	0.744194	0.801949	0.808205	0.746951	0.724196	
0.370244	0.832254	0.751775	0.807228	0.8501	0.840897	0.760113	0.737642	
0.371885	0.832342	0.75445	0.806757	0.849385	0.84152	0.760909	0.737811	
0.372622	0.832891	0.754929	0.807272	0.850217	0.841518	0.760965	0.738098	
0.381526	0.833962	0.755536	0.807098	0.850563	0.842808	0.763197	0.739834	
0.167772	0.256469	0.0788114	0.353386	0.288915	0.350611	0.490224	0.411924	
0.382825	0.815626	0.675973	0.787977	0.832405	0.831466	0.761151	0.737178	
0.38243	0.834464	0.756192	0.807769	0.851514	0.84279	0.763391	0.74013	
0.390968	0.834292	0.754706	0.80503	0.848234	0.844024	0.764126	0.741005	
0.389222	0.789756	0.622732	0.744126	0.755332	0.806465	0.757049	0.731489	
0.392687	0.836374	0.758608	0.808634	0.853275	0.844516	0.765111	0.742255	
0.399757	0.837532	0.759473	0.808726	0.853413	0.845877	0.766826	0.744005	
0.312411	0.616973	0.337826	0.373618	0.295351	0.321085	0.481236	0.460807	
0.403463	0.837109	0.75834	0.802379	0.838273	0.839765	0.761818	0.741981	
0.401024	0.837919	0.760754	0.809233	0.854351	0.846634	0.766427	0.744264	
0.418055	0.826996	0.738799	0.782519	0.809703	0.8278	0.766628	0.742192	
0.404491	0.838116	0.760388	0.80938	0.854824	0.846344	0.767329	0.745294	
0.400522	0.594077	0.467136	0.572058	0.618655	0.762128	0.743434	0.699074	
0.407204	0.837025	0.759022	0.807688	0.853569	0.84734	0.768146	0.745392	
0.405771	0.838541	0.761332	0.809315	0.855074	0.847101	0.767797	0.745509	
0.413255	0.824201	0.719385	0.805455	0.845868	0.84315	0.765388	0.745838	
0.40751	0.838939	0.761472	0.810152	0.855516	0.847255	0.767746	0.746031	
0.420307	0.76345	0.574378	0.727753	0.718138	0.804797	0.759122	0.724902	
0.410208	0.839254	0.762116	0.809289	0.854791	0.847845	0.76871	0.746548	
0.410956	0.83966	0.763027	0.810543	0.855985	0.847951	0.7684	0.746834	
0.412332	0.839896	0.763551	0.810288	0.85602	0.848413	0.76897	0.747213	
0.422629	0.83953	0.761522	0.811409	0.853949	0.848845	0.769169	0.749088	
0.4169	0.746418	0.571307	0.713769	0.610841	0.771113	0.741733	0.703705	
0.424182	0.841717	0.76686	0.811525	0.857655	0.850972	0.771258	0.750067	
0.425065	0.841826	0.767073	0.811734	0.857952	0.851097	0.77124	0.750351	
0.434036	0.842764	0.768878	0.811567	0.858957	0.852799	0.772867	0.752465	
0.292172	0.372094	0.158669	0.524471	0.558189	0.600432	0.645657	0.603082	
0.439107	0.836093	0.737178	0.80698	0.854108	0.851336	0.772677	0.752478	
0.43548	0.843128	0.769201	0.812065	0.859131	0.853075	0.773062	0.752801	
0.444525	0.794312	0.649244	0.757803	0.754774	0.831968	0.766545	0.739604	
0.437245	0.843272	0.769609	0.811364	0.858952	0.853763	0.773729	0.753018	
0.438668	0.843505	0.769797	0.812194	0.859426	0.853612	0.773534	0.753455	
0.439565	0.84381	0.770476	0.811861	0.859842	0.854196	0.774071	0.753594	
0.448562	0.842009	0.766611	0.811685	0.856658	0.853828	0.774353	0.754609	
0.445179	0.789515	0.691229	0.760057	0.733609	0.825328	0.76597	0.732384	
0.449122	0.845065	0.772249	0.812354	0.86171	0.856397	0.776074	0.755185	
0.456147	0.84568	0.772402	0.812267	0.862973	0.857802	0.776996	0.756729	
0.245471	0.299192	0.120204	0.381373	0.225288	0.433697	0.550493	0.511592	
0.460376	0.825321	0.723966	0.791214	0.829883	0.846658	0.776078	0.753588	
0.457363	0.845763	0.773734	0.812828	0.863544	0.857857	0.777361	0.756984	
0.463729	0.839275	0.771283	0.80726	0.839523	0.855288	0.778846	0.7532	
0.458748	0.846095	0.774095	0.812488	0.86335	0.858779	0.778194	0.757049	
0.470846	0.778934	0.696503	0.779213	0.748259	0.80429	0.749111	0.721345	
0.460688	0.845832	0.773841	0.813168	0.864147	0.858507	0.777789	0.757647	
0.461286	0.846364	0.774454	0.812842	0.864234	0.859342	0.778713	0.757859	
0.462219	0.846384	0.774515	0.813279	0.8649	0.859399	0.778595	0.758209	
0.469818	0.845859	0.773759	0.812066	0.860741	0.860779	0.780792	0.759263	
0.469016	0.777591	0.682999	0.782488	0.73796	0.79419	0.74168	0.716637	
0.47105	0.847019	0.775683	0.814416	0.867071	0.861654	0.780257	0.76046	
0.471646	0.847139	0.775858	0.814368	0.867133	0.861852	0.780527	0.760643	
0.478047	0.84775	0.776955	0.814962	0.868602	0.863123	0.781751	0.762061	
0.522586	0.732061	0.671952	0.780126	0.581871	0.803214	0.751554	0.705987	
0.485244	0.84799	0.777217	0.814098	0.865124	0.864797	0.784413	0.761843	
0.488453	0.815956	0.763293	0.810952	0.775359	0.825253	0.761716	0.740678	
0.486154	0.848607	0.777604	0.815424	0.870115	0.864823	0.783783	0.762992	
0.491031	0.833566	0.716727	0.795854	0.847773	0.857294	0.783122	0.760356	
0.487247	0.848867	0.778428	0.815153	0.870035	0.865089	0.784256	0.763317	
0.497635	0.825448	0.76221	0.809752	0.825906	0.850439	0.779579	0.758751	
0.488788	0.848869	0.778392	0.815537	0.870534	0.864938	0.784263	0.763647	
0.496919	0.818221	0.727686	0.785312	0.791424	0.84412	0.78106	0.752368	
0.490073	0.849183	0.778679	0.815116	0.870505	0.865423	0.784918	0.76384	
0.49127	0.84926	0.778723	0.81553	0.870999	0.865472	0.785001	0.764037	
0.500596	0.842148	0.766379	0.805387	0.850586	0.860739	0.787032	0.762252	
0.49327	0.849576	0.778886	0.814998	0.870853	0.86588	0.785816	0.764311	
0.477612	0.705722	0.535498	0.71023	0.673078	0.767741	0.7426	0.709106	
0.495274	0.848697	0.776858	0.815321	0.870287	0.865534	0.785557	0.764322	
0.494182	0.849698	0.779163	0.815561	0.871493	0.866037	0.78582	0.764458	
0.501741	0.85003	0.77842	0.814429	0.87101	0.866355	0.788019	0.765919	
0.113331	0.0773197	0.0279711	0.219248	0.0755918	0.0339581	0.111999	0.235406	
0.502692	0.753787	0.603431	0.757722	0.763383	0.819909	0.764474	0.740809	
0.503453	0.850914	0.780594	0.816068	0.872957	0.866753	0.787729	0.766287	
0.503956	0.851087	0.780819	0.81603	0.873104	0.866861	0.788031	0.766431	
0.509947	0.851715	0.780879	0.816519	0.873893	0.867373	0.789494	0.767578	
0.444138	0.493014	0.330172	0.408623	0.350482	0.670388	0.704401	0.690342	
0.509713	0.847567	0.770196	0.811369	0.865307	0.866179	0.789782	0.76786	
0.510068	0.852161	0.781493	0.81652	0.874172	0.867624	0.789765	0.767854	
0.521007	0.845936	0.771647	0.812943	0.869822	0.863624	0.787468	0.767873	
0.513287	0.852112	0.781155	0.816628	0.874648	0.867824	0.789565	0.768496	
0.510909	0.681448	0.526098	0.647717	0.590339	0.639463	0.709487	0.667911	
0.515681	0.852153	0.780276	0.815366	0.872557	0.8669	0.790844	0.768406	
0.514374	0.852836	0.781928	0.816629	0.874716	0.868289	0.790399	0.768852	
0.522631	0.853549	0.783182	0.81672	0.876612	0.868866	0.790327	0.770196	
0.42661	0.331078	0.366116	0.416541	0.233369	0.119749	0.163997	0.265832	
0.53051	0.838561	0.770392	0.803678	0.842656	0.834836	0.780497	0.751276	
0.524204	0.853887	0.783043	0.81672	0.876331	0.869949	0.79208	0.771319	
0.527134	0.847181	0.771569	0.816149	0.868044	0.868168	0.791785	0.771667	
0.525107	0.853984	0.783288	0.817698	0.876903	0.870176	0.792261	0.771651	
0.538124	0.804752	0.65154	0.752204	0.773171	0.802145	0.772571	0.748574	
0.527964	0.854145	0.783002	0.817541	0.876253	0.870033	0.792927	0.772137	
0.528367	0.854323	0.783697	0.818191	0.877195	0.870532	0.792916	0.772451	
0.529709	0.854543	0.784065	0.818394	0.877124	0.870563	0.79337	0.772706	
0.538674	0.851868	0.778303	0.816996	0.875335	0.869234	0.793616	0.774171	
0.533572	0.854334	0.783675	0.81868	0.877466	0.870827	0.79377	0.773563	
0.44193	0.440051	0.284549	0.328019	0.411053	0.505283	0.623054	0.634266	
0.535199	0.84957	0.768142	0.812934	0.870005	0.864119	0.793493	0.772488	
0.534288	0.854962	0.784672	0.81932	0.87776	0.870957	0.794266	0.773802	
0.542518	0.856065	0.785731	0.819517	0.879246	0.871391	0.795392	0.776002	
0.495596	0.489868	0.278708	0.443271	0.453176	0.468168	0.590331	0.579706	
0.549479	0.849462	0.76309	0.814152	0.869693	0.860867	0.796286	0.774624	
0.544177	0.856404	0.785641	0.819702	0.879176	0.871238	0.7963	0.776503	
0.540406	0.830236	0.728912	0.799895	0.845864	0.853087	0.786644	0.7682	
0.54454	0.856352	0.786076	0.820017	0.879992	0.871671	0.796242	0.776813	
0.556495	0.848408	0.756126	0.807515	0.854494	0.86241	0.795293	0.775333	
0.547073	0.856921	0.785914	0.819672	0.879566	0.871764	0.79711	0.777744	
0.538504	0.765553	0.677997	0.752097	0.733519	0.763176	0.718139	0.675028	
0.548857	0.856617	0.786607	0.820039	0.880474	0.871434	0.79667	0.777714	
0.550269	0.857294	0.787024	0.819889	0.880335	0.872279	0.798066	0.778707	
0.55086	0.857507	0.787482	0.820204	0.881286	0.872575	0.798032	0.779054	
0.560065	0.858711	0.788893	0.820412	0.881647	0.873024	0.800812	0.780915	
0.215295	0.145832	0.230215	0.286183	0.155084	0.0529589	0.153889	0.338249	
0.556368	0.811887	0.74858	0.799412	0.759661	0.788714	0.733065	0.689542	
0.560679	0.858855	0.78932	0.821162	0.883135	0.873508	0.800578	0.781093	
0.561505	0.859133	0.789581	0.821064	0.883278	0.873773	0.801157	0.781387	
0.569947	0.859462	0.79006	0.8223	0.883351	0.873596	0.802195	0.78139	
0.191348	0.0968172	0.152869	0.0702434	0.0668564	0.0490532	0.232774	0.125598	
0.564001	0.742672	0.62404	0.750019	0.633359	0.802339	0.752178	0.731432	
0.571014	0.860233	0.790496	0.821785	0.884018	0.874232	0.803159	0.782367	
0.571861	0.860375	0.790758	0.822255	0.884575	0.874312	0.803303	0.782553	
0.578587	0.860792	0.790312	0.822102	0.883032	0.874523	0.804073	0.783264	
0.570139	0.798898	0.702185	0.78987	0.796758	0.843042	0.791865	0.775942	
0.579305	0.861358	0.791009	0.823019	0.884993	0.874579	0.804393	0.783755	
0.579664	0.861523	0.791228	0.823111	0.885138	0.874717	0.804448	0.783773	
0.584254	0.862306	0.791621	0.823923	0.885845	0.875179	0.804843	0.784431	
0.545911	0.664903	0.432204	0.670515	0.531745	0.6913	0.774343	0.760409	
0.589348	0.859462	0.783686	0.822019	0.880168	0.872253	0.805229	0.785751	
0.58558	0.862355	0.791431	0.82411	0.8858	0.875082	0.805021	0.784822	
0.583034	0.812137	0.718864	0.770321	0.800938	0.847687	0.801845	0.778405	
0.586326	0.862592	0.791571	0.824114	0.885536	0.875276	0.80534	0.784718	
0.587552	0.862618	0.791494	0.824473	0.885987	0.875173	0.805335	0.785177	
0.587835	0.862917	0.791917	0.824649	0.886184	0.875398	0.805507	0.785113	
0.593039	0.863044	0.790768	0.82541	0.885604	0.875349	0.806218	0.785939	
0.221147	0.0489062	0.105792	0.0484716	0.129297	0.196818	0.377882	0.345634	
0.577226	0.766559	0.659415	0.741368	0.757005	0.835584	0.798196	0.767669	
0.592744	0.864034	0.792635	0.825636	0.886737	0.875995	0.80665	0.785545	
0.593384	0.864087	0.792632	0.825917	0.886859	0.876009	0.806661	0.785729	
0.596524	0.864418	0.792653	0.826466	0.886955	0.876372	0.807544	0.785848	
0.408367	0.457961	0.301918	0.52191	0.423112	0.543031	0.634831	0.616846	
0.595966	0.854991	0.780551	0.82136	0.875765	0.87219	0.805565	0.785072	
0.596757	0.864571	0.793229	0.826985	0.887365	0.876483	0.807494	0.786047	
0.600566	0.865036	0.794406	0.82772	0.887527	0.876733	0.808489	0.786583	
0.580461	0.562304	0.586286	0.64732	0.506679	0.610417	0.537111	0.527845	
0.60369	0.861475	0.791144	0.828013	0.879423	0.873064	0.80511	0.782895	
0.601305	0.865124	0.794423	0.828333	0.887786	0.876794	0.808484	0.786764	
0.604375	0.859119	0.776916	0.821629	0.877349	0.869622	0.809248	0.784837	
0.601945	0.865186	0.794868	0.828219	0.887957	0.876798	0.808976	0.786857	
0.608293	0.828913	0.735648	0.805961	0.839358	0.850334	0.801707	0.776932	
0.603561	0.865092	0.795003	0.828371	0.887774	0.876736	0.809154	0.786949	
0.60369	0.865292	0.79546	0.828611	0.888107	0.876769	0.809573	0.787033	
0.6047	0.865362	0.795714	0.828622	0.888177	0.876935	0.80964	0.787169	
0.608809	0.863087	0.790508	0.826852	0.884805	0.871708	0.811669	0.786962	
0.606006	0.865449	0.795897	0.828827	0.888263	0.876689	0.810341	0.787285	
0.564783	0.76567	0.551512	0.736208	0.708376	0.682391	0.776719	0.750834	
0.607823	0.864643	0.79457	0.82793	0.886867	0.875703	0.810123	0.787056	
0.606789	0.865573	0.796384	0.828862	0.888443	0.877073	0.810349	0.787298	
0.611197	0.865923	0.797483	0.829045	0.88848	0.876299	0.812329	0.787711	
0.203017	0.212047	0.136087	0.33002	0.161241	0.210923	0.28592	0.343791	
0.610957	0.824448	0.723414	0.806084	0.833825	0.827328	0.794626	0.769185	
0.612645	0.866143	0.798387	0.829947	0.889214	0.877287	0.812304	0.787599	
0.615181	0.867248	0.798863	0.829997	0.889222	0.877041	0.812655	0.788684	
0.264632	0.291211	0.269565	0.313188	0.238298	0.162734	0.343388	0.36624	
0.614224	0.849309	0.783321	0.818331	0.857134	0.851743	0.808165	0.777091	
0.61587	0.867138	0.799288	0.831255	0.889488	0.877289	0.81323	0.788616	
0.617198	0.866363	0.80079	0.831312	0.890309	0.877904	0.812546	0.788496	
0.61866	0.846183	0.768006	0.822779	0.843662	0.870536	0.812868	0.787209	
0.618667	0.866873	0.800793	0.832392	0.890746	0.877696	0.813342	0.78872	
0.618406	0.865179	0.797406	0.830595	0.890282	0.87687	0.815272	0.787945	
0.618709	0.867408	0.800962	0.832072	0.890981	0.877756	0.814029	0.78888	
0.627706	0.846418	0.766414	0.827174	0.863846	0.869906	0.808794	0.78382	
0.620238	0.867402	0.800736	0.832713	0.8906	0.877898	0.814072	0.789038	
0.60985	0.824237	0.730943	0.793253	0.822684	0.846158	0.80425	0.780266	
0.620411	0.867691	0.801209	0.832591	0.891281	0.877853	0.814536	0.789251	
0.621863	0.86788	0.801194	0.833086	0.890944	0.878047	0.814731	0.789288	
0.621971	0.868069	0.801542	0.833221	0.89151	0.878212	0.814844	0.78939	
0.62846	0.868012	0.801417	0.834359	0.88799	0.877385	0.815657	0.789705	
0.585783	0.799334	0.712065	0.749934	0.729023	0.772852	0.795198	0.782046	
0.627919	0.869027	0.802802	0.835875	0.892305	0.878856	0.816307	0.790066	
0.628418	0.869108	0.802937	0.835926	0.892319	0.878979	0.816327	0.790128	
0.631886	0.869396	0.804158	0.837011	0.89317	0.879137	0.81713	0.790601	
0.567834	0.665918	0.673581	0.632033	0.613581	0.78215	0.760948	0.720132	
0.635741	0.867065	0.803449	0.83647	0.885819	0.877849	0.817324	0.789516	
0.633229	0.869392	0.804635	0.837587	0.892824	0.879097	0.817376	0.790422	
0.582153	0.754498	0.611307	0.686857	0.66328	0.715227	0.785476	0.767922	
0.63318	0.869028	0.803144	0.837344	0.892114	0.877111	0.817819	0.790475	
0.633375	0.869564	0.804798	0.837978	0.893437	0.879029	0.817623	0.790507	
0.638037	0.869089	0.805516	0.837624	0.893256	0.87756	0.817614	0.791341	
0.62523	0.845101	0.761676	0.817973	0.869865	0.789178	0.815689	0.778492	
0.638028	0.869767	0.806682	0.839521	0.894196	0.878834	0.818806	0.791031	
0.64156	0.869303	0.808202	0.840179	0.894629	0.879078	0.818905	0.791267	
0.439336	0.22951	0.254492	0.363078	0.284284	0.306371	0.523394	0.496866	
0.638688	0.844391	0.783323	0.83032	0.879465	0.857743	0.819278	0.782803	
0.641739	0.869864	0.808323	0.8405	0.895192	0.878717	0.819702	0.791518	
0.64532	0.869483	0.806677	0.839949	0.89486	0.877709	0.81973	0.792912	
0.641917	0.852828	0.762337	0.839127	0.891918	0.849038	0.821059	0.787478	
0.64567	0.870122	0.809702	0.841061	0.895709	0.878368	0.820626	0.792508	
0.64755	0.868399	0.810661	0.840685	0.89451	0.879528	0.819491	0.790341	
0.646595	0.869825	0.81028	0.841321	0.896269	0.879074	0.820463	0.792111	
0.648486	0.84343	0.752059	0.823114	0.872721	0.849848	0.818891	0.786124	
0.647578	0.870106	0.810206	0.841424	0.896561	0.878426	0.821076	0.792313	
0.648475	0.869624	0.808914	0.840814	0.896467	0.878692	0.82032	0.792712	
0.648015	0.870312	0.810769	0.841329	0.896672	0.878841	0.820844	0.792508	
0.651365	0.869541	0.809697	0.842363	0.897853	0.877702	0.821775	0.792527	
0.63958	0.828041	0.68945	0.831168	0.884642	0.855594	0.812052	0.790205	
0.651842	0.87051	0.812547	0.841959	0.897624	0.878621	0.82135	0.792793	
0.652004	0.870634	0.812624	0.84209	0.897766	0.878577	0.821491	0.792825	
0.654168	0.871392	0.813384	0.842376	0.897976	0.878605	0.821974	0.793475	
0.641102	0.74258	0.629278	0.773036	0.728028	0.750473	0.783774	0.748643	
0.656788	0.869753	0.812729	0.843613	0.898241	0.876862	0.822584	0.793019	
0.658506	0.868268	0.805085	0.841392	0.894303	0.875646	0.820243	0.793113	
0.657751	0.870837	0.81457	0.843559	0.898944	0.87886	0.822279	0.793496	
0.652543	0.853435	0.765085	0.823968	0.867195	0.843211	0.818681	0.786492	
0.657909	0.871409	0.814411	0.843961	0.899251	0.878618	0.822774	0.793642	
0.658564	0.871422	0.814767	0.843946	0.899203	0.878838	0.822696	0.793821	
0.658737	0.87164	0.814894	0.844135	0.89934	0.878752	0.8229	0.793806	
0.662792	0.870627	0.811473	0.844405	0.898731	0.878149	0.823306	0.794454	
0.660676	0.871649	0.814676	0.844358	0.899248	0.878843	0.823121	0.794132	
0.49584	0.32519	0.202788	0.501118	0.542556	0.49702	0.72686	0.690741	
0.657067	0.863887	0.782896	0.840967	0.894837	0.870009	0.822733	0.791825	
0.660687	0.872181	0.815435	0.844543	0.89962	0.878901	0.823243	0.794001	
0.662568	0.872434	0.816337	0.84539	0.900006	0.879136	0.823702	0.793755	
0.673452	0.846993	0.789644	0.814703	0.811465	0.841956	0.806939	0.777037	
0.664449	0.87307	0.81638	0.844797	0.899397	0.879291	0.824053	0.794058	
0.663669	0.868353	0.813037	0.847069	0.895246	0.877432	0.822984	0.792799	
0.664408	0.872933	0.816748	0.845873	0.900298	0.879452	0.824239	0.794145	
0.666675	0.869999	0.808865	0.845812	0.899387	0.876023	0.825042	0.792261	
0.665112	0.873067	0.816926	0.846167	0.900508	0.879396	0.824495	0.793847	
0.632981	0.798897	0.647069	0.799931	0.799036	0.817713	0.808294	0.78049	
0.665602	0.87254	0.816126	0.846188	0.89959	0.879576	0.824562	0.794022	
0.66539	0.873093	0.817301	0.846332	0.900481	0.879656	0.824565	0.793954	
0.668078	0.873705	0.81816	0.847041	0.900268	0.880138	0.825122	0.794136	
0.373335	0.354066	0.255167	0.496221	0.357359	0.490673	0.441822	0.519537	
0.6689	0.855933	0.793538	0.84142	0.87463	0.874095	0.820914	0.789439	
0.668738	0.873385	0.818763	0.847517	0.900718	0.880284	0.82522	0.794171	
0.670074	0.873777	0.818804	0.84807	0.901701	0.878963	0.826333	0.79448	
0.37255	0.435592	0.143676	0.465422	0.266879	0.360268	0.436815	0.496879	
0.672058	0.850113	0.780126	0.837803	0.882082	0.856838	0.815567	0.783953	
0.670866	0.87382	0.819701	0.84821	0.901494	0.880284	0.825938	0.794573	
0.671439	0.874618	0.81953	0.847838	0.900286	0.880909	0.82603	0.79486	
0.674575	0.863846	0.795857	0.844861	0.887237	0.877873	0.825434	0.793133	
0.672583	0.873984	0.821079	0.848613	0.901363	0.880755	0.826268	0.794923	
0.672302	0.873256	0.818855	0.848587	0.901574	0.878257	0.828165	0.79481	
0.672588	0.874632	0.820695	0.848704	0.901649	0.880483	0.826997	0.795079	
0.678754	0.856025	0.792288	0.844857	0.877218	0.872288	0.817935	0.788347	
0.673571	0.874319	0.820795	0.849175	0.901548	0.880705	0.826715	0.795161	
0.673356	0.874979	0.820989	0.849008	0.901658	0.880492	0.827265	0.795171	
0.674114	0.874653	0.821131	0.849482	0.90175	0.880658	0.827066	0.79523	
0.674156	0.874918	0.821269	0.849469	0.901846	0.88061	0.827296	0.79526	
0.677132	0.875558	0.821636	0.850871	0.902116	0.880405	0.828162	0.795463	
0.60029	0.653454	0.267001	0.518649	0.328941	0.62943	0.678628	0.644434	
0.677121	0.875676	0.814	0.845059	0.884782	0.875758	0.827367	0.792609	
0.677278	0.875958	0.821999	0.850758	0.9022	0.880385	0.828352	0.795457	
0.681135	0.873409	0.819693	0.85046	0.898038	0.878615	0.826554	0.793134	
0.67839	0.875848	0.822125	0.851153	0.902385	0.880614	0.828292	0.795417	
0.658034	0.772188	0.648615	0.749763	0.721599	0.783276	0.787754	0.749421	
0.679106	0.876392	0.821811	0.850378	0.901431	0.879415	0.829303	0.795025	
0.678757	0.876366	0.822506	0.851133	0.902613	0.880434	0.828829	0.79542	
0.68196	0.877575	0.823381	0.850462	0.902608	0.879921	0.829927	0.794912	
0.654402	0.838343	0.793637	0.802141	0.856175	0.798141	0.801214	0.770675	
0.682285	0.877686	0.823663	0.851719	0.903335	0.880277	0.830616	0.795013	
0.682546	0.877775	0.823805	0.851748	0.903362	0.880454	0.830563	0.795072	
0.683846	0.877783	0.824275	0.852151	0.90343	0.880372	0.831174	0.795107	
0.341665	0.456297	0.415448	0.450312	0.372512	0.355919	0.50396	0.581677	
0.67799	0.856325	0.811217	0.839759	0.889382	0.868105	0.825738	0.793435	
0.684043	0.878139	0.824441	0.852379	0.903638	0.880764	0.831088	0.795308	
0.685919	0.87841	0.825068	0.852889	0.904092	0.88051	0.831476	0.795463	
0.537313	0.708438	0.622988	0.579816	0.45898	0.478769	0.619808	0.641214	
0.685668	0.87818	0.823147	0.847536	0.896985	0.873789	0.829343	0.794551	
0.686427	0.878879	0.825131	0.852695	0.904157	0.880848	0.831681	0.795829	
0.687546	0.878077	0.82398	0.853243	0.900587	0.876535	0.833197	0.794635	
0.687058	0.878954	0.825175	0.853302	0.904037	0.881082	0.832349	0.795679	
0.664979	0.831244	0.757587	0.805397	0.785039	0.748134	0.804646	0.786819	
0.688761	0.878949	0.82538	0.85317	0.903442	0.88061	0.832061	0.796399	
0.688023	0.879205	0.825541	0.853345	0.904073	0.881033	0.833037	0.795641	
0.689323	0.879511	0.825973	0.85387	0.904234	0.881515	0.832807	0.796136	
0.689462	0.879692	0.826144	0.853875	0.904343	0.88152	0.833016	0.796131	
0.692195	0.88037	0.8271	0.854647	0.904609	0.881537	0.834039	0.796166	
0.531027	0.588822	0.515811	0.613419	0.551528	0.585177	0.649164	0.683734	
0.695064	0.874108	0.818287	0.851511	0.896706	0.878307	0.83179	0.795779	
0.692908	0.880275	0.827081	0.854869	0.904501	0.881715	0.833998	0.796354	
0.690785	0.857866	0.790349	0.839971	0.871253	0.873327	0.833047	0.789564	
0.693062	0.880724	0.827247	0.854647	0.904633	0.881618	0.834428	0.796332	
0.693933	0.880438	0.827249	0.85507	0.90458	0.88176	0.834211	0.79649	
0.693934	0.880835	0.827521	0.854977	0.904803	0.881728	0.834511	0.796491	
0.697818	0.879505	0.825834	0.85542	0.902855	0.881191	0.834385	0.796665	
0.695589	0.880676	0.827501	0.855417	0.904628	0.881724	0.834574	0.796696	
0.598839	0.450121	0.26567	0.551454	0.397098	0.657294	0.739378	0.66826	
0.693834	0.8761	0.817653	0.851429	0.896469	0.879319	0.83518	0.794972	
0.695479	0.881261	0.827911	0.855345	0.905034	0.881761	0.834915	0.796748	
0.697325	0.88205	0.82835	0.855878	0.905239	0.881303	0.835607	0.797222	
0.638117	0.682529	0.613906	0.771872	0.703934	0.781713	0.778382	0.751641	
0.697801	0.879481	0.825349	0.856112	0.902855	0.880538	0.834699	0.797647	
0.697561	0.882027	0.828528	0.856193	0.905322	0.881334	0.835504	0.797412	
0.700054	0.881356	0.827718	0.856357	0.904557	0.879627	0.836932	0.797361	
0.694217	0.841359	0.778097	0.84185	0.866273	0.867183	0.826479	0.793349	
0.700946	0.883181	0.829882	0.857354	0.905911	0.880383	0.83661	0.798219	
0.703563	0.883527	0.829885	0.857004	0.905854	0.879742	0.837325	0.799217	
0.306156	0.185523	0.18263	0.181371	0.321742	0.478002	0.548239	0.607556	
0.692738	0.850256	0.783329	0.840343	0.878477	0.869757	0.832008	0.791805	
0.703428	0.884239	0.830745	0.857423	0.906325	0.879893	0.83755	0.798841	
0.705862	0.883829	0.831023	0.85838	0.90517	0.879445	0.835396	0.797349	
0.70442	0.884215	0.831204	0.857995	0.90644	0.880265	0.837112	0.798725	
0.681221	0.761775	0.613467	0.774578	0.734929	0.742518	0.774779	0.709193	
0.704746	0.884057	0.829924	0.85675	0.905604	0.878936	0.838448	0.798254	
0.704593	0.884516	0.831382	0.857833	0.906682	0.880206	0.837739	0.798859	
0.706455	0.883421	0.830836	0.858759	0.905538	0.880354	0.837667	0.800318	
0.698616	0.832895	0.792263	0.836175	0.870165	0.868754	0.838114	0.79098	
0.7069	0.885388	0.831766	0.858784	0.90669	0.880506	0.838285	0.799845	
0.708042	0.88438	0.832939	0.858264	0.906844	0.881123	0.838618	0.79933	
0.707051	0.875786	0.830051	0.857642	0.902292	0.878841	0.83778	0.801251	
0.708213	0.885949	0.832514	0.858913	0.907059	0.880871	0.838705	0.800021	
0.70835	0.884921	0.822235	0.854203	0.900049	0.876068	0.839886	0.798994	
0.708596	0.886165	0.832552	0.858836	0.907122	0.880832	0.839041	0.800033	
0.697835	0.850375	0.800817	0.844105	0.870508	0.867556	0.833442	0.801093	
0.708933	0.886065	0.832463	0.859207	0.906984	0.880678	0.838936	0.800447	
0.709228	0.886381	0.83278	0.858888	0.907195	0.880867	0.839294	0.800145	
0.709411	0.886449	0.832821	0.859137	0.907288	0.880825	0.839242	0.800348	
0.711336	0.887018	0.83331	0.859536	0.907674	0.880949	0.839834	0.800529	
0.561978	0.70314	0.632254	0.699132	0.637923	0.665399	0.792294	0.78012	
0.712187	0.885057	0.831179	0.857337	0.904094	0.878119	0.839601	0.801884	
0.711839	0.887128	0.833429	0.859502	0.907651	0.880893	0.839872	0.800878	
0.711861	0.864732	0.823971	0.852898	0.896087	0.868676	0.840885	0.796446	
0.712202	0.887224	0.833575	0.859669	0.907894	0.880777	0.840234	0.800742	
0.714555	0.855924	0.811933	0.851304	0.888676	0.871395	0.834472	0.798166	
0.712818	0.887201	0.83375	0.859924	0.907822	0.880949	0.84006	0.80106	
0.71317	0.887569	0.833856	0.859856	0.908039	0.880725	0.84053	0.800992	
0.713623	0.887541	0.834021	0.860119	0.908071	0.880865	0.840383	0.801197	
0.71645	0.880187	0.827366	0.855944	0.902668	0.876528	0.841839	0.799237	
0.714261	0.887866	0.834149	0.859984	0.908224	0.880679	0.840837	0.801159	
0.710396	0.790743	0.740233	0.823249	0.839296	0.843831	0.817519	0.783762	
0.715247	0.887075	0.833795	0.860364	0.907809	0.88086	0.840409	0.801447	
0.714732	0.887831	0.834337	0.860283	0.908267	0.880868	0.84071	0.801342	
0.716983	0.888586	0.834378	0.859538	0.908267	0.880583	0.841348	0.801623	
0.712043	0.843786	0.760923	0.834961	0.869702	0.857273	0.831198	0.795765	
0.718071	0.888787	0.835569	0.860361	0.908662	0.881277	0.841256	0.802006	
0.719998	0.889338	0.836094	0.860178	0.909077	0.881658	0.84178	0.802245	
0.711473	0.779674	0.684106	0.829658	0.848694	0.755103	0.810144	0.801231	
0.722903	0.888599	0.835118	0.8598	0.907889	0.881398	0.840905	0.803849	
0.717743	0.881129	0.821948	0.856147	0.903968	0.869583	0.84165	0.800023	
0.722476	0.889903	0.836651	0.860022	0.908773	0.882275	0.841566	0.803472	
0.723418	0.888448	0.835703	0.858312	0.907182	0.88194	0.842492	0.800947	
0.72334	0.889947	0.836716	0.86044	0.908945	0.88249	0.841963	0.802977	
0.714467	0.837233	0.734717	0.8177	0.84855	0.855278	0.834616	0.796272	
0.723579	0.890251	0.836558	0.859945	0.908907	0.881977	0.842407	0.803258	
0.724436	0.889898	0.836633	0.860546	0.908824	0.882632	0.842113	0.803422	
0.724454	0.890399	0.837063	0.860493	0.909114	0.882499	0.842371	0.803463	
0.726637	0.890666	0.837479	0.860659	0.909278	0.88263	0.842996	0.804007	
0.737266	0.759285	0.779806	0.849274	0.864146	0.854764	0.83185	0.796164	
0.729095	0.889313	0.836864	0.861065	0.908491	0.882979	0.842879	0.805013	
0.725983	0.848575	0.809255	0.848555	0.888695	0.869341	0.841945	0.798932	
0.729222	0.891232	0.837609	0.860867	0.909177	0.882932	0.843312	0.804894	
0.731194	0.890771	0.838302	0.860782	0.909081	0.883021	0.843867	0.805084	
0.578911	0.275096	0.521003	0.657495	0.529084	0.542052	0.685197	0.644807	
0.731884	0.865773	0.831295	0.859673	0.900987	0.880114	0.841555	0.804904	
0.731455	0.891285	0.838221	0.86106	0.90901	0.883238	0.843781	0.805405	
0.731768	0.889383	0.828767	0.858805	0.904689	0.881219	0.844324	0.80565	
0.731724	0.891713	0.838295	0.861026	0.90902	0.88317	0.84395	0.805486	
0.734295	0.871354	0.821635	0.858569	0.901786	0.878565	0.842027	0.805925	
0.732216	0.89169	0.838316	0.861133	0.908977	0.88331	0.843914	0.805699	
0.732613	0.88531	0.826817	0.858358	0.903253	0.880246	0.844577	0.806072	
0.732485	0.892004	0.838428	0.861221	0.90888	0.883284	0.844098	0.805831	
0.735204	0.884486	0.830034	0.859086	0.904328	0.880197	0.842567	0.805515	
0.733292	0.891949	0.838639	0.861281	0.908932	0.883365	0.844091	0.806049	
0.732808	0.847862	0.788837	0.83683	0.858027	0.859923	0.834746	0.796971	
0.734055	0.892223	0.838789	0.861428	0.908543	0.883197	0.844394	0.806294	
0.734476	0.892384	0.839222	0.86155	0.90887	0.883459	0.844235	0.806318	
0.734823	0.892537	0.839341	0.861665	0.908798	0.883439	0.844437	0.80652	
0.738311	0.892614	0.840237	0.862155	0.908275	0.883508	0.844469	0.806977	
0.207703	0.127455	0.165121	0.0548951	0.071814	0.0644445	0.148602	0.184831	
0.726469	0.760738	0.684252	0.793915	0.775551	0.808162	0.808307	0.77248	
0.738787	0.893005	0.840795	0.862246	0.908263	0.883505	0.845155	0.807304	
0.738974	0.893439	0.841135	0.862575	0.908567	0.883819	0.845033	0.807387	
0.740882	0.893787	0.841523	0.863006	0.907931	0.884001	0.845317	0.807694	
0.50745	0.452936	0.400464	0.590241	0.48093	0.54132	0.581522	0.645601	
0.737158	0.879752	0.824175	0.858496	0.899155	0.879725	0.840613	0.806051	
0.740754	0.894027	0.841941	0.863355	0.908315	0.884233	0.84514	0.807776	
0.742672	0.894215	0.842546	0.863808	0.908243	0.884589	0.845069	0.808348	
0.74484	0.805285	0.790503	0.846381	0.842716	0.86058	0.819371	0.802963	
0.744205	0.893963	0.842134	0.863838	0.90738	0.884578	0.845302	0.809031	
0.744016	0.891175	0.840518	0.864229	0.905874	0.882489	0.84484	0.807951	
0.74435	0.894603	0.842947	0.864382	0.907894	0.88453	0.845588	0.80889	
0.746478	0.894221	0.843852	0.863763	0.906255	0.884516	0.843543	0.808373	
0.745325	0.894602	0.843558	0.864431	0.907841	0.885096	0.845103	0.808973	
0.707374	0.650651	0.53296	0.688351	0.636375	0.656527	0.728419	0.71575	
0.746062	0.892417	0.840513	0.862852	0.905496	0.881897	0.846289	0.808468	
0.745591	0.894647	0.843653	0.864489	0.908022	0.884928	0.845607	0.809112	
0.747247	0.892371	0.842954	0.865407	0.907134	0.884491	0.84631	0.809926	
0.746402	0.894555	0.84389	0.864968	0.907761	0.884772	0.845961	0.809492	
0.728618	0.576395	0.456302	0.774664	0.728007	0.839004	0.82793	0.786919	
0.747774	0.891457	0.84061	0.864221	0.906114	0.884097	0.846396	0.809239	
0.746833	0.894916	0.844338	0.864962	0.907757	0.884703	0.846122	0.809476	
0.748194	0.894835	0.845292	0.865423	0.907449	0.885064	0.844764	0.809303	
0.749179	0.880547	0.834386	0.856306	0.88	0.869256	0.837703	0.801118	
0.748701	0.895197	0.845763	0.865446	0.908059	0.885306	0.846124	0.80976	
0.749477	0.8958	0.846877	0.865842	0.907292	0.884826	0.846358	0.809906	
0.750524	0.894019	0.842017	0.865306	0.902116	0.885112	0.840395	0.807193	
0.749926	0.895811	0.847306	0.86625	0.90787	0.8856	0.846232	0.810129	
0.752416	0.892549	0.847921	0.864022	0.902918	0.88435	0.845318	0.808513	
0.750659	0.895979	0.847763	0.865989	0.90759	0.885889	0.846475	0.810061	
0.724109	0.770607	0.775902	0.797615	0.71396	0.780879	0.706375	0.736422	
0.750668	0.895146	0.847493	0.866929	0.905914	0.885752	0.84465	0.809862	
0.750726	0.896109	0.847913	0.866442	0.907733	0.886101	0.846287	0.810206	
0.752287	0.896644	0.849008	0.866945	0.906589	0.886089	0.847062	0.810422	
0.331018	0.443524	0.259897	0.421217	0.223575	0.316755	0.288634	0.4627	
0.745975	0.880798	0.822651	0.847626	0.867548	0.860193	0.831544	0.800614	
0.752644	0.896757	0.849315	0.86734	0.90727	0.886623	0.846961	0.810563	
0.753518	0.896594	0.849593	0.868382	0.906649	0.887177	0.846732	0.810301	
0.753035	0.89476	0.841478	0.865311	0.903427	0.884146	0.846134	0.810762	
0.754068	0.897129	0.850128	0.868077	0.90705	0.887067	0.847287	0.810776	
0.754248	0.897404	0.849973	0.867806	0.906399	0.88547	0.848447	0.810626	
0.754176	0.897327	0.850263	0.868165	0.907194	0.886742	0.847889	0.810843	
0.734114	0.798364	0.717767	0.823582	0.818198	0.797653	0.81327	0.788204	
0.755383	0.896317	0.849243	0.868151	0.906285	0.886386	0.847548	0.810971	
0.754619	0.897316	0.850336	0.868281	0.907202	0.886877	0.847868	0.810944	
0.753569	0.892694	0.847024	0.86965	0.905661	0.885623	0.847807	0.810444	
0.754643	0.897491	0.85051	0.868746	0.907231	0.886881	0.847939	0.810899	
0.74758	0.867485	0.815847	0.857763	0.887169	0.874356	0.8427	0.808011	
0.75547	0.897559	0.85053	0.868514	0.907398	0.886985	0.847945	0.81095	
0.755285	0.8977	0.850789	0.869387	0.907332	0.886605	0.848236	0.81108	
0.755835	0.897843	0.850972	0.869099	0.907501	0.886871	0.848174	0.811097	
0.756383	0.89699	0.850019	0.870399	0.905999	0.883617	0.849072	0.811439	
0.75629	0.897962	0.851249	0.869972	0.907419	0.886256	0.848625	0.811301	
0.653001	0.769124	0.570804	0.728395	0.683717	0.725895	0.792556	0.774513	
0.757838	0.896594	0.848672	0.867768	0.905626	0.886142	0.847659	0.810868	
0.756998	0.898058	0.851472	0.869801	0.907658	0.886725	0.848492	0.811276	
0.759009	0.89823	0.852068	0.870242	0.907193	0.886139	0.849868	0.811489	
0.340073	0.271953	0.107036	0.347129	0.241169	0.174815	0.195061	0.347885	
0.752913	0.82397	0.746001	0.831794	0.831306	0.854452	0.821613	0.791325	
0.760278	0.898184	0.85237	0.870339	0.907722	0.886641	0.849717	0.811662	
0.760169	0.898492	0.852692	0.870477	0.907867	0.886555	0.849843	0.811774	
0.761703	0.898827	0.852756	0.870829	0.908051	0.886648	0.849859	0.81257	
0.718004	0.648046	0.565697	0.771984	0.627156	0.768536	0.791189	0.753535	
0.760188	0.897392	0.851136	0.870027	0.905833	0.88469	0.850237	0.811937	
0.761496	0.899088	0.853125	0.870889	0.90821	0.886527	0.850061	0.812576	
0.763621	0.896935	0.850652	0.870054	0.906879	0.886188	0.850587	0.812434	
0.762342	0.899154	0.85307	0.87095	0.908304	0.88661	0.850373	0.81268	
0.725102	0.736348	0.672524	0.798624	0.760364	0.825035	0.798859	0.778264	
0.761981	0.898788	0.853173	0.871028	0.907815	0.886	0.850524	0.812847	
0.762318	0.899481	0.853577	0.871206	0.908525	0.886575	0.850578	0.812856	
0.763382	0.900762	0.854204	0.871711	0.909062	0.886843	0.851152	0.813848	
0.250693	0.333121	0.445707	0.390057	0.458456	0.344526	0.371893	0.531159	
0.753769	0.887442	0.846648	0.864504	0.896569	0.853772	0.847528	0.806882	
0.763809	0.900792	0.854221	0.872034	0.909059	0.886472	0.852043	0.813945	
0.764876	0.899868	0.852924	0.871322	0.90522	0.885354	0.850805	0.815641	
0.764258	0.900868	0.854402	0.872063	0.90885	0.886608	0.851848	0.814469	
0.752804	0.87796	0.836399	0.848917	0.878224	0.851341	0.844283	0.808209	
0.764584	0.900599	0.854648	0.8726	0.908824	0.886132	0.852282	0.814541	
0.764834	0.901027	0.854449	0.87239	0.908938	0.88658	0.852123	0.814946	
0.76506	0.90092	0.854766	0.872673	0.908945	0.886525	0.852312	0.81494	
0.766886	0.901217	0.853789	0.872554	0.908024	0.886587	0.852596	0.816174	
0.763307	0.876644	0.833824	0.852149	0.883525	0.867985	0.845794	0.809417	
0.767263	0.901437	0.855089	0.873426	0.90863	0.88676	0.853113	0.816174	
0.768714	0.901383	0.855572	0.874312	0.9084	0.886965	0.853063	0.817011	
0.425735	0.438271	0.250861	0.478191	0.219582	0.456342	0.504819	0.562953	
0.762722	0.885844	0.833274	0.861626	0.881003	0.878676	0.84528	0.810313	
0.769048	0.90218	0.85545	0.874141	0.908697	0.887221	0.853458	0.817124	
0.771785	0.901959	0.854079	0.874147	0.906308	0.885118	0.854615	0.817853	
0.77024	0.902219	0.855073	0.874854	0.908125	0.886982	0.854087	0.817401	
0.769828	0.901499	0.85395	0.87244	0.906755	0.886006	0.852245	0.817606	
0.770329	0.902419	0.855306	0.874866	0.908402	0.887472	0.853935	0.81761	
0.772031	0.903224	0.855356	0.874746	0.907339	0.887332	0.8543	0.817517	
0.770238	0.881658	0.824093	0.868268	0.865556	0.871432	0.833697	0.813152	
0.772372	0.903059	0.855669	0.875466	0.908432	0.887701	0.854526	0.818018	
0.77369	0.902601	0.855761	0.875352	0.908151	0.886063	0.854996	0.818647	
0.771942	0.897504	0.850046	0.867979	0.901937	0.880584	0.850579	0.817769	
0.773953	0.903217	0.85592	0.876145	0.908476	0.887451	0.855054	0.818873	
0.774541	0.904071	0.852293	0.874507	0.904148	0.887457	0.853234	0.816938	
0.77419	0.903684	0.856105	0.876165	0.908491	0.887598	0.85524	0.818692	
0.776209	0.892103	0.845185	0.864165	0.885978	0.873232	0.842613	0.814511	
0.774576	0.903483	0.856292	0.876362	0.908527	0.887792	0.855086	0.81884	
0.77485	0.903746	0.856478	0.876349	0.908414	0.887606	0.855454	0.81879	
0.775063	0.903716	0.856556	0.876485	0.908589	0.887862	0.855343	0.818939	
0.776834	0.902884	0.856034	0.876122	0.906948	0.886344	0.855829	0.818788	
0.775715	0.903841	0.856876	0.87661	0.908438	0.887695	0.855649	0.819008	
0.746872	0.742996	0.721275	0.716333	0.782199	0.75094	0.763428	0.75954	
0.776489	0.901948	0.855774	0.875298	0.907582	0.887452	0.854372	0.819057	
0.77599	0.903867	0.857039	0.876657	0.908619	0.888038	0.855533	0.819179	
0.778245	0.903951	0.857855	0.8772	0.90874	0.887632	0.855995	0.819652	
0.522201	0.523316	0.542464	0.590591	0.522065	0.595188	0.692406	0.711752	
0.777335	0.89116	0.850412	0.871173	0.901159	0.88394	0.851681	0.81913	
0.778669	0.904041	0.857919	0.877189	0.908816	0.888033	0.855749	0.819824	
0.780158	0.903605	0.856131	0.878362	0.907714	0.88683	0.856197	0.819592	
0.779337	0.90437	0.857825	0.877733	0.908671	0.88772	0.856	0.819808	
0.73344	0.762619	0.719071	0.813531	0.832469	0.826686	0.820315	0.796993	
0.780572	0.902332	0.857106	0.877197	0.907967	0.888003	0.855142	0.820003	
0.77985	0.904288	0.858147	0.877748	0.908715	0.887979	0.855818	0.819933	
0.782131	0.903956	0.858183	0.877054	0.907076	0.886738	0.856238	0.819821	
0.780792	0.904575	0.858486	0.877757	0.908387	0.887717	0.856103	0.820018	
0.743295	0.790897	0.754799	0.799355	0.802147	0.797359	0.805152	0.779116	
0.781906	0.903311	0.857773	0.877847	0.907801	0.887296	0.855111	0.819908	
0.78126	0.904542	0.858644	0.87802	0.908576	0.887871	0.855933	0.820106	
0.783002	0.905163	0.857915	0.878564	0.908238	0.886437	0.856787	0.819869	
0.776382	0.889492	0.835592	0.868325	0.896109	0.868821	0.845881	0.811576	
0.783919	0.905308	0.859384	0.878852	0.908545	0.887467	0.856477	0.820293	
0.785602	0.905618	0.859706	0.879331	0.90829	0.88735	0.856811	0.820226	
0.526884	0.319538	0.313716	0.558721	0.386774	0.407436	0.484222	0.587732	
0.780184	0.893056	0.845146	0.874286	0.898072	0.87277	0.854873	0.814852	
0.785674	0.905897	0.85983	0.879487	0.908376	0.887251	0.857258	0.820168	
0.78762	0.90558	0.860359	0.879818	0.907891	0.887101	0.857805	0.820461	
0.627494	0.593135	0.332647	0.68639	0.609456	0.730927	0.765399	0.715439	
0.787352	0.904206	0.847643	0.878584	0.902943	0.884569	0.858755	0.81839	
0.788007	0.906151	0.860457	0.880045	0.907882	0.887005	0.858199	0.820338	
0.789234	0.905503	0.861069	0.879733	0.906972	0.88681	0.858087	0.820465	
0.788814	0.90615	0.860928	0.880015	0.907638	0.887297	0.858293	0.820499	
0.709117	0.746333	0.593713	0.763532	0.742626	0.689533	0.764537	0.748907	
0.790519	0.90514	0.858995	0.878545	0.905596	0.884416	0.859919	0.819324	
0.78946	0.906299	0.861027	0.879977	0.907513	0.887126	0.858933	0.820384	
0.790731	0.906182	0.861373	0.879621	0.907781	0.886515	0.860182	0.819831	
0.794356	0.891359	0.836306	0.859531	0.870402	0.880586	0.85981	0.817185	
0.791702	0.90643	0.861949	0.879932	0.907806	0.886682	0.860712	0.820082	
0.79241	0.906864	0.862537	0.880051	0.906614	0.887151	0.860569	0.82103	
0.789337	0.905413	0.859481	0.876329	0.902269	0.884849	0.860878	0.817028	
0.792936	0.906953	0.8626	0.880316	0.907457	0.886998	0.860966	0.820622	
0.796044	0.902135	0.855314	0.877203	0.901223	0.884641	0.863671	0.819884	
0.793628	0.906865	0.862579	0.880487	0.90712	0.886839	0.861493	0.82061	
0.785612	0.878936	0.794038	0.844133	0.852054	0.871179	0.849762	0.81182	
0.793683	0.906855	0.862531	0.880375	0.907363	0.886928	0.861085	0.820608	
0.793673	0.906948	0.862804	0.880545	0.907412	0.886924	0.861341	0.820633	
0.795558	0.907103	0.863055	0.881399	0.906285	0.886771	0.862481	0.820527	
0.340421	0.426085	0.302673	0.377546	0.277667	0.426975	0.545453	0.513595	
0.788086	0.884287	0.829657	0.861509	0.864048	0.865841	0.853617	0.814772	
0.79599	0.907438	0.863484	0.881548	0.90704	0.887275	0.862303	0.820842	
0.797445	0.908128	0.862984	0.881615	0.907583	0.886912	0.862978	0.821108	
0.600008	0.655819	0.606102	0.582999	0.461013	0.77947	0.753089	0.739415	
0.796873	0.901897	0.863435	0.877552	0.901103	0.887396	0.861478	0.818866	
0.798023	0.907773	0.863714	0.881661	0.907825	0.887268	0.862975	0.820863	
0.799361	0.90715	0.862257	0.882877	0.906222	0.885511	0.864442	0.821648	
0.798792	0.907944	0.863395	0.882266	0.907582	0.886746	0.863739	0.821268	
0.726444	0.720489	0.669244	0.800693	0.707516	0.749248	0.827122	0.79035	
0.798497	0.905303	0.860721	0.882121	0.905867	0.885531	0.863644	0.820538	
0.79902	0.9082	0.863826	0.882382	0.907778	0.886845	0.863784	0.821173	
0.802211	0.905251	0.864181	0.881295	0.907238	0.887728	0.863716	0.821947	
0.791901	0.894344	0.836323	0.879738	0.905924	0.880129	0.863269	0.818469	
0.802452	0.907606	0.8648	0.882913	0.907663	0.887	0.864289	0.821823	
0.804365	0.907579	0.860546	0.878289	0.901705	0.88304	0.861942	0.81757	
0.802864	0.907808	0.864625	0.882953	0.908023	0.887077	0.864318	0.821686	
0.800479	0.901814	0.853136	0.867033	0.887633	0.860383	0.855716	0.807555	
0.802844	0.908107	0.8647	0.883028	0.907824	0.88689	0.86484	0.821642	
0.803442	0.908018	0.864656	0.883053	0.90808	0.887095	0.864655	0.821619	
0.80342	0.908142	0.864758	0.883132	0.908051	0.887075	0.864904	0.821662	
0.805543	0.908528	0.86469	0.883344	0.907824	0.887104	0.865434	0.821476	
0.616862	0.398178	0.204371	0.405137	0.241565	0.237119	0.274698	0.421724	
0.802128	0.898405	0.848806	0.860756	0.88898	0.86419	0.856417	0.809554	
0.805565	0.908508	0.865038	0.883439	0.908099	0.887051	0.865981	0.821481	
0.805769	0.908587	0.865079	0.883524	0.908065	0.887129	0.86594	0.821502	
0.807522	0.908913	0.865797	0.883538	0.907845	0.886737	0.866782	0.821307	
0.657623	0.572419	0.504099	0.500672	0.575443	0.425322	0.493346	0.589932	
0.806391	0.902489	0.855624	0.877408	0.901679	0.877397	0.85966	0.818892	
0.807682	0.909055	0.865797	0.883793	0.908057	0.886924	0.866622	0.821574	
0.809733	0.908361	0.86495	0.884268	0.907909	0.885417	0.867881	0.82085	
0.808891	0.908959	0.865697	0.884059	0.908039	0.88669	0.867242	0.821287	
0.591152	0.773715	0.642573	0.770776	0.777599	0.662626	0.800473	0.794488	
0.807941	0.907731	0.862532	0.882108	0.907488	0.885425	0.865723	0.8217	
0.809214	0.909173	0.865781	0.883907	0.908247	0.887097	0.867033	0.821416	
0.810988	0.909483	0.866222	0.883649	0.908199	0.886984	0.867611	0.821565	
0.60418	0.602278	0.497668	0.581893	0.564013	0.658618	0.706128	0.686192	
0.812507	0.899096	0.854157	0.878511	0.901944	0.884686	0.864938	0.820337	
0.811476	0.909464	0.866042	0.88378	0.908554	0.887134	0.867518	0.821658	
0.810916	0.907385	0.862828	0.884405	0.907729	0.883842	0.86905	0.820487	
0.811576	0.909557	0.866227	0.884048	0.908527	0.886903	0.867949	0.821557	
0.811534	0.889122	0.836153	0.874932	0.896598	0.878821	0.863858	0.819456	
0.812226	0.909414	0.866008	0.883989	0.908649	0.887097	0.86792	0.821804	
0.81217	0.909666	0.866358	0.884323	0.908535	0.886715	0.868316	0.821788	
0.812586	0.909616	0.866285	0.884259	0.908685	0.886931	0.868269	0.821909	
0.813625	0.90866	0.86504	0.885033	0.90728	0.884097	0.869698	0.821898	
0.813044	0.909689	0.866406	0.884698	0.908535	0.886377	0.868874	0.822023	
0.777552	0.837363	0.750663	0.815389	0.827384	0.804898	0.816152	0.774414	
0.813975	0.909055	0.865109	0.883821	0.908759	0.88675	0.868051	0.822014	
0.81345	0.909689	0.866333	0.884567	0.908871	0.886763	0.86874	0.822171	
0.815274	0.909685	0.866188	0.884639	0.908101	0.885809	0.869724	0.822798	
0.811737	0.899966	0.843218	0.866653	0.892763	0.86988	0.855488	0.809995	
0.815926	0.909787	0.866461	0.884865	0.909347	0.886644	0.86969	0.823002	
0.817257	0.909985	0.866908	0.884599	0.909776	0.886964	0.870429	0.82269	
0.532352	0.520883	0.420426	0.47939	0.346701	0.501194	0.592551	0.60153	
0.812809	0.904294	0.859496	0.877159	0.893312	0.876119	0.868495	0.820095	
0.817521	0.910071	0.86712	0.884741	0.909633	0.886789	0.870722	0.822944	
0.820141	0.909744	0.866052	0.884296	0.90957	0.886428	0.870431	0.824255	
0.813332	0.901422	0.846647	0.878294	0.903669	0.875886	0.871332	0.818888	
0.820268	0.910048	0.86732	0.884633	0.909627	0.886601	0.871265	0.823908	
0.821458	0.909888	0.867428	0.884526	0.910018	0.886324	0.871622	0.823477	
0.821419	0.909407	0.866051	0.881561	0.903843	0.885376	0.871653	0.823402	
0.822107	0.910123	0.867599	0.884887	0.910044	0.886399	0.872055	0.824116	
0.823353	0.907599	0.861261	0.878057	0.908471	0.882669	0.867906	0.823632	
0.822614	0.910168	0.867715	0.884635	0.910153	0.886631	0.871905	0.824317	
0.809119	0.885591	0.798537	0.870161	0.896371	0.877049	0.86962	0.820179	
0.822801	0.910135	0.86749	0.884686	0.910101	0.886482	0.872177	0.82441	
0.823362	0.910196	0.867579	0.884648	0.910128	0.886565	0.872142	0.824604	
0.823434	0.910304	0.867945	0.88468	0.910192	0.886573	0.872238	0.824589	
0.825058	0.910338	0.868136	0.884515	0.910417	0.886629	0.872555	0.82503	
0.659276	0.48578	0.307753	0.637658	0.606433	0.669493	0.742833	0.707944	
0.82339	0.900964	0.852825	0.880339	0.905627	0.883621	0.8728	0.823548	
0.825184	0.910403	0.868352	0.884518	0.910352	0.886692	0.872736	0.825037	
0.826306	0.91008	0.867751	0.885018	0.910404	0.886648	0.873578	0.825379	
0.822019	0.872948	0.816714	0.875988	0.904289	0.884503	0.873279	0.82376	
0.826706	0.910537	0.868538	0.884951	0.910386	0.886679	0.873659	0.825366	
0.827626	0.910682	0.868714	0.884743	0.910681	0.886735	0.874154	0.82565	
0.712304	0.790942	0.793681	0.729721	0.664178	0.757363	0.752223	0.730067	
0.828099	0.909353	0.868155	0.884075	0.907391	0.885226	0.874157	0.825254	
0.828062	0.910632	0.868722	0.885022	0.910547	0.886716	0.874455	0.825829	
0.823525	0.875629	0.837887	0.881314	0.902437	0.883503	0.872146	0.825925	
0.828195	0.91048	0.868574	0.885076	0.910707	0.886796	0.874474	0.826046	
0.82863	0.91046	0.8686	0.885117	0.910459	0.886807	0.874697	0.826042	
0.82863	0.910691	0.868779	0.885158	0.910635	0.886825	0.874698	0.826144	
0.829954	0.910528	0.868599	0.885359	0.910212	0.886894	0.875441	0.826709	
0.328174	0.290249	0.252338	0.612034	0.497055	0.616025	0.66236	0.696246	
0.820898	0.874702	0.826695	0.880622	0.899401	0.882816	0.871862	0.826439	
0.829983	0.910683	0.868666	0.885478	0.910518	0.886905	0.875331	0.826877	
0.830145	0.910742	0.868787	0.885465	0.910451	0.886921	0.875457	0.826874	
0.830898	0.910642	0.868716	0.885596	0.910633	0.886996	0.875817	0.827229	
0.711928	0.497742	0.364595	0.726403	0.63802	0.775901	0.837195	0.788191	
0.829102	0.904309	0.860029	0.884005	0.907455	0.885341	0.876377	0.826481	
0.830904	0.910869	0.869055	0.885581	0.910671	0.886963	0.875974	0.827184	
0.831667	0.911091	0.869372	0.885706	0.911056	0.886917	0.876435	0.827593	
0.772142	0.865601	0.747677	0.828884	0.802746	0.817496	0.875233	0.817777	
0.832294	0.910433	0.868484	0.885325	0.910228	0.886054	0.87759	0.827547	
0.832043	0.910995	0.86945	0.885712	0.911103	0.886848	0.876859	0.827608	
0.818486	0.884607	0.836651	0.869727	0.885419	0.875289	0.870545	0.82681	
0.831983	0.91111	0.869452	0.88558	0.91157	0.887041	0.876542	0.827693	
0.832454	0.910909	0.86953	0.885756	0.911371	0.88693	0.87705	0.827757	
0.832423	0.911166	0.869749	0.88576	0.911679	0.887044	0.876906	0.827772	
0.833401	0.911152	0.870012	0.885828	0.912246	0.887261	0.877532	0.828035	
0.44633	0.42046	0.408036	0.619382	0.555832	0.644796	0.754182	0.733642	
0.827363	0.893303	0.851297	0.877698	0.905769	0.885583	0.874111	0.827583	
0.833401	0.911365	0.870247	0.885834	0.912471	0.887455	0.87732	0.828095	
0.833548	0.911382	0.870297	0.885885	0.912488	0.88742	0.877441	0.82812	
0.834408	0.911355	0.870249	0.885968	0.91293	0.887725	0.877497	0.828515	
0.444408	0.159971	0.157566	0.239746	0.178973	0.485151	0.621989	0.646912	
0.826303	0.858299	0.832115	0.871012	0.885379	0.875896	0.876517	0.824529	
0.834649	0.91169	0.870856	0.886234	0.912899	0.887533	0.877885	0.828459	
0.834737	0.911745	0.870886	0.886225	0.91299	0.887617	0.877897	0.828494	
0.835692	0.911732	0.871111	0.886289	0.913232	0.887623	0.878488	0.828631	
0.752159	0.594251	0.653031	0.795074	0.74956	0.806535	0.84134	0.803799	
0.835043	0.906976	0.867822	0.885472	0.912289	0.887742	0.877464	0.829036	
0.835725	0.911812	0.871257	0.886383	0.913438	0.887814	0.878354	0.828758	
0.836825	0.910418	0.871345	0.886518	0.910724	0.887254	0.878323	0.829041	
0.836134	0.911833	0.871379	0.886582	0.913259	0.887807	0.878519	0.828941	
0.818992	0.850224	0.831971	0.820379	0.791656	0.838633	0.832009	0.800302	
0.836361	0.91147	0.871173	0.886256	0.9128	0.888152	0.878	0.82879	
0.836259	0.911888	0.871436	0.886623	0.913526	0.888072	0.878461	0.828969	
0.836848	0.912389	0.872001	0.887228	0.913179	0.888377	0.878273	0.829207	
0.500753	0.703259	0.630934	0.44008	0.392491	0.351116	0.405228	0.556537	
0.834712	0.90835	0.866521	0.879823	0.899029	0.879685	0.8707	0.8235	
0.837286	0.912168	0.871947	0.887507	0.913647	0.888753	0.878502	0.829327	
0.837732	0.91118	0.870366	0.887339	0.913379	0.889154	0.878728	0.82894	
0.837491	0.912254	0.872195	0.887566	0.913777	0.888936	0.878601	0.829228	
0.802254	0.838855	0.748295	0.861199	0.849359	0.861009	0.863184	0.825549	
0.837786	0.912007	0.870751	0.887676	0.913296	0.889094	0.878273	0.829696	
0.837683	0.912394	0.87214	0.88769	0.913798	0.889068	0.878532	0.829402	
0.837683	0.912179	0.872456	0.888241	0.91303	0.888817	0.879008	0.829206	
0.837803	0.912456	0.872422	0.888118	0.913694	0.889068	0.878816	0.829373	
0.770047	0.809279	0.722503	0.814889	0.77213	0.806581	0.823028	0.802934	
0.838206	0.912097	0.870123	0.888184	0.912464	0.889232	0.877388	0.829851	
0.838089	0.912672	0.872215	0.888344	0.913815	0.889352	0.878538	0.829615	
0.838223	0.913189	0.872545	0.88864	0.913007	0.889971	0.878895	0.829439	
0.835991	0.905172	0.83538	0.889128	0.889837	0.884853	0.873692	0.830688	
0.838603	0.913355	0.872827	0.889312	0.913554	0.890118	0.878547	0.829877	
0.838821	0.913254	0.873036	0.890221	0.913041	0.889912	0.878732	0.830198	
0.833363	0.909577	0.87223	0.887117	0.910632	0.888414	0.87677	0.828563	
0.839097	0.913705	0.873331	0.890026	0.913311	0.890459	0.878655	0.83005	
0.839271	0.913374	0.872543	0.8895	0.909718	0.888896	0.87962	0.830134	
0.839223	0.913749	0.873587	0.89007	0.912985	0.890339	0.879023	0.830175	
0.83511	0.898718	0.853463	0.883832	0.891775	0.880623	0.870871	0.827476	
0.839574	0.913667	0.873289	0.890218	0.913281	0.890591	0.878724	0.830199	
0.83954	0.913843	0.873813	0.890228	0.912902	0.89046	0.879067	0.830238	
0.83975	0.913843	0.873683	0.890345	0.913203	0.890601	0.878967	0.830258	
0.840455	0.913874	0.874169	0.890612	0.912347	0.890425	0.879425	0.830419	
0.835947	0.898857	0.858815	0.884902	0.895845	0.882048	0.8751	0.828206	
0.840843	0.914005	0.874124	0.890784	0.913238	0.890794	0.879374	0.830489	
0.841635	0.914422	0.874355	0.890865	0.913081	0.890982	0.87941	0.830564	
0.62768	0.73514	0.717648	0.4754	0.46413	0.480588	0.563108	0.65848	
0.841024	0.911789	0.872015	0.88628	0.903746	0.885932	0.876288	0.827921	
0.841958	0.914325	0.874378	0.891058	0.913438	0.89113	0.879582	0.830563	
0.842495	0.914288	0.872286	0.890978	0.912257	0.89103	0.880436	0.831302	
0.842228	0.914405	0.874234	0.891319	0.913228	0.891177	0.879936	0.830893	
0.789753	0.802429	0.589293	0.770098	0.758288	0.826169	0.842369	0.787839	
0.842652	0.913144	0.869887	0.8899	0.912279	0.89125	0.879154	0.830438	
0.842411	0.914425	0.874396	0.89131	0.913486	0.891328	0.879848	0.830877	
0.842104	0.912087	0.873968	0.891491	0.912665	0.89048	0.879916	0.830933	
0.842642	0.914397	0.874493	0.891404	0.91358	0.891263	0.879898	0.830915	
0.829742	0.89723	0.852583	0.886122	0.895094	0.885371	0.876479	0.830594	
0.8427	0.914606	0.874252	0.891401	0.913647	0.89145	0.879755	0.831079	
0.842828	0.914548	0.874501	0.891516	0.91372	0.891347	0.879983	0.831081	
0.842885	0.914661	0.874502	0.89152	0.91381	0.891438	0.879928	0.831149	
0.843335	0.91464	0.874498	0.891915	0.913974	0.891473	0.880238	0.831597	
0.403865	0.467433	0.42136	0.634646	0.383531	0.50722	0.752013	0.687276	
0.832176	0.898533	0.852015	0.885521	0.89145	0.883348	0.877065	0.830854	
0.843498	0.915046	0.874345	0.891992	0.914114	0.891603	0.880153	0.831717	
0.843557	0.915014	0.874521	0.892027	0.914129	0.891616	0.880218	0.831733	
0.8441	0.915269	0.874453	0.89245	0.914039	0.891872	0.880456	0.83213	
0.691505	0.587663	0.632327	0.755298	0.663176	0.768657	0.852722	0.803077	
0.843329	0.910199	0.872227	0.891265	0.910509	0.890198	0.88115	0.832021	
0.844296	0.915216	0.874637	0.892471	0.914012	0.891856	0.880605	0.832159	
0.845088	0.9156	0.874121	0.892314	0.914013	0.892323	0.88054	0.832393	
0.841946	0.904675	0.837979	0.883419	0.898539	0.880194	0.881408	0.830644	
0.845303	0.915464	0.875012	0.892841	0.914057	0.892249	0.881041	0.832565	
0.845992	0.915555	0.874274	0.893348	0.913599	0.891777	0.881943	0.833022	
0.844683	0.914868	0.868043	0.888301	0.911689	0.890181	0.878839	0.831784	
0.846023	0.915753	0.874731	0.893294	0.913968	0.892315	0.881664	0.833015	
0.846378	0.913612	0.874535	0.89304	0.913161	0.892381	0.882029	0.833438	
0.846335	0.915559	0.87501	0.893314	0.913887	0.892402	0.881819	0.833173	
0.813731	0.862663	0.747835	0.85391	0.855927	0.852801	0.86997	0.825674	
0.846144	0.915871	0.873559	0.893025	0.913823	0.892355	0.881508	0.833159	
0.846358	0.91579	0.875039	0.893332	0.914029	0.892489	0.881754	0.833184	
0.847259	0.915612	0.875004	0.893662	0.913649	0.892357	0.882483	0.833794	
0.614241	0.617494	0.347014	0.451997	0.410024	0.530853	0.643017	0.649307	
0.843827	0.910855	0.857458	0.883186	0.904194	0.88599	0.878074	0.830676	
0.847325	0.915728	0.875096	0.893824	0.914087	0.892705	0.882365	0.833725	
0.847704	0.915792	0.875305	0.894166	0.91384	0.89292	0.882764	0.833971	
0.795627	0.876776	0.814509	0.786485	0.76432	0.782583	0.836399	0.810576	
0.847913	0.915042	0.874955	0.893218	0.912425	0.891717	0.88298	0.834218	
0.847857	0.915697	0.875383	0.894156	0.913871	0.892901	0.882925	0.834075	
0.84781	0.916025	0.874572	0.893588	0.911734	0.891512	0.882187	0.834234	
0.848014	0.9159	0.875387	0.894315	0.913853	0.892828	0.882932	0.834181	
0.834946	0.890789	0.846109	0.880851	0.886644	0.88036	0.873216	0.828505	
0.848249	0.91559	0.875477	0.894401	0.913914	0.892964	0.883003	0.834102	
0.848475	0.915608	0.875096	0.894585	0.913944	0.892945	0.883112	0.83431	
0.848457	0.915902	0.875554	0.894577	0.91397	0.892974	0.883164	0.834275	
0.84855	0.915898	0.875574	0.894623	0.913991	0.893012	0.883178	0.834304	
0.849113	0.915927	0.875712	0.894842	0.914012	0.893173	0.883444	0.834468	
0.717265	0.685603	0.644026	0.826844	0.784677	0.835485	0.853589	0.813239	
0.848541	0.912667	0.870401	0.894638	0.912942	0.892698	0.883074	0.834586	
0.849256	0.915988	0.875588	0.894953	0.914089	0.893214	0.883456	0.834506	
0.849306	0.916005	0.875697	0.894971	0.914092	0.893235	0.883519	0.834518	
0.850045	0.915647	0.874434	0.895326	0.914128	0.893534	0.883769	0.834798	
0.83926	0.888608	0.828617	0.887998	0.895122	0.885454	0.88284	0.832375	
0.850328	0.916039	0.87573	0.895485	0.914289	0.893637	0.884044	0.834809	
0.850917	0.915788	0.875281	0.89567	0.913941	0.893607	0.884543	0.835143	
0.847632	0.908197	0.858236	0.893171	0.909195	0.891874	0.882468	0.834349	
0.851098	0.916053	0.875727	0.895843	0.914292	0.893796	0.884449	0.83517	
0.851572	0.916024	0.875912	0.895979	0.914142	0.894126	0.884874	0.835207	
0.560288	0.562742	0.366273	0.812346	0.570261	0.783651	0.846135	0.810017	
0.848177	0.908465	0.856763	0.89542	0.90963	0.892603	0.884022	0.835811	
0.851627	0.916193	0.875921	0.89607	0.914279	0.894125	0.88484	0.835303	
0.851723	0.916175	0.875965	0.896122	0.914254	0.89411	0.884903	0.83535	
0.852322	0.916174	0.875638	0.89649	0.914302	0.894143	0.885082	0.835826	
0.545306	0.318605	0.221609	0.60619	0.497331	0.705934	0.844895	0.751031	
0.8467	0.901027	0.842816	0.892734	0.906867	0.891489	0.885827	0.834179	
0.852409	0.916329	0.876055	0.896449	0.914285	0.894146	0.885218	0.83576	
0.852439	0.916365	0.876088	0.896475	0.914326	0.894215	0.88521	0.835767	
0.852773	0.916449	0.876389	0.896522	0.91428	0.894484	0.885486	0.835765	
0.736076	0.686782	0.566063	0.824399	0.791452	0.824328	0.862657	0.818551	
0.851738	0.914118	0.87098	0.895564	0.913435	0.893925	0.884815	0.836248	
0.85282	0.91665	0.876479	0.896526	0.914376	0.894509	0.885411	0.835881	
0.853379	0.91665	0.876216	0.896335	0.914279	0.893662	0.885694	0.836208	
0.853107	0.916679	0.87646	0.896669	0.914465	0.894312	0.885582	0.83606	
0.817329	0.85589	0.774268	0.80941	0.826016	0.815516	0.842964	0.80299	
0.853155	0.916292	0.875526	0.896162	0.914024	0.89431	0.884856	0.836039	
0.853205	0.916735	0.87648	0.896743	0.914613	0.894519	0.885479	0.83614	
0.853606	0.917101	0.876636	0.8968	0.914779	0.894649	0.885576	0.836318	
0.747748	0.68947	0.595537	0.719426	0.63739	0.707825	0.723899	0.730202	
0.853727	0.913065	0.86973	0.894982	0.909519	0.892865	0.883443	0.835596	
0.853776	0.917066	0.87661	0.896857	0.914986	0.894709	0.885568	0.836456	
0.853723	0.917037	0.876807	0.896683	0.914939	0.894168	0.886005	0.836326	
0.853825	0.917184	0.876816	0.896851	0.915079	0.894577	0.885775	0.836432	
0.834779	0.884454	0.832494	0.876991	0.891385	0.86898	0.876508	0.831282	
0.853951	0.917184	0.876336	0.89674	0.915123	0.894729	0.885571	0.836648	
0.853934	0.917295	0.876749	0.896865	0.915179	0.894717	0.885715	0.836541	
0.853831	0.917443	0.876831	0.89689	0.914432	0.894482	0.885673	0.836344	
0.853982	0.917521	0.876988	0.896979	0.915212	0.894676	0.885766	0.836529	
0.838292	0.887328	0.829498	0.867116	0.877089	0.877876	0.871873	0.828459	
0.854164	0.917649	0.876418	0.896666	0.915409	0.8949	0.885668	0.836686	
0.854116	0.917669	0.876878	0.896932	0.915446	0.894828	0.885762	0.836631	
0.854117	0.917416	0.875855	0.897233	0.914798	0.894454	0.8857	0.836111	
0.854327	0.917848	0.877139	0.897154	0.915429	0.894834	0.885825	0.836526	
0.805652	0.875488	0.797521	0.873358	0.888073	0.875204	0.873184	0.828587	
0.854174	0.917894	0.876596	0.896717	0.915908	0.895034	0.885822	0.836511	
0.854424	0.917995	0.877166	0.897054	0.915719	0.894972	0.885863	0.836544	
0.853549	0.917311	0.877167	0.896231	0.914539	0.892289	0.886268	0.836355	
0.85472	0.918048	0.877392	0.89702	0.915793	0.894688	0.886096	0.836569	
0.835072	0.897454	0.864633	0.884891	0.885199	0.870687	0.876481	0.832031	
0.854961	0.918232	0.877295	0.896729	0.915833	0.894884	0.886002	0.836641	
0.855169	0.918164	0.877683	0.896868	0.916026	0.89467	0.88629	0.836553	
0.8553	0.918329	0.877619	0.896807	0.916119	0.894787	0.886246	0.836645	
0.856373	0.918526	0.878278	0.896397	0.916496	0.894513	0.886583	0.836709	
0.546754	0.531241	0.510353	0.709338	0.412281	0.475674	0.74792	0.722698	
0.851096	0.910068	0.872486	0.89241	0.903397	0.8845	0.883567	0.836572	
0.856497	0.918725	0.878117	0.896393	0.916655	0.894705	0.88655	0.836882	
0.857004	0.91731	0.879446	0.89651	0.916694	0.894696	0.886441	0.836489	
0.854949	0.895612	0.869798	0.893648	0.909664	0.891424	0.885392	0.83666	
0.857358	0.918843	0.878867	0.896317	0.917141	0.895024	0.886633	0.83686	
0.858196	0.91905	0.877618	0.895765	0.917454	0.894213	0.886819	0.83724	
0.857844	0.919002	0.878664	0.896224	0.917349	0.894764	0.886737	0.837012	
0.846868	0.908715	0.840119	0.882088	0.898837	0.889869	0.876776	0.831243	
0.857895	0.918758	0.878558	0.896226	0.917405	0.895003	0.886739	0.837106	
0.858185	0.918988	0.878937	0.896181	0.917358	0.894798	0.886677	0.836912	
0.85825	0.919021	0.8789	0.896291	0.917558	0.894933	0.886779	0.837133	
0.858882	0.918955	0.879273	0.896264	0.917711	0.894843	0.886938	0.837198	
0.563659	0.375835	0.425219	0.599085	0.439752	0.519622	0.554659	0.643566	
0.854919	0.900048	0.863903	0.891893	0.908941	0.889412	0.882591	0.835783	
0.85895	0.919081	0.879169	0.896398	0.917843	0.894969	0.886943	0.837454	
0.859012	0.919164	0.87925	0.89639	0.917854	0.89496	0.886955	0.837444	
0.859382	0.919363	0.879383	0.896615	0.917907	0.895175	0.887108	0.837728	
0.732467	0.543169	0.457011	0.72069	0.610019	0.762531	0.742564	0.725471	
0.858245	0.914971	0.874135	0.894942	0.913658	0.89327	0.886657	0.836078	
0.859417	0.91948	0.879547	0.896666	0.917868	0.895121	0.887235	0.837693	
0.859816	0.919568	0.879409	0.897011	0.91783	0.895344	0.887383	0.838066	
0.802231	0.580612	0.68943	0.73084	0.499441	0.741221	0.597347	0.647432	
0.859891	0.91727	0.877823	0.894758	0.910295	0.893408	0.884498	0.835783	
0.859948	0.919786	0.879472	0.897019	0.917931	0.895325	0.88751	0.838094	
0.860132	0.919989	0.878987	0.897349	0.917914	0.89575	0.887464	0.838298	
0.857041	0.916013	0.868581	0.894279	0.914971	0.893241	0.88687	0.836566	
0.860397	0.920023	0.879468	0.897476	0.917862	0.895772	0.887641	0.838268	
0.859914	0.919284	0.879115	0.897668	0.917763	0.895296	0.888188	0.838712	
0.860352	0.920158	0.879386	0.897591	0.917961	0.895648	0.887872	0.838445	
0.859455	0.895815	0.877214	0.894178	0.910793	0.895675	0.885608	0.836372	
0.860543	0.92009	0.879598	0.897635	0.917955	0.895818	0.887864	0.838388	
0.860423	0.920195	0.879013	0.897732	0.917988	0.89569	0.888001	0.838638	
0.860537	0.92026	0.879477	0.897731	0.918029	0.895795	0.887939	0.838506	
0.860445	0.920029	0.878516	0.897899	0.917816	0.895705	0.888226	0.838534	
0.860674	0.920257	0.879543	0.897901	0.918029	0.895841	0.888053	0.838525	
0.745982	0.836148	0.665563	0.835076	0.856794	0.841888	0.874857	0.833339	
0.859763	0.91986	0.876671	0.897517	0.917701	0.895513	0.887838	0.839024	
0.860733	0.920372	0.879562	0.897968	0.918082	0.895875	0.888031	0.838645	
0.861086	0.920554	0.879895	0.898302	0.918134	0.896003	0.888296	0.838785	
0.817055	0.806554	0.779367	0.859226	0.840479	0.856984	0.837348	0.81025	
0.861312	0.919486	0.878215	0.898249	0.917571	0.895864	0.887653	0.839104	
0.861234	0.920614	0.879768	0.898375	0.918188	0.896056	0.888256	0.83893	
0.857642	0.915237	0.869395	0.895873	0.911774	0.893543	0.888579	0.83762	
0.86128	0.920617	0.879906	0.898487	0.918094	0.896004	0.888486	0.838887	
0.861384	0.920647	0.879822	0.898519	0.918203	0.896045	0.888424	0.839027	
0.861427	0.920691	0.87999	0.898596	0.918132	0.896024	0.888579	0.838985	
0.861192	0.919764	0.877046	0.898193	0.917672	0.895972	0.888484	0.83935	
0.861542	0.920694	0.879958	0.898643	0.918194	0.896078	0.888623	0.839097	
0.833617	0.891501	0.760511	0.881927	0.894328	0.887101	0.882814	0.833929	
0.861485	0.920598	0.879596	0.898773	0.917912	0.895846	0.888931	0.839034	
0.861594	0.920729	0.880124	0.898732	0.918151	0.896017	0.88875	0.839088	
0.862066	0.920736	0.880325	0.898981	0.918211	0.895972	0.889329	0.839392	
0.652597	0.845447	0.309792	0.842526	0.869789	0.871171	0.872993	0.825001	
0.860288	0.919915	0.871051	0.89877	0.917706	0.895753	0.889542	0.839558	
0.862156	0.92072	0.880517	0.899033	0.918207	0.895973	0.889387	0.839442	
0.862438	0.92068	0.879305	0.898707	0.918524	0.896381	0.888926	0.840138	
0.862413	0.920785	0.880288	0.898951	0.918429	0.896203	0.889246	0.839754	
0.770647	0.803872	0.623564	0.854122	0.787867	0.852495	0.838591	0.813172	
0.861784	0.91988	0.878986	0.898982	0.917044	0.895756	0.889544	0.839789	
0.862452	0.92079	0.880548	0.899049	0.918342	0.89619	0.889423	0.839821	
0.862846	0.920971	0.88068	0.898636	0.91868	0.896513	0.889252	0.840108	
0.860886	0.91477	0.87799	0.89502	0.896853	0.891576	0.877957	0.837061	
0.862861	0.921081	0.880778	0.898815	0.918781	0.896447	0.889477	0.840319	
