0.011141
0.011316
0.013156
0.046612
0.035131
0.113530
0.030382
0.154891
0.108316
0.220235
0.069294
0.245658
0.173804
0.274667
0.191272
0.283410
0.289757
0.310182
0.315613
0.362669
0.049652
0.054226
0.313027
0.370209
0.309717
0.378199
0.375789
0.391353
0.429640
0.020817
0.042576
0.258173
0.438919
0.446992
0.462000
0.193657
0.466046
0.484996
0.504639
0.044844
0.141660
0.465556
0.511370
0.514066
0.528014
0.285054
0.533402
0.541399
0.543139
0.559131
0.052476
0.315993
0.559784
0.564768
0.566608
0.581127
0.133218
0.498874
0.583198
0.585144
0.587424
0.578963
0.590938
0.141210
0.523955
0.594108
0.602223
0.370556
0.608395
0.611189
0.611534
0.474224
0.621341
0.623013
0.630673
0.208540
0.616835
0.632544
0.412409
0.632668
0.635069
0.637365
0.643821
0.071621
0.502615
0.645174
0.646882
0.650442
0.517726
0.654912
0.656114
0.663032
0.402915
0.661942
0.665182
0.200776
0.646365
0.666885
0.670539
0.572249
0.673678
0.674803
0.678563
0.073701
0.489117
0.680208
0.681303
0.684800
0.055761
0.519200
0.686722
0.687844
0.693086
0.254244
0.685744
0.694380
0.635952
0.695838
0.566986
0.697182
0.698301
0.699626
0.692872
0.701061
0.460215
0.700038
0.702357
0.706883
0.052032
0.431364
0.709190
0.711753
0.712475
0.717479
0.650970
0.721935
0.378802
0.723275
0.726475
0.726844
0.729921
0.658383
0.732675
0.686641
0.734910
0.699843
0.735608
0.659834
0.736092
0.736663
0.737240
0.738760
0.669414
0.740294
0.740619
0.742939
0.399066
0.738839
0.743500
0.675586
0.743782
0.744382
0.744814
0.746815
0.299764
0.728075
0.747335
0.747798
0.699521
0.750182
0.751951
0.399913
0.747891
0.752576
0.739087
0.753271
0.607135
0.753173
0.753805
0.745317
0.754328
0.686606
0.754845
0.755420
0.755835
0.757018
0.659473
0.759279
0.759542
0.761792
0.469346
0.756245
0.762243
0.717347
0.762619
0.763024
0.763427
0.763539
0.717909
0.766020
0.767624
0.345914
0.750885
0.768179
0.763551
0.768599
0.718563
0.768952
0.769387
0.769687
0.770385
0.712820
0.772201
0.772396
0.774156
0.693669
0.775091
0.747707
0.776188
0.760715
0.776549
0.763715
0.776871
0.749639
0.777217
0.777536
0.771890
0.777949
0.665198
0.777732
0.778301
0.779490
0.111853
0.713276
0.780594
0.780790
0.782175
0.511445
0.778497
0.782457
0.780040
0.782964
0.621672
0.782773
0.783503
0.785260
0.290412
0.769051
0.785942
0.782712
0.786384
0.730385
0.786750
0.787209
0.787559
0.787274
0.788236
0.458526
0.783244
0.788753
0.790733
0.474853
0.784707
0.791143
0.769155
0.791463
0.782009
0.791971
0.703002
0.792301
0.792983
0.793375
0.795560
0.197213
0.735904
0.796041
0.796360
0.797788
0.123195
0.700005
0.798413
0.798749
0.799586
0.758587
0.800301
0.800450
0.801550
0.633916
0.799740
0.801775
0.764154
0.801934
0.802226
0.802440
0.803171
0.184244
0.737878
0.803747
0.803910
0.804597
0.488497
0.798932
0.804866
0.805883
0.569803
0.803102
0.806127
0.800387
0.806351
0.780893
0.806580
0.806817
0.807040
0.805550
0.807345
0.692062
0.806839
0.807596
0.808559
0.235381
0.773733
0.809191
0.809861
0.281157
0.794915
0.810272
0.810615
0.796238
0.811154
0.810244
0.811350
0.799260
0.811587
0.776455
0.811853
0.812129
0.812345
0.812873
0.740779
0.814145
0.814268
0.815311
0.677022
0.814154
0.815570
0.695840
0.815027
0.815789
0.816255
0.787901
0.817108
0.817890
0.362167
0.804501
0.818194
0.818330
0.805713
0.819221
0.818896
0.819492
0.799334
0.819711
0.819502
0.819911
0.820353
0.791342
0.820906
0.821001
0.821669
0.724614
0.821699
0.819570
0.822537
0.801326
0.822747
0.822907
0.823025
0.822992
0.823338
0.497764
0.815528
0.823576
0.824166
0.795274
0.824437
0.822574
0.824762
0.823008
0.824940
0.760551
0.824776
0.825096
0.825831
0.411023
0.814859
0.826100
0.826525
0.372260
0.809818
0.826861
0.826939
0.820352
0.827446
0.826976
0.827604
0.815964
0.827749
0.827865
0.828010
0.828103
0.828918
0.540103
0.824046
0.829049
0.827630
0.829278
0.733831
0.829108
0.829507
0.830093
0.789341
0.830574
0.830666
0.831017
0.434724
0.820244
0.831225
0.831728
0.580916
0.828650
0.831956
0.830975
0.832205
0.772981
0.832346
0.832487
0.832921
0.833023
0.833833
0.589835
0.830194
0.833963
0.818270
0.834086
0.834217
0.834350
0.834209
0.834601
0.541014
0.830619
0.834807
0.835372
0.715262
0.834310
0.835485
0.835495
0.813601
0.836561
0.837015
0.351402
0.817339
0.837306
0.837057
0.837547
0.724057
0.837090
0.837726
0.837918
0.815995
0.838520
0.838693
0.836337
0.839031
0.835588
0.839147
0.820716
0.839214
0.839347
0.839440
0.840023
0.684030
0.838682
0.840149
0.831945
0.840290
0.828303
0.840448
0.840592
0.840728
0.837527
0.840895
0.793629
0.840876
0.841046
0.841413
0.813206
0.841999
0.842546
0.777511
0.842558
0.836524
0.843142
0.842305
0.843352
0.804854
0.843360
0.843563
0.843732
0.844294
0.809069
0.844462
0.828910
0.844906
0.845263
0.554205
0.839523
0.845432
0.843076
0.845548
0.839269
0.845657
0.842156
0.845779
0.842677
0.845950
0.819501
0.846115
0.846314
0.846445
0.847068
0.128108
0.766234
0.847382
0.847616
0.848018
0.525058
0.840641
0.848193
0.848686
0.814080
0.848804
0.847636
0.849148
0.848875
0.849366
0.664551
0.847999
0.849506
0.849480
0.849725
0.714730
0.848738
0.849889
0.850040
0.838562
0.850544
0.850797
0.848335
0.851140
0.849751
0.851301
0.750734
0.850802
0.851440
0.851881
0.343415
0.832119
0.852184
0.852368
0.849882
0.852698
0.852547
0.852825
0.786394
0.852536
0.852930
0.851559
0.853042
0.837614
0.853169
0.853302
0.853424
0.852990
0.853634
0.712251
0.852646
0.853810
0.854280
0.253140
0.806672
0.854614
0.854734
0.855155
0.705518
0.853930
0.855247
0.854669
0.855435
0.761890
0.855270
0.855639
0.856370
0.390702
0.844639
0.856547
0.855751
0.856671
0.837267
0.856776
0.856911
0.857018
0.857228
0.841581
0.857736
0.858177
0.417094
0.844842
0.858415
0.858233
0.858623
0.857541
0.858792
0.858981
0.841012
0.859405
0.859408
0.854793
0.859886
0.858399
0.860021
0.849249
0.860120
0.860211
0.860319
0.859973
0.860479
0.747948
0.859746
0.860615
0.861159
0.587498
0.855749
0.861280
0.861074
0.861433
0.788140
0.861041
0.861560
0.861400
0.861729
0.784015
0.861369
0.861869
0.861997
0.849022
0.862531
0.862867
0.448128
0.854155
0.862993
0.863329
0.632611
0.860305
0.863511
0.863484
0.863704
0.719787
0.862807
0.863840
0.864027
0.851192
0.864412
0.864653
0.861948
0.864856
0.862515
0.864953
0.835942
0.864928
0.865035
0.865397
0.401302
0.845227
0.865740
0.866094
0.647239
0.863575
0.866263
0.866183
0.866466
0.748888
0.865278
0.866626
0.866696
0.858762
0.867318
0.864380
0.867419
0.854219
0.867484
0.867577
0.867643
0.867993
0.349957
0.853654
0.868145
0.868199
0.868555
0.539857
0.862443
0.868688
0.868671
0.868858
0.726675
0.867581
0.868983
0.869338
0.612621
0.864522
0.869453
0.868330
0.869543
0.858809
0.869638
0.869734
0.869817
0.869417
0.869956
0.800477
0.869692
0.870073
0.870277
0.856213
0.870715
0.871076
0.499378
0.863972
0.871193
0.871364
0.863684
0.871709
0.871843
0.870339
0.872166
0.869119
0.872267
0.853328
0.872285
0.872403
0.872494
0.872835
0.602146
0.867889
0.872909
0.873145
0.859187
0.873353
0.873623
0.741310
0.872714
0.873748
0.862796
0.873793
0.873851
0.873945
0.874212
0.494310
0.860429
0.874305
0.874355
0.874566
0.667497
0.871637
0.874650
0.874980
0.815944
0.874744
0.875077
0.858442
0.875121
0.875220
0.875312
0.875684
0.572833
0.867838
0.875774
0.875823
0.876081
0.366840
0.856256
0.876276
0.876324
0.876600
0.749469
0.875230
0.876693
0.876306
0.876807
0.823021
0.876625
0.876904
0.877188
0.497550
0.870290
0.877392
0.877102
0.877506
0.831213
0.877322
0.877588
0.877578
0.877719
0.790174
0.877193
0.877830
0.877989
0.868093
0.878274
0.878402
0.875833
0.878579
0.877882
0.878644
0.867734
0.878693
0.878762
0.878831
0.878966
0.869965
0.879206
0.879414
0.590272
0.875624
0.879554
0.879384
0.879678
0.770780
0.878588
0.879760
0.879206
0.879824
0.869152
0.879861
0.879941
0.879986
0.880209
0.532168
0.868870
0.880309
0.880352
0.880596
0.719303
0.878862
0.880657
0.880799
0.869851
0.881067
0.881189
0.878548
0.881345
0.881071
0.881437
0.835314
0.881180
0.881497
0.881727
0.532993
0.874283
0.881857
0.882058
0.808410
0.881559
0.882108
0.881458
0.882176
0.865178
0.882212
0.882259
0.882359
0.882391
0.882586
0.770091
0.881193
0.882631
0.882668
0.882710
0.867534
0.883045
0.883111
0.878140
0.883304
0.883479
0.663964
0.878862
0.883545
0.883575
0.883747
0.561363
0.875205
0.883831
0.883861
0.884018
0.763789
0.882603
0.884081
0.884053
0.884167
0.818048
0.883796
0.884239
0.884433
0.693937
0.881616
0.884504
0.884461
0.884568
0.862109
0.884535
0.884624
0.884491
0.884707
0.859691
0.884695
0.884783
0.884461
0.884885
0.852134
0.884832
0.884967
0.884214
0.885041
0.868306
0.885072
0.885178
0.885231
0.885484
0.582033
0.879262
0.885566
0.885574
0.879643
0.885880
0.885794
0.885949
0.871814
0.885961
0.886005
0.886108
0.886258
0.515174
0.878436
0.886351
0.886379
0.886582
0.661740
0.883995
0.886629
0.886803
0.661069
0.884216
0.886885
0.886985
0.883445
0.887113
0.886992
0.887177
0.881889
0.887236
0.887210
0.887284
0.887146
0.887353
0.811206
0.886736
0.887408
0.887632
0.825908
0.887182
0.887678
0.883708
0.887720
0.887759
0.887803
0.887209
0.887854
0.858216
0.887772
0.887898
0.888126
0.761165
0.886573
0.888179
0.888137
0.888259
0.793041
0.887721
0.888327
0.888461
0.881514
0.888570
