1
0.758942618523026
0.52057635305277
0.377911513776737
0.484925978239083
0.330084530842443
0.525800595359892
0.13602485122503
0.145824028991869
0.741014770471464
1
0.99999779236463
0.973982122190005
1
1
0.63907294415896
0
0.790658406077546
0.200304364282027
1
0.85896014290618
1
1
1
0
0.732314400158294
0.603760008161378
0.741630241167304
1
1
0.980996307278332
0.431037785348018
0
0.590572531554664
0.275977517577417
0.45835745633667
0.715482014248616
0.557030604890809
0.897315789247719
0
0
0.541316009061509
0.181797202934747
0.75720932728917
0.788040384610479
0.998170735517822
0.651654797322103
0
0
0.00607048442331767
0.788656799429084
0.960513525070554
0.786503343472739
0.686836562717166
0.748304600105063
0.716600961864231
0
0.826904724380854
0.387309908839566
0.0903788061876895
0.243221715173301
0.727005463447449
0.236390445022129
0.691538234610084
0.587675525316652
0.414816819173192
0.794291977136873
0.515688058870788
6.19746889149606e-10
0.665695015183777
0.0856003541492819
0.5832049804738
0.943243916405169
0.186785507851618
0.263512857564139
0.107193134083814
0.564622723977626
0.633028385811752
0
0.103661777602947
0.688635764441053
0.513809313789977
0.279735181843685
0.767709070609819
0.739770809782838
0.450978487031197
0.467870570033978
2.30800313563921e-05
0.251129159545901
0.6386811196669
0.562220605732548
0.999967716338447
0.886763288898203
0.417557895608674
0.917364087999736
0.0912319302905742
0.287535791886551
0.235828243138831
0.736800726422293
0.62740726052661
1
0.999999998605828
0.253312143674132
0.15311667637959
0.150127048176391
0.711243074989589
0.999999999819966
0.707483736798873
1
0.841625907606846
0.921484180121319
0.171962901259243
0.424064548358604
0.880969894405208
0.66682750034277
0.703968595480479
0.891149979817179
0.585300260861244
0.491892545631181
0.467625407814916
0.064484289945613
0.343456086125905
0.692050243110984
0.916298000528961
0.986687107922534
0.47956607103094
1
0
0.217322057830657
0.631973318562086
0.756376768041151
0.613680401932538
0.734859494771524
0.526767821221408
0.53622526906809
0
0.187645010813055
0
0.89934991244604
0.577696567652593
0.305470962781947
0.999999997705909
0.131215493488376
0
1
0.823906516149774
0.863162395264554
0.638805775929093
0.867773074525003
0.595704661001393
0.366677958391809
0
1
1
1
0.483025307791309
1
0.668275885868224
0.186463913477695
0
1
1
1
0.647065606268214
0.399423098562478
0
0.659128533315941
0.574826852339252
0.0153175554459222
5.09261555048749e-06
0.152687357066068
0.585365291430097
0.869706441448103
0.499329283301289
1
1
0
0
0.242204780519859
0.163232757220897
0.834713901694931
0.667171075177245
1
1
0
0
0.556374590377276
0.282680279957622
1
0.800088204710133
0.981402555273455
0.848581082717095
0
0.819782884262535
0.989740270190864
0.597327728810718
0.0862135312825676
0.229696851907954
0.0530162518359996
0
0.430331049310724
1
1
0.984675774714732
0.470912281212917
0.237722491280671
0
0
0.405103853553336
1
1
0.0368354909256529
0.991593771727359
0.474733855609048
0.86423176223759
0
0.204761676975735
0.0769809005559725
1
0.147435884229797
0.471779254156238
0.733630487528627
0.563400513376176
0.257620383906054
0.657394749565785
0.394721188529005
0.525362268373993
0.922886498004859
0.489452102935957
0.0222762488018735
0.7225933538235
0.593292528964647
0.264995897642509
0.739392474421348
0.317669762091283
0.591091621752764
0.148441325813644
0.256526160811626
0.787871978021412
0.665340793891109
0.467149118966485
1
0.372120160512502
0.517688094135166
0.78136301182396
0.278284984515515
0.348979447322754
0.911889276108902
0.29777112127183
1
0.999946112433382
0.205990223526582
0.576455146491758
0.81379924195628
0.612966673693434
0.919538214382554
0.529793207739266
0.50995773750091
0.893071365078648
0.837418784320611
0.304053373674246
0.891486592558111
0.421639465669302
1
0.710823548052221
0
0.161325764367953
0.217862305491207
0.284073794704409
0.353589095375265
0.583339953124445
0.248233844644076
0.756605869745408
0
0.552810833833818
0.575344466460929
0.454886630362607
0.313267705778835
0.0028413273762854
0.120551845990158
0.309428818513209
0.309284038950019
0.358495354432753
0.268609545901218
0.149037184708582
0.181938251718468
0.829361531117743
0.355411760516824
0.722524922898895
1
0.567829918189631
0.261815495643707
0.463634587866186
0.383247186085809
0.550496084759026
0.74839457637668
0.724488504850165
1
0.999999614202356
0.0725577089847993
0.817760742548829
0.694359127021327
0.999833438010828
0.819578574917338
0.488344364987792
1
0.605693914245203
0.82292016049604
0.665968878493579
1
0.632779638174049
0.459562566240126
0.145415225478623
0.166011426252988
0.674221600180799
0.851417413936103
0.687566180821618
0.306192218118619
0.324531163096762
0
0.928877769744099
0.413684837508796
0.145128499394079
1.42339309669359e-07
0.395914243120342
0.431391690985828
0.583596228801952
0.333832702212486
0.863840342549231
0.754075176172414
0.825859628878987
0.742232532451964
0.652272190690107
0.323168158613215
0.779330986690977
0.0731517553023208
0.944259132646306
0.623370078709831
0.675380656522223
0.290174216021643
0.622949178404705
0.276510850834656
0.631023641936965
0.887676331947915
0.684983083093279
0.639913600971174
0.819329961628956
0.179157531913752
0.557752815602684
0.399784871453244
0.469246033061971
0.697189458423775
0.40765496488821
0.259884536018476
0.272629664056881
0.13114676608936
0.86008385580982
0.710760214883853
0.177884622283864
0.878373926210135
0.758773157918239
0.512260817423871
0.548353803491955
0.642133328963741
0.199864795602655
0.999999999052433
0.999995560814839
0.367064809674056
0.465822280795295
0.248597322911301
0.209321074444128
0.585670549461396
0.279089704518572
0.351275400191429
0.352856731868096
0.866751538146661
0.762122537777523
0.519232615411269
0.296162853575476
0.0530571020604963
0.598404613379494
0.696370742032528
0.505702234716123
0.29144624057216
0.787841325061442
0.763287596801466
0.444744514087471
0.612666373800196
0.693623081587118
0.0676532336315872
0.520303567328491
0.431652879801033
0.378777553766261
0.62537770217855
0.775942584030757
0.361963115466976
0.79696202483365
0.999781077810162
0.798841838485611
0.751997000536949
0.916574831504213
0.282192608489439
1
0.594142600680562
1
0.396676269723458
0.181637876676933
0.273995175554173
0.954864913565842
0.143385137956709
1
0.693862468975901
1
0.354977457470734
0.990206780789484
0.371023597542033
0.785092389492817
0.0151612919065273
0.513115077187991
0.00816309171306452
0.247261280175901
0.141934844730523
0.604396372683697
0
0.451206293251702
0.906286611655546
0.301151633177381
0.122297333773527
0.909860736347203
0.148649779422198
0.46028538021589
0
0.725663553918719
0.00380030756401794
0.330925606227344
0.348571848753961
0.106137348913497
0.514052134858774
0.482612940651949
0.521682580600764
0.399813088964089
0.47844002785229
0.541749550586865
0.273735955678539
0.490084388325316
0.786576371688101
0.396954868046632
0.341590827013683
0.592212010873421
0.366767113326471
0.530292522392321
0.535208419343521
0.643896533263716
0.193180504078032
0.133371999034396
0.440169640738347
0.754335549339976
0.496179658097252
0.157012470482454
0
0.539452518630276
0.256971653497203
0.421760837035177
0.68064674257856
0.829815541271226
0.0211780522899275
0
0
0.936318246194374
0.84881847788304
0.707671580750615
0.565153412947358
0.333002143351717
0.124842494066598
0.528508509751642
0.0223971083607365
0.375372196418827
0.873245360026848
0.23553766057476
0.0859885923696486
0.427918512249806
0.281748986789884
0.496766255567365
0.796113742675559
0.542302540297285
0.360828520462455
0.658650494406897
0.543232575627133
0.601351136293032
0.50289894080458
0.27629153721773
0.879006782556917
0.999983087026776
0.796470107413176
0.592137468635457
0.963648352609647
0.990904184982462
0.546266566130344
0.708181182933711
0.368137045691164
0.860707535045874
0.67799377151472
0.938163645528588
0.553505218198775
0.271974084252208
0.0750605104758426
0.453521052841673
0.0910562321179369
0.984066440476551
0.333212019561371
0.475001888912443
0.33081897020766
0.722831042468003
0.139844199844538
1
0.125246431457915
0.58618975022445
0.633916114346885
0.980987493190473
0.120194372012993
0.657227082961544
0.686204399142428
1
0.701572978376425
0.843897023809622
0.663912667139342
0.740457503259685
0.687868305737271
0.880738963730655
0.934857785665203
1
0.780891674134365
0.780616235714561
0.226757238500299
0.945732140130692
0.093965345092055
1
0.514033937078195
1
0.168163738451874
0.872815384349358
0.727712854641286
0.367845844383326
0.28224452948575
1
0
0.738258725728807
0.246737959129322
0.457790382416368
0.428065288569443
0.368305948934837
0.0921592482140045
0.856453691972068
0.568297812180196
0.0262635059587632
0.0649363626287073
0.405884944460023
0.388181167237337
0.00765825438734391
0.356194743300582
0.707368938036821
0.103824594565839
0.719019139353063
0
0.254797498221661
0.589920237520083
0.609608129538036
0.523917222693163
0.642249388255655
0.468948121786556
0.68711420055382
0.15959657760343
0.366646690915263
0.965993408825107
0
0.601321432941559
0.290067882170775
0.509218536395252
0.433935064826353
0.848234201840621
0.768008917563531
0.283689024534621
0.861534406307467
0.706915180764756
0.220580034434134
0.510949255204345
0.0390215673328241
0.133385147888742
0.479841021781789
0.565953098978127
0.281154662339256
0.469381769483714
0.444897452783026
0.00665900200366856
0.340819257308331
0.535844586107086
0.221854978690578
0.643208154422048
0.174663853650427
1
0.653122436606426
0.766572334446533
0.264814704536678
0.747597430844058
0.698422821375407
0.648591621664138
0.909336549635733
0.36950828980864
0
0.706747868402546
0.0292596669815168
0.605863750827108
0.503122806493591
0.655873776077349
0.836465648538264
0.664433088437223
0.195800144433834
0.999999828595051
0.993558049626486
0.550136817973938
0.743924373236985
0.631852518259673
0.955650974154534
0.637738078802552
0.609917837967464
0.999999080029239
0.379564511377841
0.811912534116664
0.528565921259665
0.999988157228166
0.246082897701955
0.624416732258153
0.968545022748133
0.99728184993716
1
0.349560262235204
0.419294567634303
0.348157847761238
0.343495560036914
0.921850059876978
1
0.274721161988775
0.0823405458012574
0.150368682724207
0.774892809358775
0.544785123160973
0.687850608996972
0.798786882096583
0.691685338556275
0.616532548048703
0.474813696533552
0.19794821185553
0.544940638173997
0.423735385837323
0.518473690591741
0.498928093791626
0.884891560194674
0.355178896203481
0.734908646038805
0.88281233757303
0.311523514070546
0.702235912645177
0.480346469327516
0.456274552475689
0.432209829148828
0.68506736296466
0.544791809083104
0.633703682776787
0.738208319293347
0.746914088962583
0.186449918387309
0.14283459908119
0.455202132697393
0.776757340380252
0.81920699762931
0.47170545576847
0.118055213285554
2.68341787533745e-06
0.074453325465418
0.680611249086344
0.972767057659828
0.946174195253804
0.0365849260537711
0.0970351438012666
0.0203321380049125
0.395188030819978
0.747194174058798
0.468535927362336
1
0.407768628886922
0.135739260546625
0
0.380778127350907
0.400157607859015
0.173486343410482
0.466556051016923
0.781163348957336
0.415743780246291
0.811924634228381
0.366869750629321
0.751050009880077
0.438199008001459
0.503481818165091
0.781957418821008
0
0.474974276143109
4.23835054136741e-06
0.548857849599734
0.593755458018783
0
0.388498759370042
0.486447270327472
0
0.577293820461875
0.0163565304069186
0.674469221532333
0
0
1
0.827605392680903
0
0.289137537774974
0.359461498399863
0
0.261838844043502
0
1
1
0
0.960114668776737
0.079755660346357
0.675193675386698
0.345932678627038
0.311408902431624
1
0.417142028105591
0.79041231139062
0.858551439486876
0.340144825835324
0.515264815101535
1
0.245769628844755
0.908894565625563
0.251797559928424
0.64735930460036
0.870790154019069
0.000334425698085126
0.0602609864385806
0.697517031532071
0.705178884975828
0.158625841822015
0.593162370814395
0.914389426490427
0.238139564847132
0.2647675453245
0.757222432555772
0.28634224650239
0.995177620994457
0.493095643190546
0.211403921882359
0.999990635861422
0.324663062168185
0.886442984572822
0.753926495681957
0.483644234523429
0.930311731875383
0.370981917098997
0.0366280451466979
0.961600792694917
0.772448827726639
0.911569681550158
0.902282822770492
1
0.873535405695785
0
0.453951607980842
0.986291453843842
0.75310382167188
0.999999999481004
0.725640499288328
0.467264666237328
0.255236180091217
0
0.874549997311444
1
0.436402647816607
1
0.833887273147339
0.644587455147447
0.684056877387616
0.0712068268084316
0.576326716886507
1
0.202248610391973
0.999999385913072
0.690492425928227
0.118853585511045
0.830344641794313
0.265917583977756
0.611284368683835
0.863686529833376
0.253564690536491
0.680939525001081
0.114379789737176
0.16761174417377
0.631659438776606
0.292860802503256
0.974023572615112
0.745017000580395
0.40915584076707
0.588147996024082
0.994567066241719
0.248945626243065
0.0813084536648637
1
0.999992100149528
0.8545776239575
0
0.338362708371111
0.766321758421892
1
0.63230797711175
1
1
0
0.196954937125097
0.460136510412563
0.190146207310684
0.509790716896639
0.799960686984968
1
1
0
0.235271565584936
0.42288880532474
0.0621886896738736
0.501127953436838
0.433874480977023
0.676784173913669
1
0.502297284104713
0.942657187701415
0.258137248946195
0.636811936943898
0.46895891590321
0.854055517570886
0.775666863002668
1
0.776514677630382
0.965941860009167
0
0.131546337812758
0.20192054792046
0.783604356651869
0.905967730538042
0.697531294607263
0.428445889744057
0.605082830503869
0
0.372134895321246
1
0.714102039664918
0.540464717448474
0.247819707004302
0.0487254678828029
0
0
0.376635394498135
1
0.904809391505056
0.584635530205383
0.521874206547052
0.907302578658699
0.0584435762634439
0.561460021558635
0.809800682270094
0.304892316758696
0.499757388406426
0.000991296879634148
0.0581733021394914
0.461773900646457
0.964274343847213
1
0.245491819628146
2.74896279132405e-09
0.782089231586028
0.187773417553305
0.0859420008297525
0.809568195072153
0.967896221772252
0.824671520308447
0.363234290231136
0.172502589472457
0.964087690524058
0.14256879907907
0.974557513022931
0.999999997868165
0.0222252819563277
0.699460567453692
0
0.191346936321044
0.0746966182542785
0.53419878083737
0.799301195625884
0.536407156169175
6.55585243369578e-06
0
0
0.289773964339488
0.0829581468634935
0.856056711677039
0.186787304580535
0.236016085296561
0.0629637225383021
0
0
0.297652832509212
0.952344837000258
1
0.122647010713827
0.348760053059574
0.957265728419768
0
0
0.431105445217863
0.648052907755018
1
0.751183534176074
0.306375376255063
0.426715948042748
0.33764856199223
0
0.0209045945713953
1
1
1.47798149718191e-06
0.721054696529679
0.0298077301198942
0.514092439500711
0
0.232936941254418
1
0.907513747379298
2.929940394652e-06
0.509894889988876
0.592338764163163
0.879666933438495
0.263193014024474
0.65651559341466
0.900583167764096
0.301232191279345
7.76094925636897e-06
0
0
0.0730986818850017
0.999745878620145
0.725438629061369
0.356350147064192
0.393756912626031
0.447619316437016
0.972723654579125
0.656553973382208
0.318436018270572
0.716568166699461
0.587402926062028
0.565397343182377
0
0.395975350183971
0.999999972675241
1
0
0.627488476601022
0.369003809379169
1.16846148464943e-05
0.0795922610060587
0.378439581552886
1
1
0.846792510416778
1
0.234344899991384
0.571925523058708
0.999985365916083
0
1
1
0.918418935364428
0.703057247828788
0.177267692669914
2.55583953778346e-09
0.397138061953283
0
1
0.51137824312618
0.727698822710146
0.46712402227145
0.537762330088597
0.0850016137171021
0.157643980199363
0.249322744683925
1
0.448424178732129
0.531781422473617
0.284138161658518
0.519972427434199
0.351488821601314
0.600152606424541
0.933772268306093
1
0.788337164276878
0.418905210517049
0.0104253837722622
0.545603806593792
0.689095787783988
1
0.758907625901758
1
0.828303731465219
0.325912195582801
0.7871677251744
0.804290948414042
0.609539663333822
1
0.999963405959634
0.909838505104321
0.988723429055677
0
0.300955578279747
0.679981295848036
0.890698755689945
0.811660365116297
0
0.645120792407218
0.69905310830562
0
0.176302887432279
0.205575225567985
0.0124661906307677
0.654571660708942
0.632669577999803
0.64132516132027
0.783576043108751
0
0.830261824085217
0.641587377672626
0.0265702657165059
0.44660053480611
0.839318555148595
0.960033888728731
0.856278714029467
0.611742315694691
0.447531486955646
0.710242912502032
0.544636994668149
0.625249888491652
0.250133206501218
0.751019423243246
0.317913085552727
1
0.951590231616939
1
1
0.358572017027575
0.981131333911913
0.341196109033228
0.479508207935925
1
0.0483937144784484
1
1
0.284518347231319
0.419444022333962
0.535490195410091
1.04354387323901e-09
0.867342488344536
0
1
0.637827965781586
0.290773128996293
0.383197083773238
0.333764732622754
0.448072225100801
0.543647159328068
0
0.999999997907554
0
1
0
0.790895158978513
0.436757913916974
0.358065344128352
0
0.262294570183099
0
0.227057554041464
0.313080518835801
0.599131562911484
0.191599569091307
0.620973387009642
0
0.0328294722603888
0.422778159839383
0.31980045444775
0.20553176148666
0.1330570573351
0.422566994526492
0.905017283688694
0.668811634597877
0.466747876014099
0.294406275945019
0.469921368358377
0.582048002170177
0.968226016847309
0.420066241096725
0.351086030936971
0.905761700277731
0.716310664475594
0.999999927211685
0.999998633225843
0
0.555907000694269
0
2.55145621954919e-10
0.849790962720866
0.190752431688126
0.775261082605627
0.484764660144574
0
1
0
0
0.414386445782959
0
0.550531441683823
0.408413099981169
0.646225155327516
0.628918514205035
0.267142137838163
0
0.00223895180965269
0
0.0868700272746864
0.389263751415749
0.488667041777324
0.960918726001049
0.169597173115912
0
0.217566700299521
0
0.521122198395307
0.251058395408357
0.643122678852319
0.945334354227971
0.485463504515907
0.795433233520976
0.304644346337828
0.00850762507812556
1
0.999889996186721
0.220983531102926
1
0.467875443744141
1
0.991307052340265
0.980188332057973
1
0.891903245485455
0.463358991516526
1
0.47322669067281
1
1
0.35309467578757
1
0.625127374740524
1
1
0.452116435617764
1
1
0.960316526591537
0.645087582221669
0.81383397852524
1
0.629912409382834
0.971974509105897
1
1
0.320721055821723
0.520841632889673
0.815735441030951
0.165765356820058
9.85058878938618e-05
0.163682369564855
0.898366713021941
1
0.990408900698532
0.116865641131677
0.95487867760813
0.0193418128959008
1.98727257255813e-08
0.707466172415067
0
0.747836213544006
0.903176406464125
0.752091912092432
0
0
0.116688498542649
0.285875339106643
0
0.910336430178013
0.531712423367259
0.324884837150203
0.0104595673926383
0
0.24025959813867
1
0.664265934150425
0.947516416016117
0.839947313016934
0.179033943487022
0.877111822034204
0
0.439728059194646
0.359895783873651
0.619076558512541
1
0.653050275370987
0.950735675702629
0.36465343626957
0.617407559601577
0.746427196093732
0.219288904239124
0.038779827065581
0.486431075001209
0.0109315904375523
0.348918540709297
0.874097734821699
0.336818801940541
0.388715407665473
0
0.294390721448776
0.201641777281907
0.814897498106387
0.713486611777419
0.584344092999619
0.515984868374638
0.107996352917806
0
0.170356209543151
0.75643088487643
0.441258035350649
1
0.636961207836188
0.563605886322066
0.0530800747388967
0
0.56964052206655
0.0152166181818372
0.999058266178531
1
0.172599526508442
0
0.675006927688662
0
1
0.599344642975501
0.256692660929336
0.81200831651637
1
0.445679192421986
0.459561693272787
0
0.234537337859749
0.718571461396775
0.278589562307064
0.0988992086892989
1
0.60203098343642
0.644549763753899
0
0.277219262734391
4.00950158953771e-08
0.263591877567472
0.324670384274214
1
0.0469497085575517
0.872065994968723
0.869945288667285
0.999999996965456
0
0.999999999430411
0.32898936125053
0.985953017522031
0.726254208257416
0.411220275927036
1
0.999999998556755
0.688085994987953
0.834608094532898
0.102020563630077
0.475046687555888
0.530010306822123
0.616836617650524
1
1
0.578533257341195
0.281168840417796
0.220722436948426
0.274581528283089
0.250577140378349
0.973624190533817
0.999999998013814
0.97287261035173
1
0.852204545152545
0.0722469400699736
0.920735676477777
0.448055456247877
0.210437426287347
0.99930155487563
0.892781146357164
1
0.504967938694286
3.17886518453423e-09
1
1
0.741717036252808
0.774944019524863
0.999981563755129
1
0.448069564467119
0.265126060295991
1
0.738224038146408
0.0825585523808985
0.260389818410674
0.424021596497666
0.999999990107104
0.99999999968957
0.198762807758434
0.370229287084139
0.284560717550201
0.124620528337021
0.090272017187621
0.659291483699735
0.837594123805392
0.655966670002757
0.713629361120327
0.344409274360331
0
0.681977232007718
0.285191739505417
0.730617953589006
0.889298606149907
0.715078441035006
0.646577102522693
0
0
0.0709905224212302
0.223770581977706
0.121232814785469
0.738077619906059
0.667270531010871
0.135695621189692
0
0.531489410649576
0.166546604046764
0.922094360203364
0.183269568586118
0.921792791148943
0.726576277076566
0.852232850969316
0.51365060160131
0.255443561466144
0.517965842724266
0.786824908941146
4.81825909887892e-05
0.212854083704598
0.983756803474319
0.498814981144787
0.487088818205697
0.753849398300094
0.0849393359267529
0.532501944862536
3.60567865177043e-07
0.610510812724326
0.96838890166083
0.780637306721789
0.56504854731159
0.751192275296421
0.507401819778634
3.61756511677821e-09
0.0221837138994754
0.383601689085865
0.996390100711915
0.851809545900516
1
0.36049344411195
0.831572283018456
0
0.0302345800164011
0.0603616422469709
0.18547775450074
0.533078166381349
1
3.36386428308232e-09
0.903389146001843
0.341996864806054
0.442688147661312
0.0546706030523936
0.00970698876735341
0
0.574794144980802
0.26568200243409
0.86323887234973
0.74673655330146
0.199844720038946
0.630178214754015
1.5779782898825e-08
0.170040861616548
0.875100511251053
0.30322626280516
0.318472315657366
0.751651697672254
0.576605722211638
0.582985348607875
4.79820943136814e-06
0.650328329781239
0.999959423361999
0.310157010660032
0.116007212316501
0.297292697746858
0
0.356135287536718
0.00935708185819376
0.999983307058323
0.999998695297965
0.705142919313371
0.875311754819883
0.54298535222515
0
0
0.0286372067253767
0.449015852452766
0.8822303832848
0.142642660041312
0.487658204765783
0.834664930785411
0
0
0.0735874336203796
0.139278949348088
0.973317198208064
0.525976791369465
0.222489691366029
0.173706378590622
0
0
0.445429987799789
0
0.536195138855319
0.773146357710789
0.34777244181152
0.999996639921008
0.995622470699751
0.226533365242132
0.503531122368308
0.149506981554697
0.524894216943815
0.15851448546838
0.999999999290699
0.973298583512465
1
0.998858088048033
0.0596147736186855
0.00019359406111848
0.33575584318198
0
0.621490408300428
0.568835721741257
1
1
1
0.000342421737571256
0.999999806555494
0
0.419911567104811
0.657046183287327
1
0.74134130597408
0.492198053567817
5.56634194948879e-07
0.416269307073527
0.468145876651579
0.681808176812268
0.787009657162671
1.38918317595315e-06
0.972695468908002
0.999232939267191
0.256156932947351
0.396133765784766
7.40506697461924e-09
0.876002042432517
0.548005565751792
6.56756545418531e-08
0.999998118181383
0.943045058554214
0
0.2407833307426
0.404660298925001
0.41361703486598
3.22479478003876e-06
2.90713153500729e-09
0.838817938877327
0.965997878984609
0
0.337967276051098
0.33987043451258
0.0861913333129292
5.95926725719491e-07
0
0.519751977924469
0.868017963356157
0.292456500829749
0.999999002966041
0.772717925546385
0.164241834148241
0
0
0.754966588344606
0.297277643369997
1
0.999999999252114
0.493592107151784
0.275203001513384
0.0719299217606868
0
0.905458083045608
0.242652835512207
0.99999999982528
0.354969616975228
0.0961650372043461
0.274017163214038
0.9178382465845
0.482483304010848
0.991972464903693
0.963669609621194
0.999999128682088
1
0.811730314074272
0.59644800461869
0.306795079946522
0.10000404230063
0
0.25234438165011
0.900713317985567
1
1
0.564963051916795
0.469970523740477
0.309654084255497
0
0.553658777753793
0.536901258382231
1
1
0.248440016990937
3.95698410035561e-07
0.712454035393274
0
0.0168912559645083
0.313202024888334
1
1
0.999999999814962
6.07227041533848e-09
0.918147113032843
0
2.07972600351787e-07
0.551397774442702
1
0.609489912645826
0.918119795073061
0
0.956343421817661
0
0.533985272438747
0.581106811600369
0.727315453843987
0
0.923969857096176
0.072702085950102
0.615943462193279
0
0.612109724180737
0.283258208049939
0.551783419980056
0
0.900809532768665
0.70643591060559
0.719112666616278
0
0
0.39001428301849
0.813727717084384
0
0.970453076407408
0.000198311013215921
0.884864097996107
0
0
0.133524011390108
0.0284398301117341
0.331827427743671
7.95786496786912e-09
0.000212843518682703
0.813796652061796
0
0
0.0392038137858566
2.97188474730289e-06
0.348878152975949
0.0285648966551557
0.348724493125602
0.227158587567315
0
0
0.00654287329667931
0.115859447287973
0.644707747130905
0.999999999211185
0.086818394416753
0.888997447730622
0
0
0.160182862450739
0.100471257938641
0.480336716838001
1
0.829559931913772
1
0
0
0.122580456454809
0.42353900869559
0.244971532709816
0.671135846099583
0.232954364936943
1
0
0.223969052466261
0.98433852164756
0.804355312145777
0.100514340963107
0.517562132057303
0.0658666615850106
0.546541806463018
0
0.51842643097887
0.51490047905461
0.7910190636925
0.193454793416423
0.545708120243148
0.707356406813728
0.377918633779135
0
1
0
0.32194527421155
0.621589064223575
0
0.25749133631222
5.16201810339239e-06
0.674161464691724
1
0
1
0.912354502107756
0.897213025113685
0.560063118486111
0.382613811322683
0.814474539315496
1
0
1
0.994094179867043
0.999997279362909
0.887895199341527
0.999830352224298
0.999997483134751
1
0.999999907977105
1
0.630258783425849
0.618955250231543
0.27570536640342
0.990653459697804
1
0.664761445825385
1
1
0.243145671040633
0.423791311556499
0.489137217665894
0.999982665141402
0.999997951341345
0.322601846761864
1
0.409468028230792
0
0.723196828601827
0
0.978067554336226
0.768003849879883
0
0.999406525214888
0
2.01156234854823e-07
0.751873022313853
0.542025704103942
0.702413902512184
0.451289943710384
0
0.670744851147272
0
0.000150881502310436
0.901974217313891
0.448576968866698
0.633898543986975
0.112630050859816
0
0.999996825648204
0
0.232696009726755
0.999999950627144
0.999891130601451
0.625323499203826
0.373196248503071
0
0.436351613786958
0
0.111107437650596
0.479564939553845
0.44084884714293
0.424636304999475
0.0618628141934149
1.0229123330055e-07
0.355556759764585
0
0.125562566499099
0.272266321810471
0
0.827245401012378
0.385132780946108
0.442754472204531
0
0
0.167287755050907
0.588367839382046
0
0.113513340276964
0.131101039840483
0.438380883898899
0
0.944288874162715
0.521538499590882
0.486922543159708
0
0.0463882595542576
0.260269467501682
0.612564804778639
0.15167195112213
0.410094573964252
0.122419301380866
0.701281198320146
0
0
0.941754904482141
0.487983936237642
0.62631306606517
0.99999999994475
0.963801750030891
0.66973385230591
0
0.308693643109152
0.999997751632231
0.0672946052391177
0.747695208029539
1
0.978202066393186
0.395546572026365
0.820778344197439
1
0.99999584533332
0.35218104932414
0.1282374319724
1
0.620073713231793
0.66766797285413
0.315519653379277
1
0.999988424743112
0.113223682106457
0.506120505141121
0.875552709876719
0.098724358454437
0.0502611477429236
0.999999999317978
1
0.920349232929733
0.228353362555167
0.73859688161944
0.909378071684555
0.869116053190723
0.0792116660083638
0.813464411546436
1
0.999999999418169
0.467365655638112
0.162935164278171
0.553000970294863
0.342982607361097
0.0560297458287231
0.278728686471049
1
0.99999999971856
0.222668879901169
0.946148222290729
0
0.0943643989156862
0.362355665924156
0.997954954825808
0.361714662836392
0.238856028188174
0.155324065539486
0.854292623112188
0
0.112305037024784
0.701847917687029
0.648029779630751
0.920877890135329
0.993954880698495
0.504805996363252
0.999977219622345
0
0.320027342734015
0.999999993501915
0
0.834786071976031
0.0143769398790131
0.675119644637708
0.398804190432212
0
0.412290818021349
0.693881884785329
0
0.476534929411334
0.147472689812804
0.626625681300994
0.115229836575337
0.328614861373009
0.512577743387097
0.999894286504717
0
0.368744885376324
0.889060077797244
0.0144848023614202
0.49630779792345
0.532083013142748
0.350415724293257
0.692816441388798
1.77874068495178e-09
0.35300008568736
0.753450591542984
0.865985182059637
0.236067629537486
0.333507446121555
0.268762146478796
0.881110099273825
1.94571270085418e-07
0.368239250008421
0.352642559433483
0.986884559264115
5.35012226225558e-07
0.878530223302844
0
0.704872100468422
1.49154000761546e-07
0.670469772008607
0.155563279147872
0.373707957666278
2.99335102779301e-07
0.999999998799213
0
0.633857861090293
6.87911790363031e-10
0.999999999471422
0
0.364799501133854
0.659187783773029
0.999999999417642
0.763550865360989
0.739588647424256
0
1
0
0
0.35945464870481
0.975278762651681
0.934378414654144
0.994407726531852
0.0570194164264708
1
0.0786220512928713
0.740095554813632
0.99999999925372
0.99993921977855
0.686804464450155
0.397365521362439
0.958390814251599
1
1
0.999999544649851
0.805087375238577
0.738343854577083
0.661796911540335
0.766326962731432
0.662990629747057
1
1
0.630887350627849
0.980400759888554
0.147560503909163
0
0.927984994932467
0.409420024060841
0.545396777524113
0.971180513919509
0.673667549797826
0.315373780574475
0.834433817414455
0
0.751881611081757
0
0.323885323469248
0.848529036383719
0
0.266860451085659
0.121374211465921
0
0.828856342333299
0
0.965043441094833
1.77931020523827e-07
0.704906513504522
0.531415209559056
0.363128034070418
0
0.999999994033426
0.373587721393754
0.847321266588442
0.204336546231968
0.856512665608327
0.748355525206029
0.509333789378842
0.255754204984746
0.907079580824559
0.639471895384243
0
0.697475202628101
0.785342078139367
0.512521658378734
0.629910670975696
0.530304718060375
0.670462393309979
0
0
0.298485302717533
0.0540944060900163
0.488755564491373
0.243846070683962
0.175175227608586
0.520836380404747
0
0
0.4947962490057
0.524046275687774
0.62090750336331
0.653246888460936
0.771600142245562
0.667843176301594
0
0
0.593569161091687
0.0554377617849134
0.1186120046475
0.282249974104564
0.704575196016716
0.0770791750152381
0
0
0.104535352383747
0.211256695411871
0.563429302418407
0.999981599115628
0.570771523271952
0.99946597323916
0.843001444967374
0.000134021830374277
0.192513018172586
0.525305798670142
0.631770667463777
0.901641120133082
0.970941634560573
0.0684788559363444
0.531500683361039
0.295350913451017
3.571262306552e-08
0.067843929480336
0.943511059586413
0.694329681207363
0.940906011822708
0.394060805429265
0.879667298358843
0.000653157214434708
0.414708071385592
0.659921046284187
0.617062383217461
0.564798401966587
0.99999130413315
0.410342923530414
0.48003306199509
0.772143095550238
0.999983803285849
0.999999956638823
0.772741109164923
0.999991874665615
0.99999782162335
0.484310258019175
0
0.999999999230462
0.999999998084538
0.99999958513553
0.358290664408813
0.0964971063993669
0.691249441354969
0.542337513112286
0.270350433048361
0.999999285913361
0.100550701109391
0.665346671338827
0.861061935573627
0.407021989981402
0.0274906818446891
0.999939848843139
0.6143132134039
0.999999999541511
0
0
0.998796631138999
0.335327117525999
0.0249468887344293
0.999999672789329
0.349655339686857
0.990264702739595
0
0.127775874447024
0.999998576569535
3.74427354747025e-09
0
0.999999998529901
0.409586510816254
0.425910050818711
0.661571412437406
0.569295706757234
0.999999998775753
0.23192554636419
0.0860950317495173
0.999257007171945
0
0.32628277978579
0.607654132350988
0.600424053362255
0.663836544821161
0.366743489439675
0.235281083442453
0.607646264284349
0
0
0.892185676316744
0.043886353407395
0.000616778952460898
0.808225989940481
0.0879259407918244
0.173398321771997
0
0.265495200689779
0.656125332447804
6.57680980826213e-06
0
0.927555933950441
0.762492045228803
0.681913247064782
0.713316399053638
0.384012446898173
0.257436726042292
0
0
0.999999997643267
0.797812077227747
0.278046414462826
0.999977875872582
0.183883306156315
0.859686857955062
0
0.000937005109715671
0.999999998206067
0
0.338737236714384
0.5476851255826
0.0996678300219131
0.421900235045988
0.172264476171705
0.381283355814699
0.601053928247861
0.999999999733491
0.203485312365088
0.0634607439716546
0.999966648467824
0.54641079167666
0.999999963852
0.999997163644291
0.994093911563859
1
0.755860791224158
0.310935219422583
0.591420963741807
0.999999998383871
0.825320320043616
0.999970036267458
0.999998635074041
1
0.98324503550767
0.827896960525586
0.82907999519027
0.999999988837322
0.999920527307214
0.906746665942886
0.999865761692308
1
0.680790471032262
0.302833788258001
0.469925199573464
0.999999998923628
0.999998830785502
0.814424752970825
0
0.911307118415023
0.0761085763660412
0.0742094828179165
0.538624282675043
0.838663836696132
0.999999999384074
0.395279858775409
0
0.493394748488142
0.422381813855777
0.559665044399394
0.70055583529544
0.410905489675049
0.999939024985708
0.731563490389429
0
0
0.0578824366381667
0.94318509979954
0.221451726576053
0.999198766172681
0.430640156783537
0.0233943393474709
0.442031580581819
0.400844716488232
0.414841255556408
0.800151690919182
0.999999997646233
0.120966325299114
0.180937946683959
0.875395323814624
0.630281938055114
0.718621128542822
0.448064886449914
0.968076770211285
0.824608934785411
0.609807705179536
0.0730848609867749
0.0622771322105517
0.99999999676673
0.361318878029975
0.975049504055111
0.0638131543595286
0.00256338467581234
0.408964600093614
0
0.314413462586502
0.507430470824228
0.446815366888316
0.29891946125906
0.373819928464551
0.638207584356898
0.921845449995041
0.393985823171648
0.441350320892153
0.313140991354686
0
0.308618384083138
0.17820812111144
0.683323194144386
0.555743664809466
0.382461364014334
0.177043924157661
0.504856545097835
0
0.215595139160072
7.7804655805032e-07
0.944187296475696
0.997627643219706
0.951470606599594
0.999931960218624
0.999858770910564
0.999129213463318
0.127639064333624
0.0165102834283402
0.999999841529417
0.17138454039343
0.661834409941879
0.478081581853054
0.999999999372321
0.999999968383531
0.327344683667428
0.498152853199682
0.999998169076492
0
0.230739312685777
4.46717550031366e-06
0.999999906978121
0.376516507575383
0.808037528059739
0.378721954191543
0.0541266685169329
0.333719888536647
0.0262240366431865
3.74534370115029e-08
0.48261468036594
2.57583199299642e-05
0.197018102987973
0.950900543776067
0.999949386531691
0.987326154095836
0.713363034596384
0
0
0
0.53725153979547
0.487395284764838
0.999994065751793
0.999765829869037
0.933065671771525
0
0
0
0.189902506858452
0.67991738478408
0.999997756499528
0.996252541125215
0.922245295991488
0
0
0
0.0375411365005503
0.26243532719054
0.731669262100437
0.992064360033176
0.71229366664447
5.72268561207614e-07
0.116863785060321
0
0.218208767201955
0.697928907558111
0.315982480646763
0.328625710757337
0.957979141986994
1
0.00979020172602249
0.758828566600668
0.33689782255417
0
0
0.294441709647045
0.741972734744163
0.651094440900352
0.630661790367898
0.37123607266661
0.743439931729926
0
0
0.0346903404592094
0
0.0703152040355092
0.269607720776801
0.72234825132407
0.999999998770488
0
0
0.91184287930593
0.248589368380162
0.537272270484895
0.498591878352561
0.814272913980053
0.999999979718637
0.131893136568743
0.287429187847759
0.452942139621775
0.57007995406258
0.840995281730148
0.181587908869781
0.762858626835469
0.305513942860701
0.898723624801599
0.999999947845329
0.834166944633464
0.99994199684645
0.662696934470292
0.735992033928361
0.442939872105046
0.810696497822046
0.375770528774715
0.999947548734048
0.427885188591419
0.997440620487124
0.742034873317323
0.999999524881557
0.305079240562346
0.0859652215377938
0.306489182380524
0.663635851062567
0
0.746839645522003
0.849907410066626
0.999999996855885
0.77358611769393
0.00223291330314042
0
1.20889291154189e-06
0
0.452825589759034
0.602027055104186
0.999999999307906
0.925245480411489
0.00257071588686414
0
0.273229469547794
4.96064333490934e-08
0.0228334099659406
0.999999884640257
0.999999998688539
0.893975326189497
0.133019682502539
0.75609475223097
0.329974133203564
0.190900042382662
0.609697430355362
0.92161123870487
0.326784823338144
0.175016156432973
0.999999998676357
0.999997201093406
0.998692668631333
0.830845017530945
0.675417325550235
0.388066511744385
0.976425180881107
0
0.845168096377767
0.992544483809898
0.534984361213349
0.653553444065749
0.58295867347606
0.104372428412965
0
0
0.167841795858677
0.285645206859806
0
0.572906285478337
0.374198546178534
0.276276584928939
0
0
0.55399410457935
0
0
0.0628304589323679
0.143006182954154
0.911844066638891
0
0.150069229055173
0.563067320074192
0
0
0.134980487013347
0.34838865123977
0.88853585275692
0.900089059892264
0.591433772751754
0.165455809333642
0
2.16139591265445e-06
0.203553612171984
0.99999999924527
1
0.999999999671373
0.99999994718677
0.654863590048413
0.333158732173844
2.78774753499587e-05
0.31524116129284
0.999999998931595
0.999999999597608
0.99998346142897
0.999999935778751
0.301864770993933
0.93123322929283
0.808837162184071
0.784036855562719
0.844856440544825
0.78465053178491
0.815829876208572
0.098702043861611
0.775369354042936
0.725138116207939
0.701156426918459
0.303498393465391
0.277751755337323
0.838560823671196
0.0135365308884917
0
0.707157259966217
0
0
0.210765403369681
0
0
0
0
0.999900228917177
0.156212692651419
0
0
0
0
0
0
0.382980684736877
0.758496665285744
0
0.337027622405037
0
0.192969232218214
0
0
0.493420899300374
0.556456870686694
0.433525674395657
1
1
1
0.143514940843629
0
0.774037798522624
0.592590582821346
0.583324692294163
0.887799409753461
1
1
1
0.630244035348876
0.99999999357029
0.540706979839216
0.318999883954912
0.990346878426879
0.999999999676777
1
1
0.999999999438309
0.999748156902098
0.186531612779615
0
0.030417813572216
0.165050974462155
0.337238474060522
1
0.999999999265585
0.945181735058345
0.248967928490382
0
0
0
0
0.161770620660175
0.306471084962251
0.999486457223247
0.917752571900429
0
0
0
0
0
0
0.727345167854602
0.244833514720625
0.157175136166011
0
0
0
0
0
0
0.448176002261196
0.196297919126437
0.0463399706236361
0.151171296750973
0
0
0
0
0.121430929128715
0.00358831352924981
0.342462662896725
1
0
0
0.546857909588682
0.000192865676994394
0.472712165260022
0.195171119381599
0.739752969338173
1
0.939787085028324
0
1
1
0.449799549348103
0.591106097372687
0.187281007689537
1
0.988526318780128
8.38919586963292e-06
1
1
0.939785738411517
0.581063002643557
0.175219517327363
1
0.660835349079163
0.908910645112067
1
0.999999841865849
0.759381344915666
0.850203136391218
0.0608827383511164
0.674419869812734
0.169200277586831
0.643826674822433
1
0.825877719460399
0
0
0
0
0
0
0.717348395499371
0.281314047367931
0
0
0
0
0
0
0
0.239918857770604
0
0.58929015423413
0
0
0
0
0
1
1
0.999999926357563
0.449190626555122
0.285588900334736
0.174915314717705
0
0
1
1
0.903891845656175
0.650409121545857
1
0.999985449551438
0
0
1
1
0.0697613593032058
0
0.999773897002016
0.756816547788791
0.634375190795078
1
0.58006460921644
0.0161036740641599
0
0
0.868555487444894
0.275903028782608
0.999999917361677
1
0
0
0
0
0
0
0.999999999869089
1
0
0
0
0
0
0
0.700916808435685
1
0
0
0.0403565475155693
0.0298253908885422
0
0
0
0
1
1
1
0.452692280770791
0.00666545621297471
0
0
0
1
1
1
0.30347418279596
0.567261430720358
0
0
0
1
1
0.867526707853748
0.00542558737944102
0.148097378786319
0.011350676675008
0
0
0.788632149404393
0.778450911144079
0
0
0.486750997931588
0.967059043111755
0.317784168708414
0
0
0
0
0.255508630178373
0.698588676829931
0.954149572529364
1
0.149214388661228
0
0
0
0.226521210150934
0.609762183428994
0.799428017834653
1
1
0
0
0
1
0.93691784747774
0.159432317257764
1
1
0
0
1
1
0.173341944465914
0.327590164712206
0.930721349107323
0.949039431556779
1
1
1
1
0.0356713817028479
0
0
0.483639500198615
1
1
1
0.0189810866268561
0
0
0
0.0393629326349534
1
1
0.527361887098861
0
0.348416486532438
0.283118765108679
0
0
0.939054407988971
0.769277970447376
0
0
1
1
0.793820151638077
0
0
0
0
0.793990150130399
1
1
1
0
0
0
0
1
1
1
1
1
0
0
0
1
1
0.867657052290268
1
1
0
0
0.451229137576793
0.398248023848245
0
0
0.415638080122056
1
0.125152042327872
0.904217991761698
1
0
0
0
0
0.414746608717191
