0.000228145	0.00374788	0.00533332	0.00143191	0.00111408	0.00140486	0.000141274	0.00422758	
0.000231355	0.00381389	0.00539484	0.00144885	0.00112851	0.00142273	0.00014513	0.00425563	
0.000264781	0.00451105	0.00603087	0.00162428	0.00127859	0.00160805	0.000186673	0.00454133	
0.000993487	0.0220453	0.0190597	0.005368	0.00457001	0.00549298	0.00136296	0.0095397	
0.0238211	0.170119	0.123049	0.105253	0.0494471	0.0608597	0.0453787	0.0898443	
0.00262746	0.00143076	0.0010911	0.00450715	0.00423624	0.00305033	0.0176891	0.00507463	
0.00664654	0.028654	0.0354195	0.0250521	0.0126709	0.0486749	0.0213074	0.00352949	
0.00279104	0.045845	0.177729	0.0882247	0.0950751	0.107415	0.0836886	0.03445	
0.0424167	0.0536581	0.0319211	0.0749915	0.0869538	0.0806438	0.0669608	0.0836068	
0.0378268	0.301117	0.250493	0.126313	0.111243	0.105914	0.0768677	0.117002	
0.000437392	0.0525708	0.0879673	0.0386649	0.00813694	0.064934	0.0820393	0.0971577	
0.0417806	0.122028	0.126126	0.118916	0.0436617	0.112893	0.129482	0.158668	
0.0560025	0.387417	0.312995	0.164955	0.100211	0.127625	0.106875	0.14984	
0.0140644	0.00696494	0.0020099	0.104524	0.0883769	0.13833	0.11235	0.0776283	
0.0844643	0.347084	0.300367	0.16116	0.144153	0.197166	0.169561	0.170886	
0.0853717	0.251003	0.297296	0.23461	0.0821831	0.169778	0.170662	0.203558	
0.112926	0.45716	0.402888	0.241411	0.136931	0.213817	0.197355	0.216077	
0.00732528	0.0191916	0.0017314	0.00538175	0.0949596	0.198271	0.111759	0.104324	
0.0929785	0.431872	0.392588	0.196747	0.141909	0.256069	0.238353	0.211947	
0.119049	0.511297	0.425997	0.234247	0.140666	0.237632	0.224289	0.221202	
0.0296527	0.0220859	0.136104	0.0691463	0.0197957	0.0580766	0.112131	0.13184	
0.141802	0.473312	0.421687	0.283366	0.121795	0.240225	0.24254	0.254651	
0.119676	0.480901	0.411543	0.215164	0.160554	0.295137	0.275062	0.220251	
0.157005	0.544681	0.476443	0.280173	0.143606	0.277232	0.277986	0.256238	
0.207681	0.538366	0.525306	0.307812	0.142278	0.359913	0.373612	0.296446	
0.033802	0.00580672	0.0207961	0.0136441	0.0221768	0.0369588	0.0736294	0.0148128	
0.0218975	0.0777518	0.0335748	0.00751523	0.00376377	0.0265317	0.100282	0.0507212	
0.0546455	0.0620223	0.264759	0.153642	0.127029	0.178214	0.231965	0.137236	
0.235322	0.558618	0.548253	0.335345	0.15071	0.349941	0.378323	0.297029	
0.256956	0.607908	0.576297	0.357337	0.153307	0.368024	0.390237	0.314166	
0.178729	0.534621	0.422255	0.29256	0.177096	0.399846	0.374517	0.26187	
0.267315	0.619976	0.588881	0.366335	0.162613	0.38575	0.402172	0.310809	
0.0340844	0.0489017	0.033566	0.026153	0.0267086	0.117685	0.111705	0.0898713	
0.227975	0.52717	0.421487	0.310403	0.136281	0.346578	0.363303	0.290612	
0.285583	0.629931	0.59965	0.381991	0.159743	0.387068	0.407518	0.325302	
0.293506	0.635933	0.611031	0.386567	0.167109	0.397395	0.414349	0.323779	
0.355993	0.642963	0.600362	0.443738	0.180369	0.435294	0.452655	0.348749	
0.0318613	0.0191906	0.0471661	0.0495083	0.10771	0.230826	0.134458	0.0321557	
0.217098	0.584874	0.541314	0.315132	0.236132	0.441187	0.418254	0.290254	
0.385783	0.681228	0.65935	0.459354	0.206589	0.458083	0.468187	0.35815	
0.353722	0.700913	0.623239	0.47502	0.245481	0.482189	0.48773	0.350932	
0.273105	0.545379	0.562	0.423747	0.21142	0.448523	0.444811	0.29851	
0.435152	0.689846	0.684837	0.510736	0.243474	0.487255	0.508564	0.375332	
0.0656023	0.112285	0.0748241	0.0171413	0.133104	0.303842	0.243025	0.118884	
0.404389	0.695791	0.673502	0.482043	0.273564	0.499866	0.504267	0.365465	
0.443089	0.700409	0.686649	0.512616	0.2561	0.494887	0.509799	0.374886	
0.429416	0.692966	0.629452	0.526167	0.279898	0.515924	0.521174	0.379946	
0.454128	0.703769	0.68565	0.529619	0.267934	0.506932	0.519953	0.381557	
0.0154017	0.0148543	0.0679706	0.0216412	0.0381209	0.136689	0.123446	0.0566551	
0.202458	0.521224	0.438062	0.255486	0.300604	0.444447	0.399512	0.283782	
0.463563	0.709397	0.696442	0.534394	0.285167	0.510029	0.5226	0.381801	
0.470508	0.711359	0.697272	0.539635	0.285344	0.513668	0.52747	0.385563	
0.428741	0.69157	0.694428	0.514872	0.358704	0.528292	0.527182	0.384264	
0.473634	0.714808	0.704581	0.547256	0.31974	0.525275	0.535715	0.389402	
0.020386	0.0583153	0.0814933	0.00480941	0.0230878	0.105392	0.0724615	0.105735	
0.250529	0.415039	0.47831	0.28283	0.208043	0.422679	0.389268	0.268594	
0.48533	0.714315	0.701173	0.546782	0.306378	0.530629	0.546825	0.395937	
0.493571	0.72214	0.711687	0.560697	0.321082	0.532475	0.548182	0.396793	
0.516021	0.733044	0.71825	0.581849	0.360402	0.553027	0.569762	0.408169	
0.00757679	0.020565	0.0489909	0.0468567	0.00490295	0.0155977	0.0417342	0.0315522	
0.190906	0.414306	0.53814	0.418007	0.265329	0.317984	0.298471	0.281186	
0.518303	0.731604	0.733248	0.586407	0.368563	0.54896	0.56826	0.411973	
0.52545	0.735519	0.727178	0.589734	0.373522	0.559883	0.57791	0.412679	
0.527945	0.73623	0.732567	0.59272	0.377506	0.560018	0.578986	0.41474	
0.554275	0.742608	0.7424	0.614176	0.419438	0.586141	0.603443	0.428414	
0.062116	0.00872893	0.0641104	0.147516	0.0648356	0.061188	0.077115	0.0967496	
0.285795	0.617491	0.629565	0.474298	0.434967	0.453809	0.437884	0.358156	
0.556578	0.744048	0.753867	0.615429	0.430148	0.583962	0.602084	0.432812	
0.565602	0.743522	0.747858	0.620863	0.429929	0.593213	0.611662	0.434253	
0.569381	0.745807	0.754921	0.622117	0.438051	0.59299	0.610777	0.436629	
0.57702	0.723252	0.726149	0.622711	0.458394	0.608985	0.629032	0.439922	
0.151789	0.420364	0.150127	0.156571	0.294648	0.29065	0.273369	0.199562	
0.60156	0.751113	0.764744	0.632259	0.484905	0.614669	0.628049	0.449101	
0.613148	0.748577	0.764747	0.644505	0.483016	0.621961	0.638077	0.454907	
0.614321	0.749928	0.766748	0.644508	0.486882	0.622786	0.638284	0.455863	
0.633186	0.752313	0.772758	0.650382	0.509281	0.633974	0.64789	0.46268	
0.0486705	0.116133	0.107065	0.0575315	0.0254203	0.137179	0.189136	0.112968	
0.565156	0.673114	0.700512	0.564374	0.437551	0.605265	0.626035	0.426231	
0.638534	0.74908	0.773193	0.654974	0.507822	0.636963	0.651941	0.464039	
0.639653	0.752916	0.774907	0.652488	0.515265	0.638237	0.651295	0.465336	
0.643617	0.751084	0.775272	0.656641	0.514959	0.640209	0.65389	0.466216	
0.630377	0.750871	0.752578	0.6099	0.535901	0.641013	0.647605	0.463164	
0.647812	0.755071	0.776768	0.653554	0.52617	0.64376	0.655495	0.468348	
0.127887	0.161178	0.25165	0.21097	0.0798489	0.240969	0.309605	0.162353	
0.632783	0.734272	0.764631	0.649233	0.514507	0.643241	0.655638	0.464888	
0.653116	0.752737	0.778496	0.661393	0.526805	0.646763	0.659047	0.470153	
0.657736	0.752535	0.784495	0.658149	0.559117	0.656919	0.662359	0.478082	
0.369588	0.504281	0.533522	0.438012	0.393297	0.514934	0.485609	0.33536	
0.67065	0.751312	0.784531	0.672778	0.560497	0.662416	0.673291	0.480902	
0.682999	0.756158	0.790391	0.675129	0.565671	0.666053	0.672981	0.482302	
0.683415	0.748084	0.787378	0.682376	0.584022	0.671457	0.679262	0.487298	
0.372302	0.493013	0.670421	0.572591	0.513298	0.45556	0.548628	0.410562	
0.69628	0.753919	0.795178	0.685427	0.585863	0.676034	0.679255	0.48869	
0.698504	0.755072	0.794912	0.686202	0.58763	0.677595	0.680757	0.489539	
0.707124	0.755825	0.798311	0.690869	0.603201	0.685484	0.683916	0.49532	
0.181119	0.226334	0.131307	0.0698513	0.279449	0.239254	0.266363	0.183548	
0.595423	0.697965	0.736346	0.665202	0.600318	0.649477	0.668171	0.479037	
0.70916	0.75461	0.798371	0.69422	0.605287	0.686818	0.686746	0.496399	
0.711242	0.755299	0.799702	0.69498	0.607433	0.688073	0.686612	0.497658	
0.679453	0.737176	0.786749	0.698135	0.626129	0.683845	0.690267	0.501731	
0.711926	0.752793	0.799523	0.699612	0.615262	0.690645	0.690508	0.500591	
0.0787893	0.0632152	0.168321	0.182089	0.108782	0.154363	0.17654	0.167546	
0.626763	0.726569	0.768976	0.672117	0.61073	0.654495	0.663092	0.491845	
0.717443	0.755356	0.802571	0.700363	0.617695	0.692483	0.690085	0.502138	
0.72659	0.753336	0.807341	0.707924	0.630042	0.699301	0.696157	0.509115	
0.00923639	0.0181576	0.00150855	0.0396063	0.0694494	0.122278	0.104761	0.0237407	
0.329337	0.536864	0.247798	0.236073	0.316821	0.396647	0.398284	0.337987	
0.726483	0.759117	0.805983	0.705045	0.637427	0.701068	0.694072	0.511561	
0.730618	0.757695	0.80984	0.710982	0.63797	0.702571	0.697462	0.512814	
0.731071	0.758305	0.810037	0.711308	0.639451	0.703181	0.697728	0.513497	
0.736686	0.762066	0.812742	0.716978	0.651032	0.708557	0.701025	0.520697	
0.305927	0.430318	0.460983	0.430806	0.252528	0.330139	0.366582	0.301145	
0.737258	0.755034	0.807803	0.720562	0.642711	0.704475	0.695202	0.521956	
0.739586	0.761375	0.814819	0.720891	0.651155	0.709168	0.701768	0.523014	
0.329479	0.537277	0.229059	0.257185	0.265709	0.453979	0.457437	0.358405	
0.735389	0.766251	0.811425	0.713739	0.653975	0.71084	0.700231	0.524028	
0.740248	0.764285	0.81578	0.720186	0.65481	0.710833	0.702403	0.524505	
0.739327	0.764008	0.807307	0.72511	0.658937	0.713043	0.704126	0.532427	
0.507489	0.682475	0.541967	0.485981	0.494211	0.604758	0.572632	0.445971	
0.750283	0.771703	0.821016	0.72956	0.668359	0.718201	0.70714	0.537758	
0.751336	0.771975	0.821234	0.731177	0.669628	0.718546	0.707805	0.538712	
0.753356	0.77841	0.819526	0.733573	0.679339	0.722028	0.709077	0.54647	
0.0403102	0.0646537	0.0512661	0.047992	0.00334149	0.093742	0.0827445	0.0995117	
0.629935	0.703234	0.67489	0.646355	0.549942	0.669801	0.651975	0.490011	
0.757089	0.777351	0.821878	0.7385	0.680685	0.721929	0.710515	0.548698	
0.757617	0.778508	0.822742	0.738847	0.682029	0.722576	0.710509	0.549604	
0.759759	0.780383	0.818167	0.745744	0.688362	0.723719	0.712545	0.55699	
0.566687	0.709254	0.646976	0.595664	0.590111	0.636659	0.629716	0.505145	
0.762862	0.783572	0.823697	0.746931	0.691623	0.725671	0.713501	0.558711	
0.76393	0.784171	0.823573	0.747594	0.692698	0.726064	0.714014	0.559293	
0.768395	0.788124	0.824158	0.753646	0.70059	0.728693	0.716029	0.566017	
0.664569	0.6617	0.587785	0.510492	0.589358	0.595988	0.610823	0.550617	
0.77027	0.790892	0.821907	0.756144	0.707484	0.729374	0.717133	0.571318	
0.578538	0.649542	0.722567	0.692991	0.661937	0.582413	0.645923	0.534621	
0.773161	0.793085	0.825962	0.759929	0.708826	0.732006	0.717968	0.572847	
0.774441	0.793267	0.825763	0.761061	0.709996	0.732105	0.718241	0.573365	
0.772128	0.793398	0.824265	0.763034	0.716131	0.730722	0.717939	0.576364	
0.602801	0.710541	0.661231	0.666397	0.665437	0.629171	0.659888	0.538829	
0.779878	0.796446	0.827485	0.766567	0.717817	0.734547	0.720135	0.578619	
0.780321	0.796839	0.827973	0.76712	0.718389	0.734986	0.720276	0.578932	
0.782878	0.799249	0.829082	0.769689	0.721818	0.73689	0.721495	0.582894	
0.453944	0.537077	0.38724	0.255339	0.215057	0.281632	0.429734	0.465682	
0.781387	0.795698	0.819363	0.751741	0.710035	0.726902	0.718391	0.584561	
0.784538	0.799139	0.829604	0.772038	0.72306	0.736513	0.721932	0.583712	
0.683794	0.76203	0.692146	0.686358	0.671864	0.694777	0.685701	0.553799	
0.784757	0.800192	0.830004	0.771831	0.724142	0.737442	0.722412	0.583939	
0.785653	0.799994	0.829958	0.773112	0.724757	0.737594	0.722767	0.585127	
0.786294	0.800723	0.830959	0.77342	0.725393	0.73808	0.723035	0.585241	
0.783179	0.799928	0.824741	0.774052	0.726898	0.737219	0.723993	0.589224	
0.787081	0.801182	0.830465	0.77493	0.726831	0.738668	0.723901	0.587248	
0.227796	0.348203	0.242808	0.255731	0.335063	0.363681	0.424098	0.341974	
0.773071	0.799169	0.818073	0.765829	0.723838	0.733324	0.721002	0.583315	
0.78816	0.802375	0.832092	0.775423	0.727652	0.739349	0.724294	0.587267	
0.791093	0.804807	0.834286	0.779164	0.731288	0.74118	0.726183	0.589853	
0.507008	0.669379	0.527013	0.534208	0.584742	0.603956	0.610118	0.486131	
0.788674	0.807284	0.833542	0.778657	0.734039	0.741129	0.726993	0.589863	
0.76397	0.79038	0.80692	0.765787	0.716502	0.728879	0.718141	0.581833	
0.793795	0.807141	0.836577	0.782689	0.735301	0.742052	0.728153	0.591509	
0.796711	0.80934	0.838268	0.786737	0.739528	0.744142	0.729637	0.593639	
0.362578	0.573549	0.327142	0.515888	0.616873	0.47277	0.616558	0.563647	
0.791534	0.807784	0.826282	0.78722	0.742499	0.73891	0.732287	0.596471	
0.797645	0.809673	0.838713	0.788412	0.741288	0.743692	0.730966	0.594735	
0.55127	0.719914	0.518443	0.590836	0.65679	0.631851	0.663339	0.545408	
0.796418	0.811147	0.838359	0.788017	0.742357	0.743806	0.730864	0.594842	
0.798506	0.809399	0.838307	0.790485	0.741451	0.743525	0.731472	0.596051	
0.799868	0.811799	0.840735	0.791316	0.74407	0.744784	0.732155	0.596437	
0.801827	0.812492	0.840648	0.795121	0.745635	0.744641	0.73381	0.599093	
0.0153534	0.0444894	0.000833493	0.0391449	0.0810429	0.143575	0.0917473	0.0214691	
0.549415	0.698477	0.555137	0.495985	0.560589	0.640366	0.624869	0.511004	
0.801921	0.814856	0.842257	0.795088	0.748767	0.745843	0.734352	0.599359	
0.803131	0.814865	0.84268	0.796671	0.748927	0.745889	0.7348	0.599933	
0.803927	0.817806	0.842943	0.798606	0.752117	0.747216	0.736165	0.601604	
0.199322	0.267982	0.276164	0.265966	0.241554	0.351763	0.362761	0.249877	
0.777332	0.80284	0.818081	0.778654	0.730256	0.737333	0.727335	0.594663	
0.805168	0.817389	0.84399	0.800708	0.751872	0.74729	0.73659	0.602133	
0.806521	0.820011	0.84575	0.803666	0.754689	0.747898	0.738294	0.60482	
0.280266	0.360872	0.286346	0.26203	0.343694	0.380047	0.358762	0.246214	
0.781371	0.808315	0.824829	0.790035	0.743743	0.737166	0.730711	0.600061	
0.807935	0.820115	0.846178	0.805474	0.755072	0.747958	0.739131	0.60559	
0.806104	0.823983	0.844193	0.803513	0.757717	0.747951	0.739751	0.606045	
0.744838	0.778218	0.77112	0.716389	0.696215	0.713523	0.709091	0.581221	
0.809607	0.824019	0.847864	0.810572	0.759645	0.748944	0.741984	0.6087	
0.810022	0.82426	0.848088	0.81071	0.760044	0.749029	0.742247	0.608937	
0.810898	0.825091	0.848831	0.813001	0.762614	0.749371	0.74419	0.611571	
0.27668	0.31001	0.217782	0.0992066	0.282896	0.369924	0.413042	0.323713	
0.798624	0.824206	0.835981	0.790557	0.755379	0.744765	0.739147	0.606238	
0.811226	0.826299	0.849138	0.813597	0.763355	0.750064	0.744257	0.611453	
0.803093	0.824479	0.840579	0.810762	0.761528	0.749619	0.744994	0.613215	
0.811709	0.826855	0.848763	0.814902	0.764116	0.750461	0.745491	0.612649	
0.464386	0.589847	0.405346	0.325548	0.45747	0.527619	0.534194	0.464025	
0.809165	0.828453	0.845582	0.810523	0.764658	0.750218	0.743838	0.611645	
0.812348	0.828117	0.849242	0.815352	0.765521	0.751001	0.745716	0.612921	
0.815565	0.83025	0.850938	0.817655	0.767854	0.751417	0.748938	0.615487	
0.230014	0.337984	0.147047	0.183871	0.237191	0.237324	0.171342	0.24775	
0.802527	0.825081	0.829835	0.808399	0.764185	0.740596	0.736421	0.609117	
0.815612	0.831268	0.850582	0.817624	0.769579	0.752358	0.750071	0.61573	
0.815249	0.829407	0.846605	0.815084	0.763742	0.751072	0.750633	0.617893	
0.816748	0.831572	0.850926	0.819359	0.769633	0.752764	0.751048	0.61721	
0.293265	0.418457	0.245372	0.150633	0.319194	0.422532	0.450729	0.382877	
0.807777	0.833036	0.841265	0.805992	0.768083	0.751364	0.74917	0.612526	
0.817048	0.833104	0.85118	0.819736	0.771314	0.753327	0.751773	0.61702	
0.817613	0.830287	0.848846	0.819757	0.771944	0.752002	0.754377	0.620598	
0.743861	0.81378	0.793841	0.724607	0.74855	0.720831	0.71476	0.586845	
0.819679	0.834665	0.851911	0.823798	0.774291	0.754464	0.75628	0.620183	
0.820115	0.835872	0.852705	0.82457	0.774471	0.753287	0.755436	0.621025	
0.814263	0.827169	0.8411	0.81221	0.774035	0.747263	0.752973	0.622373	
0.822216	0.835781	0.853406	0.827277	0.775717	0.754802	0.758442	0.622738	
0.804481	0.834185	0.833402	0.80087	0.773164	0.751684	0.752823	0.614991	
0.822262	0.836916	0.853334	0.827487	0.776901	0.75511	0.759212	0.622537	
0.783311	0.80815	0.812857	0.769378	0.754722	0.735072	0.743288	0.620636	
0.823087	0.836171	0.853433	0.82834	0.776987	0.755014	0.759908	0.62367	
0.823049	0.83739	0.853865	0.828533	0.777709	0.755287	0.760193	0.623355	
0.823806	0.836888	0.853993	0.82936	0.777822	0.755282	0.760721	0.624215	
0.815736	0.836967	0.846666	0.822643	0.777938	0.75269	0.759559	0.622709	
0.824029	0.837934	0.854486	0.829854	0.778678	0.755594	0.761246	0.624387	
0.528279	0.664687	0.57043	0.547833	0.596424	0.614333	0.607188	0.515838	
0.8213	0.834798	0.850062	0.828621	0.77716	0.753935	0.761444	0.626586	
0.82482	0.837631	0.854642	0.830916	0.778864	0.75568	0.761867	0.625404	
0.826729	0.83914	0.85637	0.833896	0.780615	0.756623	0.763769	0.627874	
0.453252	0.614546	0.522915	0.54677	0.571967	0.590546	0.576164	0.523103	
0.819215	0.834056	0.848425	0.832047	0.778578	0.753371	0.763753	0.630823	
0.827229	0.838785	0.856258	0.834914	0.780959	0.756801	0.764466	0.628952	
0.794867	0.825331	0.827254	0.781458	0.759601	0.745586	0.748305	0.613602	
0.827754	0.839602	0.856675	0.834909	0.781659	0.757204	0.764697	0.628746	
0.8167	0.830883	0.843085	0.825731	0.76952	0.753363	0.764242	0.631916	
0.828461	0.839142	0.856638	0.836444	0.781757	0.757287	0.76571	0.630303	
0.57298	0.681565	0.5685	0.429315	0.549801	0.646127	0.601472	0.50938	
0.827991	0.840817	0.855457	0.833903	0.782873	0.758146	0.76473	0.628568	
0.829178	0.840299	0.857148	0.836843	0.783103	0.757963	0.765871	0.630005	
0.831629	0.840354	0.858511	0.840826	0.785251	0.758882	0.767854	0.632725	
0.10072	0.180135	0.112548	0.0459069	0.151812	0.243511	0.247304	0.264455	
0.793156	0.824214	0.825431	0.803118	0.766365	0.750205	0.744355	0.614322	
0.832284	0.840915	0.858751	0.840686	0.78679	0.759678	0.768075	0.632506	
0.828944	0.837821	0.854659	0.837376	0.785739	0.760126	0.767532	0.636007	
0.832649	0.840614	0.858706	0.841245	0.78699	0.760241	0.768439	0.633921	
0.722038	0.794814	0.742697	0.685989	0.705538	0.730569	0.708229	0.594073	
0.832744	0.841313	0.858719	0.840532	0.788362	0.761203	0.767845	0.633416	
0.833319	0.841052	0.859257	0.842187	0.787935	0.760597	0.768867	0.635001	
0.833624	0.841436	0.859454	0.842326	0.788751	0.761174	0.768848	0.634931	
0.834442	0.841544	0.859507	0.84435	0.790369	0.761991	0.770156	0.638429	
0.133937	0.177068	0.111303	0.0213766	0.147114	0.253471	0.198493	0.209734	
0.799348	0.826876	0.823847	0.77122	0.757866	0.753819	0.747017	0.620983	
0.834914	0.842113	0.860186	0.844556	0.791331	0.762902	0.77011	0.638312	
0.835507	0.843207	0.86092	0.847328	0.791444	0.762213	0.771463	0.63925	
0.784265	0.819734	0.834168	0.783065	0.755255	0.751241	0.74611	0.628956	
0.836698	0.843392	0.861285	0.84678	0.793299	0.76415	0.771754	0.6398	
0.834584	0.841812	0.858015	0.843653	0.791621	0.764817	0.771794	0.641916	
0.83717	0.843312	0.861244	0.847073	0.79346	0.764645	0.772124	0.640621	
0.778075	0.826177	0.794695	0.76523	0.749131	0.747234	0.745484	0.619883	
0.837154	0.843951	0.86129	0.846804	0.794377	0.765661	0.771994	0.640559	
0.837654	0.84357	0.861751	0.84801	0.793699	0.764996	0.772721	0.641578	
0.837927	0.844163	0.861829	0.848002	0.794596	0.765913	0.772771	0.64149	
0.837044	0.842587	0.861341	0.848735	0.793143	0.765843	0.773423	0.64429	
0.838249	0.843894	0.862181	0.849144	0.794431	0.766192	0.773635	0.643094	
0.463159	0.566901	0.442011	0.341324	0.449422	0.491054	0.495387	0.428171	
0.833766	0.843438	0.857591	0.843014	0.793433	0.766639	0.769914	0.639842	
0.838711	0.844673	0.862167	0.849311	0.795284	0.767111	0.77382	0.643074	
0.839847	0.845037	0.863826	0.851837	0.796361	0.768463	0.774957	0.645734	
0.379685	0.350218	0.403399	0.252229	0.334849	0.411117	0.419368	0.372322	
0.829282	0.836097	0.856517	0.838416	0.790598	0.768183	0.768577	0.64131	
0.840038	0.845263	0.863776	0.851783	0.796883	0.769393	0.775663	0.646035	
0.818883	0.836519	0.843263	0.837144	0.783002	0.762896	0.770979	0.643841	
0.84029	0.845399	0.863704	0.852318	0.797078	0.769304	0.775989	0.646721	
0.821752	0.840119	0.849181	0.830097	0.790161	0.766113	0.768444	0.639603	
0.840631	0.845763	0.864252	0.852234	0.797618	0.76996	0.776377	0.646862	
0.778811	0.808241	0.782102	0.789551	0.751552	0.738561	0.741062	0.628519	
0.840808	0.845537	0.863878	0.853248	0.797625	0.770001	0.776695	0.648785	
0.841265	0.846429	0.864888	0.852935	0.798179	0.770536	0.777208	0.648317	
0.841438	0.846264	0.864738	0.853719	0.798471	0.77077	0.777432	0.649146	
0.841168	0.848338	0.866107	0.851966	0.79879	0.767848	0.776661	0.650348	
0.842033	0.847718	0.865965	0.853616	0.799135	0.771006	0.778042	0.650188	
0.361887	0.509332	0.354551	0.290508	0.402568	0.414722	0.361272	0.302108	
0.825	0.835995	0.841092	0.839914	0.784039	0.750848	0.754107	0.645335	
0.842297	0.847519	0.865525	0.854996	0.799548	0.772077	0.778516	0.651532	
0.843091	0.848845	0.865907	0.856284	0.801608	0.773822	0.780101	0.652562	
0.37025	0.310105	0.324203	0.356751	0.254516	0.360652	0.386733	0.320157	
0.818586	0.83175	0.828681	0.817779	0.767933	0.756397	0.764416	0.648062	
0.843108	0.848822	0.866456	0.857277	0.80154	0.773754	0.780643	0.653812	
0.843277	0.850317	0.86682	0.857401	0.802913	0.774556	0.782277	0.654402	
0.266684	0.289339	0.379622	0.349903	0.260819	0.489335	0.404303	0.364989	
0.809294	0.83338	0.850598	0.835421	0.768248	0.766373	0.767752	0.650211	
0.843814	0.850284	0.867074	0.858182	0.802996	0.774767	0.782751	0.655446	
0.844344	0.850995	0.865898	0.855769	0.802355	0.775522	0.78268	0.653136	
0.844269	0.850731	0.867772	0.858118	0.803373	0.77515	0.783016	0.654989	
0.782184	0.809098	0.803712	0.782014	0.735339	0.743562	0.732093	0.624457	
0.843367	0.850148	0.867408	0.858734	0.803043	0.775037	0.783168	0.656517	
0.844476	0.851076	0.868103	0.858672	0.803255	0.775407	0.783701	0.655476	
0.84459	0.851106	0.868105	0.859171	0.803627	0.775683	0.78394	0.656094	
0.845554	0.852343	0.868805	0.859793	0.80412	0.776482	0.785091	0.655957	
0.521206	0.614738	0.565266	0.474183	0.57229	0.515256	0.452465	0.375712	
0.833545	0.845068	0.861166	0.852751	0.798719	0.768167	0.776122	0.655126	
0.845415	0.85213	0.868736	0.860529	0.804319	0.776765	0.785417	0.656797	
0.8443	0.852624	0.869898	0.858569	0.804679	0.775828	0.784756	0.656975	
0.845986	0.852602	0.869414	0.860323	0.804802	0.777104	0.785773	0.657044	
0.656096	0.755498	0.743408	0.707217	0.713739	0.667325	0.668391	0.592505	
0.843432	0.851176	0.866822	0.860582	0.804284	0.776964	0.785583	0.659179	
0.84598	0.852486	0.869186	0.861141	0.804975	0.777596	0.786203	0.658064	
0.842645	0.848066	0.855793	0.850087	0.803959	0.774708	0.783775	0.65048	
0.846565	0.852677	0.869769	0.861117	0.805704	0.77782	0.78651	0.65757	
0.823468	0.840116	0.841597	0.840189	0.795691	0.768989	0.775774	0.653503	
0.846356	0.852747	0.869755	0.86158	0.805853	0.778335	0.786726	0.658884	
0.798847	0.806745	0.796898	0.752594	0.75272	0.747016	0.744702	0.624171	
0.847243	0.852753	0.870466	0.861137	0.806809	0.778484	0.78705	0.658476	
0.847015	0.852884	0.870672	0.861933	0.806946	0.778932	0.787323	0.65963	
0.847479	0.853079	0.870897	0.861917	0.807428	0.779068	0.787542	0.659642	
0.84777	0.853694	0.871864	0.862853	0.80977	0.781027	0.789184	0.662485	
0.0749957	0.131767	0.0756035	0.03591	0.106479	0.21086	0.133369	0.156384	
0.78014	0.816733	0.813768	0.781414	0.758684	0.754441	0.742255	0.627092	
0.848727	0.853843	0.872447	0.862415	0.810409	0.780983	0.78916	0.662498	
0.848622	0.853877	0.87257	0.863062	0.810493	0.781255	0.789497	0.662993	
0.849	0.853854	0.873381	0.863032	0.812253	0.781908	0.789873	0.66427	
0.787213	0.82182	0.816014	0.815542	0.765615	0.76523	0.755699	0.646901	
0.849246	0.854111	0.87387	0.864457	0.812338	0.782384	0.790662	0.665364	
0.849317	0.854143	0.874028	0.8645	0.812514	0.782482	0.790756	0.665422	
0.849538	0.854272	0.875353	0.865369	0.813628	0.783309	0.791898	0.667055	
0.803226	0.81582	0.58933	0.714178	0.754922	0.774146	0.776318	0.676629	
0.848861	0.854859	0.871062	0.864046	0.81315	0.783895	0.792535	0.669291	
0.849469	0.854664	0.875281	0.865664	0.813728	0.783536	0.792231	0.668022	
0.669416	0.732475	0.487939	0.566428	0.667432	0.697159	0.669543	0.576208	
0.849005	0.854165	0.871567	0.862998	0.81359	0.783436	0.791153	0.665914	
0.849831	0.854835	0.875896	0.865815	0.814103	0.783736	0.792287	0.667712	
0.848022	0.854831	0.877153	0.86641	0.813093	0.784011	0.792756	0.669716	
0.809038	0.840603	0.849463	0.834331	0.783671	0.770899	0.766234	0.651955	
0.85004	0.855778	0.877335	0.867016	0.81438	0.784655	0.793664	0.66941	
0.850186	0.856207	0.877156	0.866595	0.815306	0.785143	0.793902	0.669776	
0.8329	0.851261	0.875982	0.861982	0.806874	0.779271	0.783562	0.670547	
0.850686	0.856359	0.877978	0.867373	0.815009	0.78533	0.794684	0.670712	
0.8508	0.856816	0.877318	0.866182	0.815173	0.785538	0.794529	0.671296	
0.85098	0.856683	0.878366	0.867656	0.81533	0.785506	0.794757	0.671051	
0.651229	0.769356	0.700615	0.676847	0.657759	0.710015	0.68386	0.604685	
0.847868	0.856024	0.877598	0.866464	0.81267	0.785274	0.794423	0.672328	
0.850855	0.856758	0.878832	0.868053	0.815088	0.785638	0.795009	0.671589	
0.850793	0.858122	0.879051	0.86846	0.815415	0.786218	0.795446	0.672418	
0.801615	0.840963	0.867721	0.849929	0.789453	0.772645	0.769368	0.668926	
0.851461	0.858174	0.879902	0.869097	0.815289	0.786462	0.796142	0.673428	
0.852069	0.85849	0.880421	0.869672	0.815656	0.786282	0.797292	0.673723	
0.844554	0.855532	0.870863	0.8599	0.805229	0.78457	0.793943	0.674725	
0.852027	0.858938	0.881146	0.870324	0.815574	0.786714	0.797227	0.674466	
0.832972	0.85463	0.871352	0.859936	0.807846	0.782874	0.784895	0.667762	
0.852445	0.859274	0.881029	0.870411	0.815878	0.786949	0.797352	0.674255	
0.84562	0.856978	0.878797	0.865116	0.812162	0.785727	0.7956	0.676265	
0.852213	0.859384	0.881461	0.870507	0.815906	0.787164	0.797534	0.674995	
0.745623	0.793328	0.769497	0.742144	0.736389	0.742493	0.732854	0.629603	
0.852488	0.859692	0.880918	0.870346	0.816142	0.787566	0.797224	0.674232	
0.852672	0.859705	0.881542	0.870819	0.816242	0.78748	0.797592	0.674793	
0.852985	0.860587	0.88236	0.871097	0.81727	0.788298	0.798038	0.675974	
0.166032	0.129474	0.135705	0.0566894	0.189482	0.229489	0.189813	0.217419	
0.808932	0.841655	0.81167	0.801089	0.782278	0.764008	0.765003	0.652291	
0.853324	0.860853	0.88288	0.871865	0.81761	0.788763	0.798015	0.676079	
0.853493	0.860919	0.883005	0.871922	0.817692	0.788767	0.798162	0.676224	
0.85445	0.861478	0.883644	0.872494	0.818241	0.788792	0.798545	0.676913	
0.689168	0.766761	0.685874	0.61865	0.63366	0.615006	0.617158	0.565596	
0.853071	0.860928	0.879956	0.869122	0.816414	0.78681	0.7973	0.676812	
0.854577	0.861589	0.883567	0.872688	0.818421	0.78889	0.798801	0.677165	
0.844571	0.861311	0.876093	0.866706	0.813626	0.787866	0.794883	0.676153	
0.854679	0.861893	0.883735	0.872678	0.818762	0.789069	0.798829	0.677424	
0.791403	0.84168	0.849345	0.826145	0.782576	0.771353	0.772709	0.662241	
0.85477	0.861966	0.884057	0.872667	0.818628	0.788992	0.799131	0.677893	
0.855023	0.86238	0.884023	0.872919	0.819146	0.78932	0.79915	0.678006	
0.855237	0.862441	0.88426	0.872991	0.819175	0.789337	0.799331	0.678229	
0.855655	0.863925	0.884943	0.873348	0.820055	0.79028	0.79983	0.679719	
0.289883	0.255864	0.241388	0.371149	0.236534	0.295377	0.364118	0.33353	
0.798822	0.844409	0.860124	0.8368	0.785833	0.770951	0.775869	0.67006	
0.855868	0.863853	0.885405	0.873487	0.81996	0.79021	0.800139	0.680193	
0.856077	0.864077	0.885379	0.873637	0.820168	0.790456	0.800169	0.680185	
0.856016	0.864761	0.886177	0.873961	0.819646	0.7912	0.80071	0.681776	
0.108809	0.211003	0.120505	0.0437503	0.209967	0.233499	0.232807	0.248515	
0.781194	0.846522	0.847337	0.812766	0.783973	0.763684	0.762574	0.659973	
0.856748	0.865233	0.886173	0.874125	0.820414	0.791572	0.800775	0.681408	
0.856814	0.865284	0.886365	0.874289	0.820303	0.791612	0.800982	0.681707	
0.857014	0.86623	0.886988	0.874526	0.820511	0.792251	0.801599	0.6825	
0.56512	0.713613	0.719538	0.645296	0.639585	0.677807	0.662221	0.583051	
0.852737	0.864113	0.885221	0.870054	0.816885	0.791101	0.800846	0.683967	
0.857365	0.866176	0.887167	0.874502	0.820379	0.792263	0.80183	0.683039	
0.856925	0.866149	0.885586	0.869398	0.819503	0.791082	0.800948	0.68284	
0.857564	0.866481	0.887418	0.874519	0.820615	0.792439	0.80193	0.68325	
0.794618	0.840787	0.825378	0.790465	0.752224	0.747741	0.758218	0.658294	
0.857362	0.866508	0.887172	0.874322	0.819897	0.79229	0.802134	0.684398	
0.857673	0.866581	0.887549	0.87478	0.820521	0.792509	0.802159	0.683865	
0.858594	0.86764	0.887723	0.874269	0.821332	0.792794	0.802689	0.684429	
0.814587	0.850954	0.86113	0.843246	0.786232	0.772362	0.77952	0.673997	
0.859011	0.867966	0.88809	0.875161	0.82123	0.793089	0.803035	0.68563	
0.859522	0.868898	0.887835	0.875201	0.821715	0.793562	0.803545	0.68605	
0.40912	0.394288	0.42315	0.436145	0.333524	0.25685	0.409795	0.389163	
0.830984	0.860633	0.879794	0.855858	0.807355	0.78208	0.791788	0.683537	
0.859821	0.868953	0.888213	0.875442	0.821625	0.793748	0.80382	0.68686	
0.857125	0.867567	0.887692	0.871811	0.82156	0.793438	0.803775	0.685133	
0.859946	0.869062	0.888386	0.875496	0.822154	0.793898	0.80395	0.686736	
0.833439	0.85866	0.869364	0.854745	0.801634	0.7889	0.79643	0.683886	
0.859834	0.869163	0.888424	0.875717	0.821871	0.794098	0.803987	0.687438	
0.860092	0.869312	0.88854	0.875743	0.822322	0.794257	0.804141	0.687106	
0.860068	0.869405	0.888573	0.875948	0.822241	0.794357	0.804188	0.687516	
0.859692	0.869825	0.887781	0.874656	0.822658	0.794958	0.804315	0.686864	
0.860236	0.869742	0.888635	0.876013	0.822716	0.794751	0.804416	0.687458	
0.691002	0.767185	0.734731	0.678161	0.655064	0.672526	0.671874	0.570718	
0.858436	0.869439	0.886677	0.874514	0.820095	0.793478	0.803154	0.688175	
0.860335	0.869961	0.888746	0.876458	0.822684	0.794773	0.804455	0.68795	
0.860739	0.871212	0.888751	0.87695	0.823741	0.795662	0.804964	0.687839	
0.37104	0.442667	0.523847	0.359644	0.385009	0.41668	0.430185	0.327198	
0.838043	0.862377	0.877751	0.852604	0.805764	0.785656	0.790548	0.681914	
0.860865	0.871484	0.888954	0.877507	0.823664	0.795695	0.805195	0.688565	
0.86029	0.871585	0.889568	0.875974	0.824056	0.795568	0.806008	0.688684	
0.860836	0.871611	0.889398	0.877527	0.824011	0.795686	0.805622	0.68866	
0.773918	0.838426	0.840484	0.772173	0.763568	0.764119	0.769713	0.667765	
0.860135	0.87157	0.888983	0.877019	0.823229	0.796044	0.805276	0.689183	
0.860904	0.871701	0.889449	0.877955	0.823963	0.795918	0.805605	0.68894	
0.860099	0.872292	0.887305	0.87646	0.823523	0.795654	0.806083	0.687951	
0.861074	0.872111	0.889571	0.877973	0.824175	0.79596	0.805964	0.688882	
0.822872	0.851083	0.844146	0.833578	0.791423	0.780514	0.787503	0.674241	
0.860764	0.872051	0.889736	0.878172	0.823961	0.796158	0.80597	0.689723	
0.861362	0.872612	0.889921	0.878045	0.824256	0.796164	0.806238	0.689029	
0.861234	0.872638	0.890178	0.878517	0.824404	0.796301	0.806361	0.689666	
0.861363	0.873924	0.889875	0.877548	0.824238	0.795743	0.806031	0.688797	
0.861539	0.873273	0.890406	0.87844	0.824524	0.796412	0.806594	0.689579	
0.782363	0.824079	0.752043	0.784791	0.755998	0.717726	0.694587	0.620336	
0.860657	0.87268	0.889086	0.878405	0.824498	0.796105	0.805889	0.69021	
0.861484	0.87324	0.890493	0.87873	0.824713	0.796622	0.806746	0.69	
0.861859	0.874951	0.890573	0.878238	0.825508	0.797369	0.807647	0.690018	
0.827988	0.856906	0.841527	0.835394	0.798548	0.782258	0.785738	0.675709	
0.862042	0.87524	0.891233	0.879128	0.825682	0.797774	0.807895	0.690816	
0.860994	0.875728	0.890764	0.878524	0.827219	0.797872	0.808408	0.689552	
0.861896	0.875636	0.89115	0.879233	0.826472	0.798161	0.808385	0.690606	
0.697367	0.754453	0.802835	0.702688	0.687679	0.606481	0.638745	0.50571	
0.859984	0.875544	0.890877	0.877217	0.823883	0.797347	0.806414	0.689689	
0.862017	0.875943	0.891345	0.879529	0.826188	0.798498	0.808371	0.690959	
0.861439	0.876597	0.889103	0.877099	0.826357	0.799153	0.808844	0.690112	
0.862171	0.876367	0.891547	0.879343	0.826524	0.798836	0.808685	0.690813	
0.770871	0.813925	0.750281	0.76209	0.751495	0.764779	0.763098	0.639903	
0.860994	0.876238	0.890335	0.878707	0.825381	0.798914	0.808592	0.691171	
0.862177	0.876528	0.891786	0.879688	0.82642	0.798955	0.8088	0.691084	
0.862582	0.877371	0.892103	0.879332	0.82714	0.798965	0.809371	0.691108	
0.83377	0.865318	0.874301	0.844097	0.81003	0.787588	0.796117	0.679152	
0.862843	0.877696	0.892522	0.880114	0.826973	0.799496	0.809742	0.691618	
0.862891	0.877747	0.892565	0.880123	0.827066	0.799553	0.809819	0.691628	
0.86321	0.878187	0.892833	0.880213	0.827573	0.800197	0.810613	0.692006	
0.688032	0.755143	0.698945	0.520512	0.725809	0.659999	0.680834	0.591636	
0.861697	0.877836	0.891647	0.87631	0.827356	0.79905	0.809402	0.690312	
0.863352	0.87832	0.893019	0.880351	0.827772	0.800259	0.810633	0.691904	
0.859618	0.877109	0.890737	0.875093	0.824319	0.800524	0.809523	0.690782	
0.863413	0.878481	0.893158	0.880381	0.827548	0.800636	0.810937	0.692156	
0.863391	0.878711	0.893053	0.879933	0.828227	0.800468	0.810817	0.691729	
0.863651	0.878683	0.893265	0.880426	0.827955	0.80066	0.81103	0.69209	
0.864149	0.879079	0.893693	0.880489	0.827514	0.801924	0.811714	0.692851	
0.107525	0.21041	0.143817	0.0491412	0.188242	0.246549	0.227868	0.222062	
0.810404	0.855975	0.857794	0.832328	0.798215	0.778721	0.77192	0.664794	
0.864432	0.879526	0.893762	0.880321	0.828492	0.801897	0.812211	0.692792	
0.864499	0.879581	0.893912	0.880497	0.828412	0.80204	0.812325	0.69302	
0.864477	0.880456	0.894284	0.880156	0.829411	0.802415	0.813063	0.693426	
0.37569	0.46699	0.476049	0.419088	0.39211	0.450737	0.452626	0.356989	
0.846804	0.87169	0.883355	0.86593	0.816169	0.796004	0.80384	0.690611	
0.864735	0.880463	0.894434	0.880416	0.829217	0.802577	0.813278	0.693993	
0.864274	0.881088	0.893886	0.87945	0.829082	0.80272	0.814033	0.694232	
0.864668	0.880814	0.894655	0.880651	0.829247	0.802696	0.813674	0.694127	
0.761886	0.848498	0.786803	0.781281	0.783566	0.768483	0.776877	0.66273	
0.863768	0.880702	0.893581	0.880019	0.828862	0.802618	0.813746	0.694959	
0.864684	0.880866	0.894743	0.880902	0.829257	0.802772	0.813827	0.694518	
0.864179	0.881286	0.894962	0.880402	0.829865	0.802786	0.814331	0.694095	
0.843866	0.875573	0.882364	0.870717	0.820813	0.797974	0.807028	0.690346	
0.864867	0.881707	0.895262	0.881466	0.829848	0.803014	0.814814	0.695192	
0.864748	0.882209	0.895676	0.881833	0.829584	0.80318	0.815225	0.695957	
0.304113	0.420057	0.373678	0.142171	0.362658	0.434679	0.396806	0.338633	
0.844106	0.873613	0.887533	0.862276	0.82452	0.79696	0.80479	0.686154	
0.865107	0.882364	0.895739	0.881831	0.830057	0.803224	0.815429	0.695848	
0.865427	0.882821	0.894753	0.882032	0.83062	0.803901	0.815917	0.696421	
0.85689	0.880543	0.877574	0.871502	0.825294	0.799142	0.810744	0.690815	
0.86567	0.882989	0.895746	0.882143	0.830618	0.804028	0.815984	0.696253	
0.86571	0.883254	0.895685	0.882472	0.830324	0.803751	0.816539	0.696811	
0.864338	0.883458	0.893039	0.876406	0.830017	0.801649	0.811287	0.694417	
0.866093	0.883661	0.89626	0.882631	0.830657	0.804116	0.816621	0.69687	
0.862373	0.882999	0.888526	0.880469	0.830762	0.800419	0.81308	0.696475	
0.866153	0.883794	0.896022	0.882739	0.830907	0.804322	0.816727	0.697026	
0.858388	0.88235	0.888919	0.874988	0.827058	0.799808	0.807426	0.691114	
0.866271	0.884029	0.896357	0.88267	0.83098	0.804481	0.816757	0.69697	
0.853383	0.878622	0.885295	0.871001	0.824472	0.801109	0.8124	0.694075	
0.866379	0.884244	0.896241	0.882794	0.830945	0.804741	0.816843	0.697246	
0.830169	0.870701	0.877833	0.844546	0.817805	0.795386	0.803842	0.684635	
0.866421	0.88449	0.896441	0.882656	0.831269	0.804829	0.816913	0.697093	
0.866567	0.884727	0.896478	0.882865	0.831063	0.805078	0.816897	0.69744	
0.86673	0.884862	0.896561	0.882933	0.831293	0.805147	0.816993	0.697404	
0.867287	0.885974	0.89675	0.882951	0.831418	0.805905	0.817052	0.697882	
0.136881	0.0831901	0.160203	0.0297664	0.246168	0.20397	0.288119	0.264116	
0.80144	0.854894	0.866075	0.797826	0.808935	0.779635	0.79082	0.677397	
0.86744	0.886115	0.896839	0.883073	0.831968	0.806018	0.817147	0.697738	
0.867645	0.886245	0.896931	0.883317	0.831896	0.806127	0.817189	0.697937	
0.86795	0.88661	0.8971	0.883343	0.832455	0.806376	0.817244	0.698368	
0.565921	0.66261	0.583539	0.596275	0.577254	0.65042	0.620029	0.532719	
0.862231	0.882757	0.890532	0.87746	0.825972	0.804087	0.815117	0.698275	
0.868208	0.886661	0.897109	0.883646	0.832258	0.806369	0.817385	0.698651	
0.868336	0.886938	0.897345	0.883737	0.8324	0.806719	0.817862	0.699474	
0.771737	0.827244	0.46353	0.737478	0.729545	0.768126	0.78427	0.653406	
0.868418	0.886491	0.886791	0.882251	0.831984	0.8064	0.817421	0.699928	
0.868564	0.886969	0.897489	0.883882	0.832579	0.806734	0.817837	0.699654	
0.866031	0.886003	0.896062	0.879129	0.83197	0.806514	0.815973	0.697971	
0.868652	0.887114	0.897637	0.88388	0.832794	0.806924	0.81779	0.699594	
0.855469	0.881341	0.884447	0.872094	0.824852	0.802058	0.812228	0.697818	
0.86875	0.887289	0.897527	0.884092	0.832701	0.807022	0.817826	0.699957	
0.868906	0.887439	0.897693	0.883992	0.83305	0.807264	0.817751	0.699791	
0.86899	0.887562	0.897633	0.884218	0.832937	0.807312	0.81784	0.70012	
0.864284	0.886034	0.895659	0.877868	0.832439	0.806526	0.814399	0.697666	
0.869129	0.887749	0.897767	0.884157	0.833235	0.807585	0.817733	0.700062	
0.851475	0.879571	0.88856	0.867242	0.821814	0.800399	0.807583	0.698004	
0.869127	0.887832	0.897715	0.884494	0.833011	0.807623	0.8178	0.700549	
0.869277	0.888077	0.897834	0.884351	0.833461	0.807902	0.817638	0.700358	
0.869355	0.888133	0.897831	0.884681	0.833293	0.80792	0.817765	0.700713	
0.867989	0.888298	0.89758	0.883251	0.833896	0.808304	0.816607	0.700447	
0.869398	0.888436	0.89796	0.884709	0.833687	0.808212	0.817605	0.700799	
0.684748	0.806434	0.791373	0.707457	0.719594	0.731089	0.712184	0.638863	
0.867557	0.887657	0.896888	0.883797	0.831889	0.807809	0.817065	0.701482	
0.869517	0.888484	0.897951	0.885095	0.833528	0.808293	0.81775	0.701115	
0.869846	0.889069	0.898235	0.885875	0.8339	0.808462	0.817721	0.701955	
0.865431	0.885231	0.892154	0.871651	0.818725	0.804611	0.817861	0.699721	
0.870046	0.889746	0.898172	0.886078	0.833609	0.808653	0.818244	0.702624	
0.855412	0.87983	0.88792	0.855152	0.82002	0.801881	0.810016	0.693396	
0.870212	0.889887	0.898434	0.886454	0.834258	0.808637	0.818257	0.70255	
0.868343	0.890113	0.897705	0.886581	0.833949	0.807512	0.816858	0.703794	
0.87027	0.890062	0.898497	0.886717	0.834279	0.808678	0.818083	0.702957	
0.763503	0.863209	0.827155	0.810844	0.800405	0.770651	0.778829	0.673637	
0.869595	0.890032	0.898286	0.886199	0.834742	0.808776	0.818042	0.702371	
0.870378	0.890117	0.898611	0.886734	0.834527	0.808815	0.818172	0.702829	
0.870658	0.890483	0.898815	0.887118	0.834662	0.809693	0.81822	0.703397	
0.509486	0.434687	0.456694	0.299668	0.473429	0.563711	0.50569	0.46976	
0.862407	0.886376	0.892173	0.870198	0.83036	0.807535	0.812582	0.699428	
0.870604	0.890675	0.899056	0.887332	0.834973	0.809815	0.818157	0.703392	
0.869739	0.890543	0.89956	0.887605	0.834463	0.809353	0.818011	0.704407	
0.870652	0.890734	0.899294	0.887628	0.834864	0.809762	0.818182	0.703855	
0.752489	0.846933	0.851286	0.808516	0.794698	0.7676	0.782965	0.668831	
0.86987	0.89044	0.899161	0.88709	0.835377	0.809929	0.818259	0.703244	
0.870768	0.890738	0.899366	0.887658	0.835152	0.809934	0.818305	0.703741	
0.870795	0.889821	0.898395	0.886596	0.834657	0.809341	0.818806	0.705023	
0.87097	0.890649	0.899313	0.887736	0.835192	0.809833	0.818599	0.704283	
0.799949	0.85251	0.829889	0.800232	0.803128	0.78157	0.790433	0.672143	
0.870443	0.890466	0.899466	0.887358	0.835685	0.809885	0.818778	0.703898	
0.870973	0.890671	0.899569	0.887828	0.835494	0.809936	0.818756	0.704217	
0.869738	0.890493	0.899216	0.887317	0.835219	0.808606	0.819016	0.70617	
0.871	0.890829	0.899672	0.887911	0.835523	0.809665	0.819029	0.705121	
0.674121	0.770278	0.7533	0.740208	0.77389	0.724253	0.751987	0.631847	
0.869185	0.889752	0.899212	0.886785	0.835968	0.809194	0.81956	0.704533	
0.871076	0.89081	0.89989	0.887942	0.835842	0.809767	0.819377	0.705153	
0.871194	0.890965	0.900417	0.888328	0.835509	0.809693	0.819892	0.706278	
0.846799	0.862814	0.879413	0.865302	0.829059	0.797921	0.809441	0.694798	
0.871224	0.891122	0.900648	0.888354	0.835996	0.809571	0.820582	0.706636	
0.870842	0.891091	0.900729	0.888725	0.836404	0.809565	0.821098	0.707339	
0.360885	0.544629	0.369113	0.483009	0.710034	0.593524	0.634827	0.514188	
0.853605	0.885829	0.891271	0.881908	0.836034	0.806891	0.820095	0.704569	
0.871022	0.891205	0.900967	0.888772	0.836541	0.809592	0.821295	0.707381	
0.870514	0.890543	0.900004	0.887795	0.835592	0.809365	0.820243	0.707917	
0.871268	0.891312	0.900977	0.888905	0.836488	0.809626	0.821215	0.707617	
0.855375	0.881283	0.883543	0.86815	0.831054	0.803597	0.815789	0.70248	
0.871102	0.891328	0.901121	0.8887	0.83688	0.80959	0.821606	0.707671	
0.871367	0.891359	0.901201	0.889025	0.836711	0.809619	0.821441	0.707941	
0.871307	0.891401	0.901288	0.888946	0.836945	0.809654	0.821675	0.707968	
0.871404	0.891331	0.901164	0.888705	0.83668	0.809521	0.821369	0.708896	
0.8715	0.891457	0.901444	0.889143	0.836991	0.809652	0.821681	0.708495	
0.687971	0.736316	0.603023	0.569557	0.64759	0.710565	0.685556	0.587483	
0.869426	0.890929	0.898212	0.884388	0.836372	0.809422	0.82145	0.7065	
0.871481	0.891593	0.901578	0.889058	0.837362	0.809824	0.821976	0.708385	
0.87211	0.89154	0.901392	0.889624	0.837726	0.81008	0.822499	0.709065	
0.6898	0.749657	0.599383	0.648037	0.721496	0.688313	0.694789	0.617102	
0.87015	0.891462	0.899136	0.886315	0.836795	0.80937	0.821894	0.707484	
0.872041	0.891756	0.901732	0.889538	0.837779	0.810199	0.822638	0.70896	
0.869546	0.889521	0.897891	0.886449	0.834289	0.808421	0.818801	0.709422	
0.872192	0.891734	0.901728	0.889714	0.837784	0.810205	0.822562	0.709268	
0.869278	0.889542	0.896396	0.882754	0.834412	0.808696	0.821283	0.707354	
0.872284	0.891825	0.901893	0.889611	0.837915	0.810276	0.822814	0.709364	
0.853264	0.876438	0.880333	0.868372	0.825414	0.802888	0.807096	0.70106	
0.872396	0.891508	0.901876	0.889955	0.838014	0.810416	0.822732	0.709794	
0.872559	0.891875	0.902034	0.889825	0.838086	0.810438	0.82295	0.709851	
0.872642	0.891767	0.902098	0.890013	0.838156	0.810515	0.822963	0.710045	
0.873089	0.892093	0.902215	0.890068	0.838464	0.810853	0.823607	0.711038	
0.171717	0.238205	0.112474	0.29076	0.27863	0.276074	0.331197	0.169578	
0.815132	0.843463	0.832315	0.825528	0.806067	0.785021	0.778044	0.670803	
0.873048	0.891787	0.902312	0.890629	0.838492	0.811113	0.823335	0.711475	
0.873277	0.892175	0.902532	0.890681	0.838609	0.811171	0.823683	0.711468	
0.873395	0.892254	0.90249	0.891236	0.838675	0.811479	0.824239	0.711925	
0.545	0.586484	0.61494	0.513371	0.607307	0.672654	0.59058	0.539671	
0.867097	0.890354	0.899618	0.886075	0.836252	0.809977	0.822179	0.708766	
0.873383	0.892483	0.90262	0.891247	0.838744	0.811515	0.824431	0.711862	
0.873187	0.892763	0.902793	0.891854	0.838726	0.811518	0.82484	0.712787	
0.444682	0.564466	0.724241	0.617458	0.656404	0.659523	0.642294	0.55501	
0.862763	0.888958	0.901051	0.887432	0.837624	0.810038	0.823881	0.709301	
0.873414	0.892992	0.902827	0.891755	0.838938	0.811606	0.825151	0.712631	
0.873379	0.892835	0.902529	0.891653	0.839347	0.811835	0.824882	0.713077	
0.860784	0.887804	0.894542	0.878161	0.83289	0.805426	0.819912	0.704807	
0.873474	0.893324	0.903145	0.892149	0.8395	0.81222	0.82555	0.712978	
0.872921	0.893532	0.90317	0.89177	0.838987	0.812141	0.825706	0.713479	
0.873575	0.893591	0.903348	0.892238	0.839387	0.812226	0.825652	0.7132	
0.868425	0.884136	0.876938	0.869748	0.830821	0.809035	0.818275	0.711739	
0.873792	0.893471	0.90333	0.892417	0.839417	0.812347	0.825615	0.71341	
0.8733	0.893808	0.903449	0.891837	0.839442	0.812346	0.825817	0.713105	
0.873726	0.893704	0.903601	0.892435	0.83951	0.812413	0.825798	0.713354	
0.873512	0.893813	0.903638	0.892737	0.839486	0.812412	0.825604	0.714074	
0.860291	0.886407	0.89602	0.881356	0.834357	0.803241	0.814263	0.705856	
0.87388	0.894218	0.904104	0.892762	0.839586	0.812731	0.82612	0.714039	
0.874119	0.894326	0.904097	0.893085	0.839577	0.81307	0.826338	0.714357	
0.717708	0.758425	0.418737	0.572822	0.713988	0.676996	0.695853	0.624928	
0.872005	0.893455	0.897269	0.889669	0.838817	0.81059	0.825556	0.714199	
0.874191	0.894532	0.904357	0.893145	0.839747	0.812979	0.826558	0.714541	
0.870906	0.893773	0.903023	0.892206	0.838809	0.811709	0.823903	0.714953	
0.874312	0.894741	0.904382	0.893306	0.839726	0.813046	0.826474	0.714802	
0.850037	0.876235	0.856302	0.849413	0.822155	0.801554	0.810273	0.705214	
0.874261	0.894854	0.904161	0.892864	0.840001	0.813008	0.826599	0.715072	
0.874416	0.894841	0.904327	0.893472	0.839845	0.812986	0.826616	0.71526	
0.874518	0.894994	0.904447	0.893444	0.840016	0.813068	0.826687	0.715303	
0.874808	0.895232	0.904559	0.893863	0.840119	0.813137	0.82677	0.716089	
0.505374	0.595652	0.501409	0.450594	0.589275	0.649249	0.624493	0.600267	
0.867934	0.892194	0.897484	0.885843	0.837527	0.811712	0.824204	0.714583	
0.874931	0.895334	0.904588	0.8938	0.840254	0.813234	0.826837	0.716109	
0.875133	0.895231	0.904259	0.894052	0.839887	0.813383	0.827142	0.71699	
0.864483	0.891545	0.886461	0.877206	0.834351	0.810467	0.821761	0.713515	
0.875234	0.895584	0.904886	0.894234	0.840202	0.813551	0.827186	0.716945	
0.875135	0.896085	0.905174	0.894179	0.839956	0.813864	0.826979	0.717265	
0.873234	0.893599	0.901476	0.891591	0.839343	0.811854	0.825872	0.717644	
0.875304	0.895994	0.905215	0.894468	0.83999	0.813891	0.827438	0.71762	
0.872873	0.895438	0.901402	0.891164	0.838697	0.813071	0.827225	0.717681	
0.875299	0.89609	0.905218	0.894436	0.840105	0.813897	0.827588	0.717732	
0.866911	0.891894	0.880568	0.878778	0.830961	0.811828	0.825416	0.717751	
0.875367	0.89604	0.905177	0.894562	0.839944	0.813944	0.827689	0.717952	
0.87531	0.896237	0.905311	0.894527	0.840127	0.813967	0.827721	0.717957	
0.875388	0.896214	0.90536	0.894639	0.840076	0.813995	0.827782	0.718071	
0.875297	0.896703	0.905556	0.894845	0.840288	0.814216	0.828134	0.718684	
0.458303	0.669077	0.495385	0.530859	0.560385	0.634107	0.637065	0.550333	
0.858585	0.892308	0.88854	0.881955	0.833571	0.811288	0.825876	0.7182	
0.87547	0.896696	0.905623	0.894978	0.840215	0.814234	0.828228	0.718885	
0.875469	0.896763	0.90567	0.895008	0.840292	0.814285	0.828248	0.718898	
0.875493	0.897084	0.905758	0.89522	0.840466	0.814596	0.828578	0.719564	
0.520244	0.636326	0.525184	0.447676	0.616324	0.662459	0.681943	0.601872	
0.868364	0.895424	0.900839	0.887689	0.838108	0.813381	0.826845	0.717838	
0.875498	0.897214	0.905919	0.895298	0.840612	0.814698	0.828587	0.719523	
0.875512	0.897648	0.906076	0.89565	0.840591	0.815037	0.828621	0.720292	
0.472388	0.563257	0.556377	0.494655	0.605008	0.585291	0.602426	0.549174	
0.867362	0.895265	0.901742	0.890047	0.838478	0.81281	0.825939	0.717651	
0.875467	0.897873	0.906106	0.895666	0.840779	0.81518	0.828796	0.720256	
0.87536	0.89838	0.905703	0.895784	0.84062	0.815753	0.829158	0.720451	
0.854875	0.896643	0.891264	0.884726	0.838108	0.813875	0.82784	0.71923	
0.875541	0.898507	0.906128	0.895936	0.840735	0.815753	0.829186	0.720463	
0.875575	0.898313	0.906529	0.896188	0.840355	0.815707	0.829124	0.721012	
0.874039	0.898242	0.90567	0.894883	0.840005	0.815343	0.82869	0.720081	
0.875472	0.898803	0.906513	0.896154	0.840597	0.815963	0.829434	0.720969	
0.871104	0.897684	0.898946	0.891886	0.838601	0.816192	0.829341	0.721168	
0.875637	0.898814	0.906494	0.896288	0.840541	0.816037	0.829474	0.721037	
0.874655	0.899293	0.905775	0.895268	0.840035	0.816167	0.829565	0.720814	
0.875537	0.899148	0.906564	0.896236	0.840598	0.816227	0.829643	0.721053	
0.820645	0.856453	0.843174	0.837227	0.799861	0.790727	0.794019	0.705075	
0.875409	0.89888	0.906055	0.896163	0.840244	0.81632	0.829412	0.721614	
0.87566	0.899176	0.906573	0.896406	0.840577	0.816334	0.829653	0.721317	
0.87578	0.899793	0.907002	0.896599	0.840655	0.816939	0.829745	0.721652	
0.799334	0.827884	0.799363	0.827196	0.778812	0.768517	0.736836	0.648455	
0.874807	0.898889	0.905388	0.895613	0.840069	0.81679	0.828909	0.722241	
0.875769	0.899835	0.906941	0.896572	0.840676	0.817054	0.829834	0.721987	
0.869044	0.898374	0.904434	0.890228	0.838127	0.815521	0.827558	0.718712	
0.875752	0.899951	0.907065	0.896586	0.840835	0.817143	0.829888	0.721883	
0.871252	0.897644	0.904021	0.893829	0.837863	0.817212	0.827525	0.722242	
0.875755	0.900032	0.907124	0.896678	0.840814	0.817369	0.829838	0.722108	
0.849947	0.879896	0.883321	0.865316	0.8233	0.800934	0.811631	0.712064	
0.875682	0.900218	0.907123	0.896529	0.841081	0.817363	0.830004	0.722035	
0.87575	0.9003	0.907372	0.896816	0.841055	0.817682	0.829885	0.722144	
0.875786	0.900378	0.907383	0.896802	0.841192	0.817714	0.830034	0.722181	
0.87571	0.900928	0.907804	0.89715	0.841754	0.818555	0.830206	0.722522	
0.626749	0.690612	0.714022	0.628913	0.681065	0.628939	0.642901	0.643458	
0.872568	0.898839	0.905869	0.893605	0.840814	0.815844	0.827947	0.722238	
0.875726	0.901011	0.907835	0.897094	0.841891	0.818547	0.830346	0.722614	
0.871934	0.896447	0.903775	0.891567	0.837232	0.814784	0.825962	0.722909	
0.875755	0.901016	0.907909	0.897192	0.84184	0.818618	0.830349	0.722882	
0.866949	0.898155	0.901511	0.88911	0.83727	0.816555	0.82876	0.721606	
0.875673	0.90115	0.908063	0.897212	0.841935	0.818664	0.830521	0.722931	
0.868149	0.895668	0.899958	0.885927	0.834459	0.816073	0.827588	0.723865	
0.87582	0.901147	0.908032	0.897224	0.841822	0.818695	0.830571	0.723409	
0.875656	0.901317	0.908299	0.897282	0.841885	0.818705	0.83072	0.723378	
0.875825	0.901284	0.908252	0.897332	0.841823	0.818756	0.830759	0.723715	
0.871968	0.900928	0.907059	0.894642	0.840446	0.817955	0.830643	0.723651	
0.875679	0.901438	0.90847	0.897362	0.84184	0.818775	0.830908	0.723817	
0.855535	0.886729	0.884853	0.869373	0.824388	0.811843	0.822091	0.721251	
0.875899	0.901257	0.908305	0.897245	0.841555	0.818807	0.830896	0.724418	
0.875719	0.901525	0.908646	0.897434	0.841783	0.818857	0.831062	0.724256	
0.875875	0.901512	0.90867	0.897504	0.841733	0.818885	0.831078	0.724475	
0.875928	0.901748	0.90917	0.897691	0.841679	0.819112	0.831364	0.725379	
0.75958	0.814486	0.775609	0.734961	0.754493	0.783186	0.781797	0.698829	
0.875069	0.900373	0.907468	0.895066	0.840046	0.81907	0.830867	0.726523	
0.876054	0.901704	0.909198	0.897731	0.841581	0.819175	0.831377	0.725643	
0.870923	0.899574	0.904807	0.890366	0.839052	0.818408	0.830572	0.724197	
0.875987	0.901812	0.909317	0.897724	0.841717	0.819231	0.831476	0.725663	
0.870594	0.898603	0.903156	0.89102	0.836275	0.818073	0.828885	0.726506	
0.876101	0.901776	0.909388	0.897804	0.841663	0.819345	0.831456	0.725945	
0.870673	0.900193	0.905833	0.893294	0.839134	0.818136	0.830837	0.724415	
0.876045	0.901882	0.909584	0.897749	0.84183	0.819414	0.831618	0.725982	
0.866014	0.896714	0.902174	0.889217	0.833597	0.815685	0.825502	0.726179	
0.876139	0.901852	0.909691	0.897822	0.841817	0.819552	0.831575	0.726299	
0.876117	0.901964	0.909836	0.897792	0.841975	0.819602	0.831746	0.7263	
0.871129	0.898347	0.907256	0.893046	0.837794	0.817545	0.827738	0.727066	
0.87618	0.901957	0.909965	0.897823	0.841958	0.819721	0.831715	0.726597	
0.862557	0.89253	0.901335	0.885174	0.835203	0.814218	0.82566	0.721568	
0.8762	0.902075	0.910027	0.897763	0.842125	0.819739	0.831909	0.726596	
0.876258	0.90207	0.910176	0.897818	0.842037	0.81986	0.831836	0.726926	
0.876324	0.902156	0.910211	0.897829	0.842171	0.819897	0.831987	0.726916	
0.875788	0.901931	0.910284	0.897348	0.841732	0.819947	0.831622	0.728227	
0.876355	0.902196	0.910399	0.897817	0.842126	0.820039	0.831981	0.727501	
0.605766	0.675485	0.6699	0.619916	0.665787	0.690156	0.67637	0.623189	
0.872995	0.900643	0.908356	0.894596	0.840931	0.819	0.831133	0.725656	
0.876503	0.902332	0.910513	0.89784	0.842278	0.820137	0.832186	0.727381	
0.876662	0.902556	0.910846	0.897793	0.842436	0.820489	0.832466	0.72776	
0.835475	0.850226	0.869887	0.836633	0.816259	0.806195	0.801827	0.710423	
0.876527	0.90214	0.910434	0.897477	0.842131	0.820479	0.832148	0.728209	
0.876738	0.902597	0.910842	0.897864	0.842411	0.820525	0.832449	0.727941	
0.873143	0.902294	0.905785	0.89414	0.841661	0.819761	0.831481	0.726486	
0.876732	0.90278	0.910968	0.897799	0.842521	0.820591	0.832581	0.727878	
0.859338	0.893496	0.888285	0.882723	0.832003	0.814539	0.822022	0.726525	
0.876786	0.902689	0.910858	0.897917	0.842457	0.820668	0.832523	0.728317	
0.876797	0.902961	0.911053	0.897913	0.842638	0.820727	0.832715	0.728089	
0.876867	0.902939	0.911086	0.897988	0.842635	0.820781	0.832713	0.728263	
0.877033	0.903464	0.911342	0.89825	0.842974	0.821212	0.83309	0.72876	
0.467996	0.662424	0.564573	0.535654	0.558408	0.583778	0.566968	0.585279	
0.867419	0.898682	0.901087	0.890361	0.837228	0.819036	0.828578	0.728923	
0.877123	0.903382	0.911345	0.898371	0.842917	0.821311	0.833072	0.729009	
0.877134	0.90348	0.911418	0.898374	0.842996	0.821357	0.83317	0.728957	
0.876542	0.903188	0.910688	0.898144	0.842409	0.821602	0.832998	0.729978	
0.877185	0.903461	0.911435	0.898488	0.842924	0.821526	0.833197	0.729345	
0.655374	0.75944	0.683649	0.651906	0.704474	0.741534	0.743385	0.670092	
0.874363	0.902707	0.909735	0.895762	0.842096	0.820984	0.832982	0.728323	
0.877239	0.903565	0.911588	0.898504	0.843057	0.821584	0.833328	0.729264	
0.877402	0.903668	0.911812	0.898571	0.843096	0.82184	0.833619	0.729597	
0.8707	0.896105	0.904806	0.889503	0.836856	0.818735	0.831376	0.729859	
0.877562	0.903688	0.911861	0.898552	0.842981	0.821922	0.833801	0.729883	
0.641785	0.666999	0.67594	0.602888	0.706382	0.738861	0.719408	0.656754	
0.87424	0.902081	0.90998	0.894638	0.842185	0.821597	0.833322	0.728873	
0.877559	0.903805	0.91201	0.898533	0.843103	0.822012	0.833926	0.729842	
0.877725	0.903936	0.912066	0.898658	0.843092	0.822283	0.834277	0.730003	
0.756928	0.745726	0.808657	0.740557	0.794893	0.694008	0.695981	0.661611	
0.876258	0.903313	0.91216	0.896585	0.842837	0.821679	0.833394	0.728791	
0.877708	0.904025	0.912267	0.898591	0.843127	0.822397	0.834367	0.72991	
0.877105	0.903759	0.911312	0.898306	0.842502	0.822014	0.833953	0.730368	
0.877766	0.904108	0.91226	0.898687	0.843091	0.822412	0.83436	0.730067	
0.863995	0.897141	0.902642	0.882919	0.836758	0.819102	0.829345	0.724429	
0.877667	0.904258	0.912457	0.898559	0.843193	0.822537	0.83448	0.729918	
0.877833	0.904295	0.91237	0.898777	0.843087	0.822528	0.834468	0.730165	
0.877813	0.904386	0.912474	0.898756	0.843176	0.822605	0.834541	0.730117	
0.877709	0.90461	0.912258	0.89899	0.842797	0.822738	0.834547	0.730755	
0.869352	0.900197	0.908031	0.88808	0.838367	0.820438	0.831237	0.726113	
0.877933	0.904935	0.912714	0.899109	0.843268	0.82296	0.834774	0.730576	
0.877999	0.905302	0.912742	0.899109	0.84345	0.823321	0.835164	0.730787	
0.432066	0.505623	0.519099	0.505512	0.459305	0.426237	0.477164	0.530445	
0.861585	0.89756	0.897218	0.888085	0.833321	0.81483	0.826604	0.730098	
0.87804	0.905367	0.912817	0.899373	0.843353	0.823418	0.835138	0.731099	
0.878047	0.905437	0.912907	0.899346	0.843462	0.823473	0.835176	0.731072	
0.877683	0.905598	0.912664	0.899557	0.843361	0.82364	0.834962	0.731836	
0.867249	0.901815	0.907278	0.890685	0.839345	0.821672	0.832788	0.727349	
0.877993	0.905842	0.913183	0.899561	0.843756	0.823935	0.835269	0.73154	
0.878391	0.905859	0.913045	0.899484	0.843811	0.824379	0.8356	0.731363	
0.876082	0.904848	0.912889	0.896686	0.843457	0.823652	0.834297	0.730882	
0.878279	0.906121	0.913352	0.899489	0.844068	0.824543	0.835597	0.731422	
0.87384	0.904713	0.909907	0.897576	0.841287	0.823506	0.83375	0.732805	
0.878273	0.906155	0.91333	0.899589	0.843998	0.824589	0.835578	0.731706	
0.86974	0.903547	0.910587	0.894053	0.840175	0.824416	0.833986	0.729548	
0.878204	0.906272	0.913467	0.89952	0.844149	0.8247	0.83559	0.73162	
0.878289	0.906267	0.913427	0.899605	0.844039	0.824749	0.835585	0.731862	
0.878247	0.90636	0.913538	0.899562	0.844169	0.824833	0.835605	0.731783	
0.877226	0.905643	0.9125	0.898748	0.842553	0.825186	0.835132	0.733052	
0.878289	0.906377	0.913528	0.899607	0.844042	0.824958	0.835592	0.732106	
0.840443	0.873616	0.874772	0.855915	0.813469	0.819235	0.821072	0.719114	
0.877963	0.906432	0.913556	0.899277	0.844298	0.825124	0.835572	0.731758	
0.878269	0.906476	0.913638	0.899595	0.844222	0.825037	0.835622	0.732007	
0.878374	0.906672	0.9139	0.899618	0.844172	0.82542	0.835762	0.732674	
0.652347	0.596278	0.66691	0.546042	0.625696	0.763697	0.714293	0.652938	
0.874824	0.904365	0.911743	0.894133	0.842478	0.825503	0.834876	0.731602	
0.878316	0.906763	0.914013	0.899557	0.844339	0.825513	0.835827	0.732647	
0.878148	0.90684	0.914042	0.899624	0.844299	0.825719	0.83592	0.733179	
0.864138	0.898657	0.904486	0.882612	0.838623	0.823652	0.831904	0.729404	
0.878258	0.906987	0.914204	0.899653	0.844481	0.825871	0.836065	0.733111	
0.878526	0.906989	0.914078	0.899876	0.844339	0.826051	0.836263	0.733353	
0.742311	0.77169	0.697467	0.62782	0.693764	0.805649	0.795399	0.702015	
0.87655	0.906392	0.912479	0.896446	0.843523	0.826096	0.836267	0.733343	
0.878429	0.907068	0.914228	0.899842	0.844499	0.826092	0.836335	0.733406	
0.874802	0.906027	0.912374	0.898502	0.843596	0.82512	0.834968	0.734263	
0.878416	0.907104	0.91424	0.899916	0.844462	0.826147	0.836311	0.733605	
0.876387	0.906631	0.913097	0.89847	0.843939	0.826239	0.836306	0.733132	
0.878388	0.907158	0.914342	0.899891	0.844501	0.82628	0.836442	0.733611	
0.858474	0.898595	0.896399	0.883703	0.835046	0.813437	0.823255	0.730387	
0.878368	0.907212	0.914225	0.9	0.84438	0.826323	0.836299	0.734022	
0.878418	0.907245	0.914445	0.899998	0.844449	0.826473	0.836542	0.733875	
0.87844	0.907275	0.914438	0.900062	0.844426	0.826503	0.836542	0.734009	
0.878513	0.90751	0.914693	0.900244	0.84431	0.826974	0.836901	0.734495	
0.596836	0.758291	0.674195	0.647363	0.676645	0.634175	0.624996	0.613115	
0.873304	0.905362	0.909537	0.896176	0.841293	0.824022	0.833763	0.735151	
0.878589	0.907544	0.914631	0.900344	0.844249	0.826983	0.836875	0.734742	
0.878583	0.90756	0.914714	0.900361	0.844279	0.827053	0.836948	0.734708	
0.878417	0.90771	0.914131	0.900187	0.843742	0.827103	0.836733	0.735729	
0.878661	0.907681	0.914652	0.900475	0.844146	0.82715	0.836933	0.735142	
0.611808	0.724575	0.561126	0.521107	0.694277	0.661534	0.687741	0.628935	
0.874947	0.905956	0.910407	0.895632	0.843204	0.82552	0.835972	0.732857	
0.878727	0.907703	0.914791	0.900564	0.844275	0.827255	0.837063	0.734986	
0.878902	0.907823	0.914913	0.900695	0.844322	0.827456	0.837224	0.735117	
0.851199	0.892564	0.881123	0.87189	0.829105	0.817978	0.82393	0.731512	
0.878912	0.907785	0.914653	0.900586	0.843969	0.827474	0.837151	0.735544	
0.878981	0.907853	0.914912	0.900736	0.844229	0.827488	0.837231	0.73529	
0.875563	0.906131	0.911263	0.896272	0.843211	0.826555	0.836295	0.733333	
0.879027	0.907893	0.914985	0.900756	0.844325	0.827572	0.837326	0.735192	
0.871224	0.902	0.904826	0.89193	0.837528	0.822225	0.831068	0.735551	
0.879184	0.907936	0.914991	0.900814	0.844151	0.827599	0.837291	0.735504	
0.879201	0.908	0.915073	0.900861	0.844307	0.827707	0.837394	0.735337	
0.879291	0.908038	0.915107	0.900909	0.844229	0.827739	0.837392	0.735491	
0.879298	0.908196	0.915289	0.900917	0.844357	0.828105	0.837638	0.735402	
0.852345	0.886738	0.883779	0.872556	0.824397	0.804948	0.814308	0.730622	
0.879754	0.908436	0.915552	0.901374	0.844201	0.828284	0.837668	0.735996	
0.879761	0.908465	0.915583	0.901384	0.844235	0.828326	0.837702	0.735983	
0.879918	0.908748	0.915842	0.901627	0.844205	0.828666	0.837831	0.73639	
0.821279	0.886348	0.868689	0.84153	0.830351	0.797889	0.818034	0.72656	
0.879534	0.908716	0.915712	0.901317	0.844178	0.828731	0.838117	0.736368	
0.879964	0.908792	0.91592	0.901659	0.844231	0.828786	0.838003	0.736412	
0.774465	0.843057	0.767821	0.783015	0.777454	0.769431	0.776777	0.711622	
0.879345	0.908407	0.913961	0.900753	0.843137	0.828485	0.837361	0.737137	
0.880065	0.908849	0.915927	0.901765	0.844133	0.828833	0.837979	0.736615	
0.880161	0.909068	0.916164	0.901806	0.844224	0.82909	0.838111	0.736848	
0.840124	0.861798	0.850063	0.842416	0.803033	0.815815	0.812364	0.724356	
0.880108	0.90872	0.915323	0.90152	0.843383	0.82924	0.837953	0.737501	
0.880235	0.9091	0.9161	0.90188	0.844096	0.829161	0.838128	0.737054	
0.875039	0.906261	0.906387	0.894461	0.84252	0.827537	0.83697	0.7346	
0.880217	0.909099	0.916204	0.901881	0.84421	0.829192	0.838223	0.736949	
0.880274	0.909183	0.916126	0.901916	0.844096	0.829245	0.838199	0.737192	
0.880276	0.909179	0.916245	0.901945	0.844176	0.829269	0.838258	0.73712	
0.880365	0.909375	0.916	0.901997	0.843993	0.829547	0.838401	0.737735	
0.864257	0.900957	0.889054	0.883734	0.837254	0.825416	0.833955	0.731883	
0.880422	0.909428	0.916426	0.902139	0.844234	0.829568	0.838541	0.737557	
0.880448	0.909457	0.916417	0.902164	0.844218	0.829596	0.838542	0.737623	
0.880512	0.909629	0.916539	0.902323	0.844352	0.829839	0.838733	0.737853	
0.714596	0.820935	0.716798	0.738665	0.743931	0.784863	0.77395	0.699875	
0.879045	0.908891	0.912811	0.900354	0.84283	0.829796	0.838117	0.738463	
0.88057	0.909671	0.916496	0.902375	0.844297	0.829896	0.838739	0.737992	
0.879329	0.909327	0.915863	0.901707	0.844175	0.829931	0.839028	0.737707	
0.880558	0.909676	0.916575	0.902376	0.844365	0.82997	0.83887	0.737974	
0.867926	0.904013	0.902227	0.889063	0.834123	0.826546	0.83272	0.737362	
0.880645	0.909745	0.916465	0.9024	0.844178	0.830096	0.838794	0.73827	
0.88064	0.909736	0.916617	0.902436	0.844358	0.83013	0.838973	0.738155	
0.880704	0.909771	0.916603	0.902471	0.844305	0.830195	0.838969	0.738271	
0.880697	0.909814	0.916755	0.902487	0.844342	0.830549	0.839348	0.738559	
0.450756	0.565378	0.521037	0.484669	0.489587	0.533543	0.519181	0.50227	
0.871021	0.904321	0.906135	0.889561	0.835346	0.827434	0.833287	0.737418	
0.880918	0.909899	0.916759	0.902574	0.844217	0.83068	0.839294	0.738807	
0.880913	0.909908	0.916791	0.9026	0.84426	0.830705	0.839346	0.73881	
0.88101	0.910045	0.916805	0.902743	0.844108	0.831056	0.839452	0.739295	
0.64672	0.743813	0.5836	0.577156	0.678888	0.750172	0.728451	0.663991	
0.877383	0.908413	0.912971	0.898523	0.842988	0.830391	0.838881	0.73771	
0.88102	0.910057	0.916969	0.902753	0.844216	0.831097	0.83954	0.7392	
0.881159	0.910075	0.917054	0.902766	0.844137	0.831349	0.839851	0.739532	
0.798239	0.674729	0.757397	0.563118	0.787429	0.772112	0.695403	0.67385	
0.879849	0.908923	0.916206	0.897859	0.844015	0.831137	0.838521	0.738839	
0.881078	0.910191	0.917208	0.902883	0.844212	0.831403	0.839871	0.73952	
0.880859	0.91016	0.916719	0.902933	0.843733	0.831582	0.840026	0.74024	
0.881175	0.910233	0.917121	0.90296	0.844079	0.8315	0.839961	0.739846	
0.79852	0.847734	0.779888	0.803976	0.780199	0.80113	0.807713	0.712227	
0.88051	0.909777	0.91631	0.902042	0.844114	0.831246	0.840143	0.739471	
0.881206	0.910239	0.91724	0.90294	0.844222	0.831506	0.840073	0.739815	
0.881389	0.910301	0.917189	0.902965	0.844186	0.831571	0.840388	0.74025	
0.72076	0.643439	0.589731	0.562852	0.678376	0.716219	0.693733	0.635173	
0.879306	0.908009	0.912567	0.898318	0.843093	0.830144	0.839465	0.739154	
0.881383	0.910325	0.917296	0.903014	0.844306	0.83159	0.840498	0.740266	
0.881441	0.910433	0.917189	0.902995	0.844001	0.831747	0.840475	0.740758	
0.878312	0.908017	0.909974	0.89905	0.841144	0.830137	0.840018	0.738721	
0.881526	0.910509	0.917402	0.90301	0.844293	0.831743	0.840748	0.740696	
0.881574	0.910604	0.91746	0.903086	0.844321	0.831789	0.841065	0.740722	
0.855712	0.890347	0.838592	0.855588	0.833179	0.790651	0.802849	0.729466	
0.881189	0.910585	0.916915	0.903024	0.844371	0.831541	0.841075	0.741265	
0.881498	0.910646	0.91748	0.903189	0.844376	0.83182	0.84117	0.74097	
0.871564	0.906142	0.890852	0.895509	0.835258	0.830985	0.838214	0.740713	
0.881526	0.910733	0.917445	0.903169	0.844195	0.831937	0.841141	0.74117	
0.881495	0.910729	0.917511	0.903256	0.844375	0.831971	0.841287	0.741032	
0.881545	0.91078	0.917606	0.903274	0.84431	0.831988	0.841285	0.741191	
0.881436	0.910969	0.917751	0.903472	0.844301	0.832278	0.84155	0.741583	
0.743763	0.848717	0.801642	0.859517	0.768887	0.821646	0.819492	0.728649	
0.880092	0.910588	0.916526	0.903149	0.842931	0.832464	0.841409	0.742405	
0.881461	0.911014	0.917765	0.9035	0.844183	0.832337	0.841565	0.741772	
0.871426	0.907733	0.915167	0.900809	0.841538	0.832044	0.841139	0.739531	
0.881448	0.911032	0.917839	0.903503	0.844292	0.832409	0.841688	0.741656	
0.881464	0.911088	0.917812	0.903543	0.844154	0.832458	0.841669	0.741931	
0.881489	0.911105	0.917892	0.903552	0.84426	0.832507	0.841759	0.74182	
0.879982	0.910794	0.916824	0.903334	0.843123	0.832815	0.841549	0.742799	
0.881494	0.911162	0.917858	0.903604	0.844141	0.832609	0.841773	0.742082	
0.845662	0.895804	0.903149	0.88625	0.829483	0.8275	0.83382	0.732256	
0.88141	0.91115	0.917996	0.903455	0.844271	0.832693	0.84194	0.74173	
0.881566	0.911198	0.917961	0.903583	0.844241	0.832662	0.841871	0.741949	
0.881404	0.911379	0.917869	0.903716	0.843918	0.83294	0.841928	0.742602	
0.867216	0.902625	0.912305	0.893906	0.838555	0.829568	0.837489	0.736515	
0.881757	0.911554	0.918142	0.903745	0.844225	0.833081	0.842142	0.742404	
0.881613	0.911742	0.918335	0.903763	0.844246	0.833345	0.842326	0.74254	
0.404493	0.553095	0.557441	0.488924	0.513605	0.585656	0.548595	0.497115	
0.868535	0.903432	0.911047	0.89573	0.835894	0.830005	0.837473	0.741598	
0.881758	0.911866	0.918318	0.903938	0.844115	0.833365	0.842332	0.742808	
0.881755	0.911896	0.918346	0.903931	0.844169	0.83337	0.842369	0.742822	
0.881652	0.912114	0.918281	0.904053	0.844035	0.833448	0.842478	0.743398	
0.642313	0.681404	0.725729	0.64951	0.692403	0.749129	0.7095	0.641753	
0.878391	0.910005	0.916941	0.901285	0.843197	0.832542	0.841712	0.741902	
0.881764	0.912137	0.918425	0.904068	0.844188	0.833451	0.84257	0.743333	
0.881846	0.912337	0.918491	0.904198	0.844184	0.83365	0.842755	0.743676	
0.84839	0.887096	0.890094	0.881799	0.832456	0.809631	0.815558	0.732242	
0.881647	0.912062	0.918092	0.904299	0.844111	0.833407	0.842789	0.744232	
0.88186	0.912318	0.918421	0.9043	0.844186	0.833623	0.842847	0.743919	
0.878702	0.910971	0.916138	0.900979	0.84352	0.833501	0.841518	0.742552	
0.881848	0.912431	0.918484	0.904274	0.844281	0.833748	0.842938	0.743898	
0.825216	0.884095	0.872299	0.857215	0.81224	0.8254	0.82393	0.735767	
0.881488	0.912517	0.918129	0.904073	0.843735	0.83389	0.842824	0.744267	
0.881873	0.912529	0.918491	0.904339	0.844187	0.833813	0.842948	0.74404	
0.882	0.912355	0.918244	0.904481	0.844293	0.833798	0.843326	0.744434	
0.876663	0.910155	0.914468	0.902145	0.839719	0.831878	0.838316	0.743378	
0.881993	0.912664	0.918428	0.904608	0.844176	0.834053	0.843366	0.744613	
0.881599	0.91239	0.918516	0.90457	0.844166	0.833909	0.842935	0.744488	
0.882004	0.912712	0.918567	0.904739	0.84422	0.834067	0.843355	0.744632	
0.876917	0.910183	0.912841	0.900931	0.840082	0.834043	0.842111	0.745104	
0.88202	0.912788	0.918499	0.904812	0.844076	0.834174	0.84343	0.744825	
0.857674	0.888691	0.873768	0.876392	0.819874	0.820177	0.829296	0.731717	
0.882029	0.912583	0.918277	0.904627	0.84431	0.834168	0.843572	0.744509	
0.882087	0.91278	0.918537	0.904812	0.844223	0.83421	0.84352	0.744746	
0.88216	0.912953	0.918611	0.905098	0.844132	0.834381	0.843727	0.745066	
0.84871	0.858747	0.778079	0.858799	0.76239	0.756069	0.778674	0.705606	
0.882147	0.912315	0.91714	0.904844	0.843647	0.833785	0.843593	0.74494	
0.882218	0.912933	0.918607	0.905123	0.84419	0.834419	0.843843	0.745121	
0.879411	0.910851	0.910923	0.89938	0.839782	0.834184	0.841432	0.744446	
0.882276	0.912986	0.918622	0.905134	0.8441	0.834524	0.843781	0.745235	
0.882291	0.912969	0.918612	0.905163	0.844181	0.834527	0.843899	0.745225	
0.882321	0.913011	0.918658	0.905176	0.844142	0.834586	0.843869	0.745282	
0.88241	0.913042	0.918471	0.905192	0.844201	0.834925	0.84411	0.745407	
0.878771	0.908895	0.907601	0.899211	0.838843	0.833007	0.839414	0.744001	
0.882494	0.913142	0.918728	0.905225	0.844173	0.834991	0.844097	0.745534	
0.882569	0.913338	0.918717	0.90534	0.844243	0.835179	0.844373	0.745671	
0.76247	0.868301	0.849004	0.838273	0.800537	0.808573	0.797392	0.714074	
0.881585	0.913124	0.918353	0.904561	0.843624	0.835564	0.84375	0.746224	
0.882598	0.913393	0.918816	0.905354	0.844177	0.835351	0.844318	0.745897	
0.872642	0.907278	0.898881	0.892732	0.838429	0.831923	0.837911	0.740946	
0.882586	0.913385	0.918682	0.905353	0.844311	0.835417	0.844476	0.745745	
0.882621	0.913471	0.918826	0.905355	0.844164	0.835517	0.844369	0.74603	
0.882652	0.913479	0.918864	0.905422	0.844257	0.835545	0.844463	0.745954	
0.882616	0.913636	0.91888	0.905545	0.844166	0.835905	0.844509	0.746241	
0.55883	0.659777	0.470137	0.473563	0.574485	0.687302	0.648408	0.60266	
0.877023	0.910038	0.907669	0.899195	0.841465	0.833734	0.842117	0.74256	
0.882712	0.913647	0.918892	0.905619	0.844322	0.835915	0.844636	0.746062	
0.882707	0.913676	0.918924	0.905633	0.844288	0.835954	0.844625	0.746144	
0.882732	0.913845	0.918871	0.905821	0.844364	0.836288	0.844799	0.746113	
0.717932	0.752146	0.677107	0.74918	0.704325	0.719543	0.717092	0.688069	
0.880953	0.912563	0.914104	0.904064	0.841842	0.835567	0.842781	0.74683	
0.882769	0.913899	0.918889	0.905908	0.844287	0.836342	0.844734	0.746262	
0.882893	0.914022	0.918745	0.906124	0.844285	0.836647	0.844824	0.746483	
0.821268	0.838596	0.697047	0.807105	0.759207	0.72787	0.74008	0.719822	
0.882282	0.913777	0.915281	0.905123	0.842878	0.835727	0.843588	0.747182	
0.8829	0.914099	0.918805	0.906179	0.844212	0.836681	0.844813	0.746632	
0.88244	0.913703	0.918778	0.905526	0.844269	0.836704	0.845132	0.746209	
0.882974	0.914128	0.918905	0.906123	0.84428	0.83671	0.844935	0.746556	
0.875721	0.908448	0.9072	0.898215	0.83639	0.830492	0.836795	0.746352	
0.883	0.914254	0.918864	0.906129	0.844103	0.836758	0.844853	0.746834	
0.883046	0.914214	0.918956	0.906124	0.844265	0.836826	0.845031	0.746713	
0.883072	0.914284	0.918973	0.906151	0.844213	0.836853	0.845021	0.746838	
0.883007	0.914344	0.919121	0.905937	0.844304	0.837123	0.845455	0.746977	
0.435986	0.51598	0.513067	0.541767	0.454853	0.46126	0.518077	0.502717	
0.871244	0.906341	0.909457	0.895092	0.834223	0.831546	0.837957	0.745499	
0.883174	0.914509	0.91921	0.906097	0.844228	0.837166	0.845382	0.747227	
0.883162	0.914526	0.919223	0.906113	0.844284	0.837195	0.845426	0.747235	
0.883063	0.914725	0.91929	0.906229	0.844361	0.837368	0.845517	0.747727	
0.666117	0.756271	0.693964	0.655934	0.714218	0.727508	0.729689	0.67711	
0.880416	0.912787	0.917314	0.902726	0.843433	0.835903	0.845186	0.746291	
0.883162	0.914763	0.919387	0.906163	0.844431	0.83739	0.845664	0.747639	
0.883229	0.914836	0.919653	0.906022	0.844334	0.837567	0.846013	0.747947	
0.647607	0.445113	0.580674	0.414994	0.656483	0.579482	0.54729	0.591321	
0.880185	0.908249	0.916282	0.896527	0.843365	0.834526	0.841053	0.746232	
0.883205	0.914987	0.91972	0.906112	0.844573	0.837635	0.845977	0.747982	
0.883149	0.915023	0.919536	0.906361	0.844794	0.837594	0.845824	0.748428	
0.882538	0.914548	0.91948	0.90457	0.844313	0.83605	0.845024	0.746263	
0.883299	0.915094	0.919727	0.906367	0.844786	0.837888	0.846125	0.748234	
0.882911	0.914892	0.919635	0.906432	0.844694	0.83734	0.845874	0.748595	
0.883284	0.915118	0.919756	0.90653	0.844792	0.837841	0.846142	0.748411	
0.868528	0.896021	0.906972	0.885117	0.837626	0.823002	0.827632	0.736001	
0.883339	0.915023	0.919853	0.906291	0.844981	0.837868	0.846195	0.748274	
0.88335	0.915121	0.919835	0.906478	0.8449	0.837893	0.846219	0.748383	
0.878563	0.913525	0.912653	0.904364	0.842166	0.837722	0.844274	0.748589	
0.883381	0.915119	0.919749	0.906601	0.844861	0.837957	0.846199	0.748539	
0.883366	0.915121	0.919849	0.906553	0.844961	0.837915	0.846331	0.748504	
0.883425	0.915126	0.91982	0.906662	0.844935	0.83797	0.846281	0.748625	
0.883431	0.91513	0.919866	0.906665	0.844975	0.837963	0.846333	0.748634	
0.883513	0.915112	0.919692	0.906975	0.845006	0.838083	0.846462	0.749148	
0.340851	0.309633	0.252539	0.255666	0.374044	0.603752	0.477961	0.450141	
0.852681	0.903391	0.85991	0.875067	0.828301	0.832603	0.8412	0.742083	
0.883499	0.915107	0.919869	0.90688	0.845159	0.837955	0.8467	0.749024	
0.8836	0.915149	0.919978	0.907053	0.845161	0.838044	0.84664	0.749149	
0.883634	0.915231	0.920058	0.90725	0.845278	0.838111	0.846838	0.749296	
0.849987	0.904133	0.836028	0.868872	0.821367	0.83188	0.837562	0.744688	
0.883432	0.915341	0.919248	0.907085	0.844977	0.838297	0.846752	0.749509	
0.88365	0.915287	0.920052	0.907299	0.845246	0.838178	0.846834	0.749367	
0.878899	0.912844	0.91366	0.898468	0.843549	0.836084	0.845956	0.748127	
0.883651	0.915283	0.920125	0.907278	0.845356	0.838132	0.846979	0.749348	
0.88369	0.915347	0.920096	0.907382	0.845275	0.838216	0.846952	0.749432	
0.883709	0.915346	0.920165	0.907396	0.845371	0.838192	0.847052	0.749419	
0.883222	0.915295	0.91947	0.906797	0.84481	0.838218	0.846866	0.7497	
0.883736	0.915413	0.92015	0.907474	0.845329	0.838258	0.847078	0.749519	
0.861767	0.899837	0.90277	0.860246	0.831746	0.824336	0.835664	0.742825	
0.883661	0.915232	0.920208	0.907261	0.845476	0.838139	0.847246	0.749383	
0.883768	0.915383	0.920217	0.907518	0.845421	0.838251	0.847174	0.749484	
0.883825	0.915422	0.920347	0.907707	0.845346	0.838558	0.847287	0.749659	
0.556411	0.445771	0.531688	0.364539	0.520848	0.534877	0.567405	0.574106	
0.877581	0.908971	0.914039	0.893339	0.84146	0.832888	0.844011	0.746927	
0.883898	0.915414	0.920494	0.90785	0.845537	0.838544	0.847428	0.749615	
0.883921	0.915486	0.920529	0.907832	0.845537	0.838817	0.847498	0.749875	
0.834853	0.880336	0.793668	0.808066	0.817302	0.813201	0.830829	0.733619	
0.883435	0.915018	0.919582	0.907176	0.845577	0.838506	0.847614	0.749533	
0.883923	0.915456	0.920612	0.907888	0.845591	0.838805	0.847547	0.749839	
0.883612	0.91514	0.920144	0.907516	0.845036	0.838998	0.847256	0.749806	
