0.002204
0.002230
0.002506
0.008554
0.083471
0.004963
0.022744
0.079402
0.065144
0.140847
0.053989
0.106694
0.175740
0.068031
0.196855
0.186808
0.247321
0.067868
0.245308
0.264297
0.072354
0.272422
0.272286
0.301670
0.343927
0.027703
0.040255
0.151189
0.356693
0.378029
0.330187
0.387982
0.061084
0.327976
0.397098
0.403709
0.432515
0.081609
0.380531
0.459591
0.464903
0.400937
0.491900
0.133588
0.487361
0.497304
0.496868
0.506193
0.059347
0.355697
0.512924
0.516352
0.516007
0.526301
0.058960
0.339411
0.528421
0.535828
0.555066
0.027222
0.340541
0.558415
0.562734
0.565089
0.586362
0.072795
0.461495
0.589866
0.593363
0.596334
0.598183
0.242135
0.615800
0.621117
0.622415
0.632808
0.099263
0.574780
0.634568
0.636262
0.637736
0.628926
0.640872
0.193058
0.632399
0.643564
0.651174
0.446825
0.657047
0.661460
0.665412
0.504547
0.670081
0.671276
0.677506
0.197153
0.636492
0.678951
0.680125
0.675436
0.682608
0.137456
0.651823
0.684767
0.691226
0.048592
0.349977
0.692595
0.694994
0.695572
0.701223
0.359804
0.698125
0.702722
0.361066
0.701985
0.704131
0.705536
0.541935
0.713002
0.713801
0.717722
0.060445
0.627018
0.719580
0.720304
0.723209
0.610026
0.725821
0.726417
0.730706
0.596416
0.733065
0.633567
0.735473
0.736030
0.736748
0.641787
0.740187
0.740604
0.742999
0.378213
0.736010
0.743817
0.678808
0.744340
0.744870
0.745393
0.744904
0.746288
0.317419
0.739703
0.747077
0.749732
0.565319
0.750023
0.734051
0.752152
0.754750
0.506125
0.752874
0.755640
0.609731
0.755726
0.756149
0.757646
0.759158
0.054707
0.579480
0.760306
0.760862
0.762548
0.276924
0.745812
0.763143
0.765206
0.314779
0.752029
0.765932
0.766157
0.713827
0.768917
0.769167
0.770696
0.286657
0.761862
0.771174
0.768534
0.771868
0.471054
0.770510
0.772527
0.774763
0.224065
0.764520
0.775353
0.773711
0.776157
0.335382
0.771152
0.776813
0.776928
0.730884
0.779409
0.779685
0.773923
0.781297
0.770700
0.781720
0.753427
0.782076
0.782423
0.782761
0.779364
0.783276
0.580627
0.781738
0.783728
0.785627
0.549908
0.782534
0.786046
0.762001
0.786406
0.779430
0.786968
0.569892
0.786561
0.787551
0.789504
0.168299
0.765146
0.789961
0.788526
0.790351
0.710493
0.790517
0.791027
0.791318
0.792599
0.156562
0.762622
0.793053
0.793917
0.762849
0.794645
0.793526
0.794956
0.753239
0.795224
0.795497
0.795836
0.795801
0.796353
0.459679
0.793455
0.796769
0.798258
0.365398
0.791122
0.798604
0.787066
0.798850
0.788184
0.799212
0.752300
0.799572
0.799970
0.800247
0.800153
0.800963
0.374619
0.784541
0.801501
0.802778
0.335421
0.779201
0.803177
0.803996
0.350624
0.785160
0.804414
0.803838
0.804677
0.751557
0.804678
0.805021
0.805289
0.806018
0.511389
0.798833
0.806264
0.805953
0.806631
0.688023
0.806003
0.806954
0.801189
0.807216
0.792416
0.807530
0.752962
0.807802
0.808167
0.808381
0.809831
0.115671
0.759316
0.810060
0.810296
0.810947
0.771754
0.811554
0.811645
0.812553
0.738071
0.812213
0.812824
0.633325
0.811479
0.813027
0.813249
0.788274
0.814035
0.814284
0.807797
0.814766
0.814707
0.815041
0.681796
0.814081
0.815228
0.815740
0.795078
0.816244
0.816701
0.811165
0.817052
0.807783
0.817199
0.814533
0.817395
0.736491
0.817326
0.817606
0.818326
0.164263
0.778366
0.818674
0.818773
0.819320
0.648984
0.817552
0.819462
0.815151
0.819634
0.787182
0.819763
0.819996
0.820125
0.820969
0.298480
0.792858
0.821139
0.821268
0.821781
0.176107
0.782253
0.822056
0.822169
0.822702
0.650779
0.820616
0.822840
0.821554
0.823027
0.770966
0.823011
0.823205
0.823684
0.797753
0.824151
0.824541
0.381504
0.811504
0.824810
0.823513
0.824953
0.810882
0.825066
0.825189
0.825287
0.825094
0.825496
0.680158
0.824246
0.825670
0.826232
0.407034
0.811832
0.826491
0.826467
0.826669
0.773771
0.826430
0.826804
0.826171
0.826964
0.798170
0.827067
0.827203
0.827412
0.827190
0.827596
0.741491
0.827191
0.827753
0.828270
0.800508
0.828726
0.828633
0.828942
0.674495
0.827619
0.829106
0.828588
0.829286
0.752055
0.828791
0.829430
0.829746
0.811297
0.830126
0.830174
0.830604
0.665114
0.829201
0.830701
0.828463
0.830839
0.830791
0.830970
0.831427
0.174452
0.796269
0.831679
0.831786
0.832211
0.423785
0.821800
0.832389
0.832346
0.832567
0.771266
0.832282
0.832696
0.832738
0.823585
0.833271
0.833551
0.346599
0.822494
0.833700
0.833987
0.826563
0.834179
0.834318
0.831826
0.834613
0.831888
0.834711
0.828756
0.834815
0.827545
0.834929
0.815615
0.835014
0.835139
0.835240
0.835652
0.176552
0.797128
0.835792
0.835911
0.836181
0.598596
0.832054
0.836286
0.836601
0.716917
0.834960
0.836713
0.834957
0.836798
0.828788
0.836895
0.836986
0.837077
0.834359
0.837177
0.826831
0.837269
0.837362
0.837461
0.837046
0.837601
0.723968
0.836768
0.837717
0.838133
0.831923
0.838396
0.825453
0.838586
0.838107
0.838693
0.786029
0.838506
0.838773
0.839131
0.464141
0.832632
0.839250
0.839210
0.839372
0.784165
0.839171
0.839458
0.839179
0.839572
0.791232
0.839497
0.839681
0.839472
0.839844
0.727485
0.839274
0.839982
0.840284
0.823193
0.840517
0.840724
0.526276
0.835025
0.840847
0.840247
0.840926
0.830159
0.841000
0.841083
0.841148
0.841134
0.841295
0.653508
0.839587
0.841407
0.841755
0.676072
0.840326
0.841830
0.839292
0.841898
0.838714
0.841998
0.826858
0.842086
0.842202
0.842275
0.842679
0.233579
0.794547
0.842774
0.842949
0.843212
0.583751
0.840040
0.843286
0.843559
0.608010
0.840131
0.843664
0.843692
0.835541
0.844043
0.843963
0.844152
0.833640
0.844225
0.844138
0.844318
0.844409
0.835224
0.844680
0.844871
0.647432
0.842695
0.845006
0.843660
0.845099
0.821398
0.845102
0.845220
0.845310
0.845572
0.564539
0.841435
0.845636
0.845760
0.837473
0.845978
0.846080
0.844326
0.846240
0.844694
0.846296
0.838014
0.846334
0.846395
0.846441
0.846715
0.566939
0.838790
0.846791
0.846829
0.847095
0.586504
0.843561
0.847169
0.847428
0.553572
0.843662
0.847515
0.847651
0.840820
0.847781
0.847850
0.847119
0.847988
0.845615
0.848040
0.847697
0.848126
0.805898
0.848012
0.848212
0.848521
0.773300
0.847838
0.848584
0.845250
0.848638
0.846449
0.848715
0.828301
0.848755
0.848875
0.848934
0.849329
0.657082
0.847216
0.849383
0.845576
0.849445
0.844989
0.849519
0.843961
0.849590
0.849655
0.849719
0.848411
0.849786
0.834508
0.849798
0.849910
0.849966
0.850259
0.762868
0.849310
0.850308
0.847237
0.850366
0.846639
0.850435
0.847814
0.850513
0.844385
0.850593
0.850666
0.847490
0.850740
0.842281
0.850804
0.850873
0.850937
0.850860
0.851052
0.653321
0.849164
0.851146
0.851376
0.815866
0.851193
0.851421
0.849344
0.851481
0.839866
0.851527
0.851611
0.851659
0.852016
0.565635
0.846414
0.852066
0.852110
0.851944
0.852195
0.701232
0.850869
0.852266
0.852451
0.847243
0.852531
0.676127
0.850865
0.852599
0.852755
0.737295
0.851877
0.852799
0.852415
0.852844
0.844542
0.852884
0.852940
0.852984
0.853051
0.847727
0.853284
0.853484
0.481931
0.843663
0.853575
0.853615
0.853663
0.848523
0.853885
0.853991
0.852849
0.854109
0.852173
0.854152
0.850756
0.854190
0.854228
0.854262
0.853755
0.854312
0.827204
0.854248
0.854358
0.854574
0.652275
0.852441
0.854622
0.854721
0.846685
0.854829
0.854934
0.729514
0.853887
0.854987
0.853706
0.855025
0.854275
0.855077
0.842412
0.855104
0.855181
0.855212
0.855455
0.653202
0.852326
0.855495
0.855526
0.855469
0.855605
0.636388
0.853062
0.855671
0.855806
0.837412
0.855759
0.855840
0.853578
0.855884
0.849544
0.855934
0.855985
0.856025
0.856150
0.833712
0.856408
0.856430
0.856653
0.823835
0.856584
0.856721
0.775455
0.856073
0.856771
0.856934
0.818746
0.856719
0.856969
0.852972
0.856997
0.857029
0.857059
0.857177
0.845814
0.857289
0.857308
0.857472
0.749202
0.856288
0.857504
0.857133
0.857546
0.849248
0.857574
0.857631
0.857661
0.857819
0.508303
0.850565
0.857893
0.857917
0.858064
0.671599
0.855908
0.858106
0.858240
0.715285
0.856919
0.858296
0.858282
0.858359
0.791423
0.857952
0.858405
0.858530
0.655035
0.856257
0.858585
0.858630
0.855672
0.858741
0.858828
0.824548
0.858745
0.858894
0.851155
0.858915
0.858957
0.858997
0.859167
0.799039
0.858696
0.859200
0.856173
0.859233
0.859265
0.859298
0.858902
0.859340
0.844240
0.859331
0.859379
0.859470
0.852273
0.859631
0.859739
0.518615
0.852964
0.859813
0.859832
0.859933
0.686468
0.858247
0.859992
0.860142
0.837158
0.860080
0.860184
0.858485
0.860238
0.829520
0.860115
0.860278
0.860366
0.857090
0.860488
0.860322
0.860537
0.857776
0.860578
0.837199
0.860509
0.860614
0.860766
0.793384
0.860301
0.860807
0.857551
0.860832
0.860858
0.860881
0.860970
0.856218
0.861048
0.861179
0.804828
0.860848
0.861238
0.852593
0.861244
0.861294
0.861329
0.861437
0.584395
0.856725
0.861476
0.861494
0.861604
0.715674
0.859838
0.861636
0.861753
0.763874
0.860730
0.861790
0.861595
0.861826
0.854952
0.861849
0.861897
0.861926
0.862033
0.492963
0.853920
0.862124
0.862145
0.862285
0.702601
0.860507
0.862325
0.862450
0.557870
0.858302
0.862524
0.862589
0.861598
0.862690
0.862547
0.862734
0.847612
0.862728
0.862772
0.860232
0.862801
0.862825
0.862856
0.862875
0.862999
0.383073
0.841905
0.863024
0.863097
0.863212
0.836815
0.863080
0.863239
0.859698
0.863269
0.863299
0.863331
0.863047
0.863370
0.844899
0.863326
0.863402
0.863519
0.511956
0.857402
0.863597
0.863687
0.813984
0.863305
0.863708
0.863439
