1
0.996487077418991
0.937114268566743
0.714791678411449
0.608817245980647
0.605242944911578
0.774415535117033
0.771059161645678
1
0.83796434718573
0.918050836958648
0.926692063565371
0.980279293985903
0.434838665299424
0.72000566957865
0
0.660316618359357
0.953745612963665
0.996018410650312
0.862007629482894
0.782728142554831
0.427806504762267
0.576032567722014
0
0.254289935376384
1
0.996631406555209
0.775331957954568
0.817609370546872
0.611801971194612
0.742715288423918
0
0.808114286336583
1
0.548190070887872
0.783049134555796
0.496573518028751
0.37787793494596
0.877034667570334
0.456458315861855
0.95539426921331
0.766021675109907
0.905513424907751
0.998861355503448
0.84079020316361
0.704666295305258
0.551825910718116
1
0.927350151631701
0.804774062140981
0.998025781643636
0.999999999420814
0.821376574624522
0.794520815246448
0.903937240914326
1
0.780992167609719
0.926459561310166
1
0.632890991200294
1
0.946024551206948
1
1
0.886821021088042
0.752274765106473
0.859037738273986
0.719510696652384
0.707492146969937
0.732473322218516
0.566946440403891
1
0.888455328339914
0.554553191454374
0.753172160689799
0.790932990886178
0.361421433828512
0.566228542976241
0.455565623124927
0.751267573055138
0.346889172131932
0.721068713480915
0.503220199764081
0.762572235140713
0.789467615273002
0.175747000133022
0.77723735641245
0.398342000923936
0.311453530002841
0.508278591488259
0.769762582787766
0.322410971327709
0.756410246660482
0.674391724012063
0.785792394464319
0.609972619585144
0.19451996162417
0.672762281173759
0.703171244637722
0.983532038231429
0.999995174961727
0.981928116812938
1
0.558846651528654
0.0255977808093838
0.627453029437209
0.714866184389694
0.95458693934433
0.999913033334692
1
1
0.816928272936788
0.287667915102923
0.544847707012433
0.956340573739291
0.742724916300808
0.991109995448627
1
0.952367491838921
0.957468768922382
0.992231920901098
1
1
0.969082372967664
0.809987901362739
0.550253709031281
0.579927268377812
0.760261035692318
1
1
1
0.62605652097226
0.432372797074689
0.411619140721668
0.394072806401774
0.8594424533621
0.94924420446135
0.826274569740814
0.730104468117095
0.665548699930011
0.200113144644635
0.447129305969326
0.618633429273847
0.461177709761724
0.998547932693502
0.499756270183463
0.685644057640767
0.666940608011634
0.934133551271481
0.909312447547019
0.534762814332762
0
0.178674610508257
0.339088495276143
0.619712031050476
0.757140640512137
0.9999830671938
0.999998379005911
0.248105438153677
0.659162266358307
0.184784331245664
0.15616604496221
0.883314901095707
0.674816456363186
0.81922683898205
1
0.799856570984943
1
0.651442085009141
0.727668119326631
1
0.535996368115781
0.669353579639838
1
0.519476821464206
1
1
1
1
0.892483877713189
0.47725593185458
0.872889968857893
0.191186330353507
1
1
0.869536420811035
1
0.72164962664085
0.759270723490371
0.101538954970824
0.182379681114112
1
0.472875717177529
0.628728438901463
0.715900776038229
0.47049433072843
0.999945318764943
0.922282813490545
0.465836243031725
0
0
0.489347343005811
0.318039379476403
0.649969265641002
0.992933316659554
0.949138470514759
0.632951832360686
0
0
0.12384076887728
0.747332569950625
0.505924087482584
0.904176034266026
1
0.967167758697246
0.741468986438969
0
0.560068337497381
0.63056251317775
0.927396291252466
0.929063156898471
1
0.852525838352964
1
0.768182845885315
0.712378040283878
0.786832620274048
0.566350300456629
0.454620891672962
0.704480761160727
0.300745920923073
1
1
1
1
0.662461698718231
0.915275095258573
0.564889764537157
0
1
1
0.913254552876422
1
0.98195935852672
0.822294276204717
0.711901115648414
0.751675679935034
0.605005498970505
1
0
0.436164556367545
0.249101993635729
1
0.999999998461611
0.696451209532186
0.502844976737684
0.978692076984665
0.0516151318822392
0.771763773203034
0.61756235573578
0.74595953661155
0.99989403125297
0.979708533801431
0.915761770027984
0.0723341244342833
0.741883951163593
0.608788015947351
0.822474815400688
0.584069419618788
0.830850997816411
0.854465736003755
1
0.519571776442743
0.776914762293915
0.785919638265006
0.699342851110023
0.849495442657956
0.722587285257972
0.397855826615317
1
1
0.680431554805012
1
0.977319455743129
0.925223403213531
1
0.725980247510516
0.891467535427162
1
0.922030212972175
1
1
0.908948956366244
1
1
0.838167510056449
1
0.617100654316384
0.525699019806313
0.886006529827367
0.665068444404939
0.922634814040486
0.999999999967573
0.618582766423264
1
0.710380596361705
0.815410868624721
0.89367638243603
0.846959072976374
0.999938687887732
0.999457287622244
0.536049998414757
0.878748645664092
0.865158538505716
0.919697777210108
0.781891351708742
0.632322805753811
0.888264743060369
0.661584947743625
0.765220808694992
0.207408640328837
0.669189191896698
0.927667423510089
1
0.715725750300911
0.796024117113822
0.586488693367518
1
0.972861761582679
0.706219605864796
0.690496449272032
0.569369052194535
0.654889994616149
0.851043039770917
0.579354760427183
1
1
0.740696329773518
0.367375825291822
0.762179959745005
0.516977761618024
0.487109772923226
0.748478545493015
1
1
0.855186093489932
0.707289899956309
0.796144412493129
0.559550652335672
0.963362973392614
1
1
1
0.99660094596061
0.796795120961297
0.895903204321353
0.630391146456965
0.92355199994636
1
0.865508827513007
0.999999991292433
0.604921465269574
0.574969969780923
0.684682916737277
0.599585673931212
1
1
0.783791980856375
0.245759660803561
0.82742636505118
0.627463400494755
0.778204455135346
0.848659742196864
1
1
0.808678392907384
0.823234239652573
0.817665020947356
0.650179867630411
0.772785961226995
0.530004729617336
0.913695419034633
0.999999965226879
0.869550457019036
1
1
0.670686092910914
0.821194759996751
0.815962524990519
0.832308871665361
0.779472036130676
0.548136595945698
1
1
0.881990771210769
0.985442586392663
0.918018331537943
0.771677328872809
0.422112850812423
0.685975326286365
1
0.927761482748064
1
0.550559184279231
0.74950022650754
0.697819865833225
0.889047088638925
0.872488731711687
0.569164063882853
0.861897041152766
0.924284125263712
0.500956508849931
0.333486904579478
0.649028807255982
0.722453841534659
0.600156599902104
0.547339850609117
0.847447960251457
0.138996105822655
0.615099583817112
0.840292172940559
0.959118420625
0.998276032982156
0.920028140222543
1
0.968725464796229
0.87407239413603
0.782274353226961
0.710950646643778
0.741631592948739
0.955914098072231
0.967119330147384
1
0.830092922692116
0.597433075879139
0.842766227326444
0.424062066346283
0.975095585593639
0.754892988996622
0.999999665674144
1
1
0.685990100433079
0.728365701662049
0.548606756733415
0.904258295022638
0.789650557492564
0.971715273069838
0.941965093200467
0.917427407795735
0.928035599206533
0.380532480873054
0.420880924569624
0.997493778206643
0.864259661339461
0.768596558105571
0.769746233105864
0.804105040581289
0.968323425102396
0.656284186497757
1
0.999999999908537
0.996323856394043
0.999859309473453
0.621250463231623
0.897867845819861
0.635867850978128
0.890966019783923
1
0.9999998954363
0.727023236164159
0.748949737051489
0.689500766424273
0.771125252184496
0.84903827933766
1
1
0.99999978444946
0.941167380924262
0.583015167339476
0.781667161349844
0.834235578273112
0.81417812370222
0.665883811542594
0.999999947064086
0.999999920524025
0.685399309102575
0.909207641886351
0.935164630482374
1
0.761365909044535
0.443622465653933
0.611085687872252
0.929871830729206
0.350700997836076
0.590338092081238
0.671354190676844
0.984857986396197
0.871925424938903
0.86682035332801
0.606721262313282
0.681205459176557
0.549911935572068
0.720785997731411
0.999999999481104
0.949827613906303
0.611444591391125
0.945295839997272
0.58217491403124
0.611542089321336
0.705753738408553
0.67672362792096
0.999999997233301
0.967741553055875
0.650443825468906
0.83700626709356
0.436084746766929
0.446497094750413
0.94482818965321
0.165105591364169
0.740726161020063
0.656908208372924
0.597759571130806
4.93168821821421e-09
0.80797717192344
0.844238825641864
0.852604290035906
0.632866252745788
0.77034412057262
0.644711188547218
0.612466245408069
0.834566917530311
0.557440648205161
0.735866521891088
0.65804142915345
0.541490023338925
0.443060255862395
0.787826281909013
0.55815499534412
0.813204522530579
0.994741222361854
1
0.890372404014609
0.841405787952622
1
0.999772391591912
0.640664494811017
0.977888266322776
0.98086771675463
1
0.873557907694806
0.82871149435731
0.823917322413415
0.826856278810705
0.80564204408028
0.650929419273404
0.830507586411737
1
0.6483626545084
0.999999999886671
0.999999892823946
0.671395457574897
0.475839161923821
1
0.668740432086809
0.904197893588048
0.74869231127427
0.860169220171938
0.726017382604667
0.788741639366936
0.840175386952684
1
0.730564466128786
0.935868052761444
0.619644895972865
0.789327399285056
0.999999999653578
0.961694603121612
0.999997252565804
1
0.999999999787203
1
0.370619684838908
0.93855000336684
0.961078275343798
1
0.67135587672074
1
0.906057542689602
0.90602596629801
0.665368419729029
0.655043809513491
0.984897831522027
0.999999740620145
0.962842103591774
0.940096247452172
0.371200706924464
0.631935038213723
0.808838745508178
0.909120672621437
0.814123198853588
0.470187164826401
0.407901949838952
0.559168649976985
0.562978455545349
0.463952570651545
0.602545277005747
0.616366894090557
0.711791631344764
0.280358582981694
0.50247292374553
0.399095046464412
0.674421039975786
0.909782404275081
0.522228438609415
0.603830952978466
0.762374640571543
0.959885836004944
0.689303690756621
0.67355796078409
0.920907749851758
0.502471873468474
0.435842032126133
0.538891551537471
0.731085625185869
0.994599849320517
0.636456748618056
0.587334440408071
0.750107963911143
0.550671858696274
0.739216780734477
0.552586081045763
0.522167482991366
0.947542006824219
0.367739954994501
0.833942499639241
0.999998816679508
0.302164633543576
0.726190666444185
0.980669465669577
0.84259968433798
0.512110663471288
0.526600803777919
0.673095498443127
1
0.225856512677768
0.729902538999444
0.78937311586309
0.502705575483596
0.869100919580684
0.690841261671943
1
1
0.876446919218324
0.453567127159173
0.423265939966092
0.548529918158817
0.9075107142691
0.542960977287555
1
1
0.971890093218226
0.882838491005107
0.723830264040019
0.885944667273871
0.562414370673969
1
1
1
0.972978309634614
0.739037844115343
0.999845219445415
0.914624842992417
0.924236592137562
1
1
0.995487789769805
1
0.66456934896405
1
0.699783521405446
1
1
1
0.930288737830277
1
0.600072523574027
0.999999992505884
0.957075122951549
1
1
0.77665932087956
0.508923633124285
1
0.153570944522753
0.949175074567869
0.883329568508427
0.545621158785122
0.88312965469254
0.761081011606577
0.864681660862504
0.875551235015218
2.29700860537797e-08
0.954708973113172
0.844455826305175
0.682707810441616
0.576649670969037
0.773643216471234
0.756395010143118
0.494545015318638
0.982586938505846
0.823559334885173
0.943441018021169
0.959215502971435
0.604479988491992
0.785373767662638
0.499610399113283
0.57540419347702
0.999999959299514
1
0.831415362449567
0.557117806899317
0.0226029481406559
0.325617354915392
0.836737500323274
0
1
0.903746150591403
0.673872011500859
0.786975040722562
0.663948177828952
0.890415360519141
0.748309833632531
0.40144303132726
1
0.537451089632984
0.252925808356765
0.645389999484081
0.572867867980593
0.769309678748898
0.838287839049271
0.908716964004817
0.916482601853248
0.601642314334205
0.945780508642302
0.270898707672263
0.736678478975691
0.83868479103543
0.846838955649239
0.445574483421901
0.640385067090041
0.909438679639318
0.542275823810949
0.663247016767987
1
0.762162490195568
0.652658396605648
0.529629836138021
0.592584547741633
0.429784960508514
0.896942121195105
1
1
0.931232674128204
0.74081549568587
0.742355849124
0.560633161123585
0.381808918762154
0.602990103961163
1
1
0.583959699789036
1
0.520014846490478
0.452359627321868
0.405140989298909
0.716933626895484
1
0.692609667224932
0.899528070705655
1
0.892258028187011
0.960564567384631
0.438607716472727
0.739885445865216
1
0.674459101426009
0.881452760799716
1
0.859915391630816
0.846510518708626
0.854320752098215
1
0.749505471477993
0.994698395149739
0.785444565213771
1
0.514578341633225
0.823504160925431
0.912142212504019
1
0.5703293867337
0.931322762127607
0.585457525707651
0.792265593221388
0.463437647114827
0.745807741847787
0.673080513040944
1
0.465517299723492
0.891251272510421
0.798388225240141
0.284293888075779
1
0.596660183398557
0.41391898117441
1
0.185903624228132
0.639850166657379
0.701920055322131
0.92132831452892
1
0.851845782078985
0.95941124870214
0.971199103422348
0.0768582061801326
0.726156243101784
0.896801816470541
0.998304123678046
1
1
0.99951715273702
0.154008581379403
0.158637540944338
0.714424246114228
0.565014345415084
0.971635692356345
0.852825465365195
1
0.999999999749875
0
0.385564211768112
0.999770676684488
0.500463565177733
0.47820926554026
0.67756460041763
1
0.99999999395084
1.65939439287921e-07
0.811294952279104
0.730898195094926
0.556550771336499
0.713621273493575
0.79545868110121
1
0.616458668869132
0.113105541444918
0.777208596653171
0.999622692936865
0.994261447114121
0.961505408647471
0.924555008149112
1
0
0.285732338532131
0.877813740097229
0.866067190077027
0.926324383919389
1
0.710965314559467
0.934327826516898
0.783015631691441
0.999999999963085
0.86196634528143
0.724609417164141
0.999997407485386
0.664246161905302
0.957119777773004
0.368216313687514
0.472940923595268
0.999999991256611
0.807995071544523
0.66803027959592
0.949698137464886
0.52362470106725
0.920158883642115
0.476311023718231
0.766357824120165
0.999999988195235
0.559665067977654
0.911959150028595
0.881533850352059
0.66084640541616
0.784496152356456
0.796878623105373
0.553817467481138
0.853625597124733
0
0.535922150681052
0.584711180151756
0.799935304742642
0.441984468284374
1
0.964426217748224
0.983387126381493
0
0.856890894055502
0.744106080274323
0.794636890813789
0.91174420591374
1
0.999999999490289
0.9955584419489
0.14788607925331
0.825400139550295
0.702849349768114
0.970209300682759
0.410924099859708
1
1
0.999999929883585
0.669743465157366
0.631604702025993
0.790531355935352
1
0.689205583916179
1
1
0.931392706113781
0.865576544454015
0.819365436673308
0.676078876776286
0.999999999818116
0.905219475646354
1
0.399024028556514
0.843368193511164
0.447636574937872
0.999999471957168
0.475069716656066
0.99335501710063
1
0.929025837080845
0.489822824690894
0.448678657673234
0
0.999999999678331
0.609670933033499
0.655407529662577
1
0.791226842679676
0.163240290576122
0.538821466033898
0.270032756764097
1
0.999988212689325
0.60858351991608
0.917975196557661
0.304837684015956
0.140628034446829
0.487898783107111
1
1
0.668724383239219
0.885573366093842
0.470999289035492
0
0.467297829841154
0.92150223682579
1
1
1
0.660406518505896
6.89013220915635e-09
0.629466796305015
0.698475330973267
0.994998731908012
1
1
0.850010254285438
0.802391821642648
0.625692963791885
1
1
0.788304914236478
0.999999917406742
0.414420364287816
1
0.380201365275124
0.304598167445849
1
1
1
0.5257918193313
0.476710571313289
1
0.705814596292013
0.819080359476409
1
0.98708944938715
1
0
0.224965768474797
1
0.964522246670244
0.972250104112036
1
0.999998086781109
1
0.1312972511204
0.783914404773882
1
0.872114490730869
0.384738288286867
1
1
1
0.760005617309901
0.47979327581741
0.767100603171762
1
0.701577547576692
0.968201768415903
0.909156296638573
1
0.999999098440379
0.607672897747784
0.372848604161425
0.914611898601236
0.713958074063199
1
0.877048255595943
0.458482489866166
0.706154903883042
0.663097283700032
0.5395669205906
0.827396807994755
1
0.609379903767709
0.224999917187624
0
0.44353828567517
1
0.169831659804693
0.895921997800346
0.723441481648887
0.430670553173189
0.720635878094179
1.0734345669952e-06
0.00662902922092456
1
0.843414594308325
0.999999999710067
0.449459691675616
0.492331006348168
0.848799768241424
0.699412089146636
0.327611487071809
0.96394450709581
0.658120598922542
0.762991641277335
0.757703001787748
0.727750206109691
0.741715513513748
1
1
0.975078885436246
0.388834829217411
0.867125366555101
0.944856232753394
0.52916833578404
0.551965514078993
0.999998250731324
1
0.503452940685609
0.385251249094085
0.481747627521529
0.347675504145239
0.0706626334556593
0.638766187143589
0.818902528660761
0.548602872139851
0.680701315985656
0.3884141232585
0.557598910513177
0
0.999999999720923
0.802686032163816
1
0.347271033811817
0.521349496538641
0.750408184212419
4.30506178217418e-10
0.701973391478191
1
1
1
0.426651565426717
0
1
0
0.651969143722346
1
1
1
1
0
0.629152778522976
0.117925322464901
0.920777232980838
1
1
1
1
0.825625276244472
0.358533170069306
0.978832574917348
0.958601464241277
0.828068388582249
1
0.99999995997977
1
1
4.31928413093594e-09
0.9962197960069
0.6382897657716
0.30959885559507
0.780234113017102
0.844847033929481
1
1
0.612703254309106
0.865833409493105
0.971544565515266
0.347773153234769
0.737104295547377
0.9155417653803
0.762890051998902
1
0.680356994772336
0.793735385939813
0.875797151115221
0.6019781152252
0.362477934117297
1
0.750797639309401
1
1
0.492771967382827
0.86829102391047
0.57652530199006
0.52789417213689
0.693056299750466
0.870824633861796
0.999908596389479
1
1
0.758922511992263
0.483424777634404
0.412832246803904
0.469386557676021
0.652152853783285
0.681411428865504
1
1
0.7795177291305
0.550310567550293
0.547680696304591
0.453461317089404
1
0.992723761334625
0.523680554154794
0.999999943049639
0.99999981639669
0.714533856136435
0.593291635282828
0.920446227965236
1
0.955960864395043
0.258222136287061
0.70618149429216
0.11872020122529
0.999985854695214
0.716962083068492
0.724450439754264
0.89213504719924
0.584262496689247
0.700116077862821
0.998633389417624
1.19068885042726e-07
0.800254287912754
0.0901277617383466
0.992283886206275
0.690637067014024
0.605080395238125
0.719129373496253
0.955299459850271
0.604023889311901
1
0.610661339875266
0.684376701175646
0.545210805889776
0.0145036019894489
0.826869148244538
0.999998858355249
1
1
0.667754867627101
0.436920352819434
0.342550406850336
0.0788927975534519
0.343899571240334
0.999975448510447
1
1
1
0.853135465800606
0.0581739566527648
0.42153883171447
0.762861586097336
0.991090063023274
1
0.945178913805341
1
0.954733592347702
0.59790170270518
0.999993435108626
0.420671229246249
0.663226536515913
0.953429807015764
0.707273785412096
1
1
0.569144999740287
0.9742392540742
0.625561760398425
2.71453025323106e-07
0.776813741569968
0.845989123549501
1
1
1
0.972804065423365
0.706952819917938
0.502679839159507
0.448608989086749
0.0157296299743985
1
1
1
0.753178039671802
1
1
0.987488518425426
0.774648158239128
0.190284344172097
1
1
0.884543977294607
1
1
0.603952476873425
0.791217754567588
0.278185730840205
1
0.976662817333843
0.952872782048896
1
0.749007061529589
0.685983559154688
0.81219433785525
0.42741633456893
0.999999999422143
0.56090508367194
1
1
0.233717133764946
0.740611077605864
0.970957804746743
0.746048247597183
0.820956751737635
0.916878992730497
1
1
0.0117510977801772
0.366398694813035
0.950204287582792
0.744214408495767
0.723240074784949
0.662451793988798
1
1
0.751268653906365
0.288142555849462
0.807582908399921
0.321104848124197
0.811998117053778
0.535555559640801
1
0.999999558607869
0.890860073167299
0.68004791325863
0.317443415735359
0.245529130252712
0.770822529314448
0.351511981229023
0.741601420220031
0.873164636001729
1
1
0.303315219095308
0.949879817948175
0.692141817514062
0.161765396079946
0.371058861626369
0.667114434041201
1
1
0.488232044553574
1
0.807583920312207
4.92731812176343e-09
0
0.999996491359345
1
0.999999999471755
0.974289066648413
1
0.51319616276298
9.02595802562383e-06
0
0.987827412980194
1
0.997147076989322
1
1
0.537614481679412
0.4779310142346
0.998113719370898
1
0.99468479132397
0.892951287888487
1
1
0.797038244121667
0.651552041906063
1
1
0.999999405237291
0.999999586899414
1
0.497357782193301
0.896324889244592
0.999999998089441
1
0.580742933842989
0.999982379596143
0.999951853406183
1
0.270311968724925
0.827588282738681
0.869344178602268
1
0.285694097709865
1
0.776648374932124
1
0.17480006820843
0.972846273252287
0.55155765550287
1
0.244801083797069
1
0.244392628897115
0.984749427303263
0.312689993961072
0.999999988445777
0.529152748166824
1
0.54549060111943
0.633059371372352
3.34530078679331e-07
0.801706881390983
0.573421102443365
0.427993289673764
0.999831784361455
1
1
0.506938339482786
0.139332849895235
0.970161894748944
0.877374017865568
0.381955547244823
0.741570008674601
1
0.553302132471473
0
0.689879400094425
0.999996163374211
0.4318993382121
0.544781343063204
0.7076193301556
0.893889525298964
0.913421971012418
0
0.872243336086637
0.739035320176048
0.408839978241619
0.889711984978935
0.0669215895821105
0.997923466784285
1
0.0701242854552885
0.790136501179516
0.784226008451969
0.748137985741152
1
4.83018294878239e-07
0.999999999985245
1
0.959101905458156
1
1
0.969316191163059
1
3.87540290698403e-09
0.665724437781162
1
0.493220003615739
1
1
0.967098773836298
1
0
0.361452214284526
1
0.558526984561993
1
1
0.263404491188765
0.963568217080584
0
0.771448470454783
1
1
0.976131199399904
0.897485831953798
0.590984778294767
0.889913660340052
0.630235043443137
0.696903572440588
1
1
0.990413178273046
0.181072451787424
0.695834534256216
1
1
0.95546509876507
0.875065180582472
1
1
0.827896916205446
0.868508441852739
1
0.80991449055527
0.890278488107458
0.848519846245652
1
1
1
0.33544586122607
1
0.612794797201464
0.394055771636708
0.442497376230604
0.857265987643968
1
1
0.401085341554191
1
0
0.780043043931613
0.20326214579295
0.409430579189174
0.581985691406402
1
0.000408899255449693
1
1
1
0.171670350873676
0.421234181241081
0.520523326534556
0.999955495315188
0.00778354066319984
0
1
1
0.629984842469264
0.527959433017582
0.372033907802731
0.984386650491331
0.684185791687879
0.824968527509763
0.671735677861901
1
0.760677898346489
0.281105063033089
0.67519327084672
1
0.780652946263513
0.473630118401588
0
0.726055435565939
0.798738959085677
0.578522667835829
0.889253209878748
1
0.992685527974669
0.536330534915976
0
0.478706947028938
0.686734386117573
0.694348525340565
0.984057784770918
1
0.98605911632012
0.228835343501075
0
0.775021012862449
1
0.936869301845662
0.83034073347017
1
1
0.722563616546889
0.597052738556735
0.976048779269732
1
0.999998917159476
0.532950203570968
0.940932683588315
1
0.769136856416931
0.751602065799481
0.730316642778881
1
0.999999746110864
0.617316694222129
0.388316853598668
1
0.827650026757983
0.884740578307125
0.553107887155019
0.999999999903786
0.999999622642665
0.841429224601213
0.166998904335924
0.641890113643285
1
0.445322848532797
0.334522204676426
0.991844739475726
0.999127861374459
1
0.367598368766049
0.370731456952539
1
0
0.408580208513081
0.97805980412036
0.966110652473044
1
0.999275320067879
0.518171502975753
1
0
0.312156407416467
0.717679112511726
0.786084877688947
1
1
0.756065193761792
1
0.332689827673471
0.148701514950608
0.352890560493675
0.809266862341451
0.481254473924161
0.908356937284736
0.441955250298923
1
0.68379008390139
0.360760353431527
0.340252443244628
0.451830333325287
0.749957304847204
0.904426966150671
8.27538282499738e-07
1
0.787248924780217
0.371756401201506
0.609495924633643
0.89986138715318
0.724532871908201
1
0
1
0.788375010515632
0.111975973999355
0.513456308470114
0.735080405354661
1
1
0.125414986186329
0.550031701544565
0.708234181261956
0.561910022986673
0.0909811443870908
0.781645448987321
1
1
0.839993452327572
0.59711351372112
0.630363204284321
0.699588749859485
0.190783000245947
0.878425772163638
0.880518760809306
1
1
0.790273899422765
0.573883082757496
0.674589736844984
0.557547047554018
0.943545888609704
0.589755854326791
0.950619789814952
0.930909441913419
0.538507099797583
0.999284727042056
0.999950218759256
0.51762600873821
0.787951090527476
0.602371548003259
0.537341705303468
0.629212705885086
0.222999044922986
0.999999929138023
1
0.927706529163965
0.776911377288256
0.94199238328605
0.119203739308325
0.480055010911297
0.788331665802902
1
1
0.923995484657374
0.476802222430341
1
0.928671423649108
0.289075317816998
0.948490791941627
1
1
0.591888625771841
0.664049515825422
0.802814410249499
0.965369579625806
0.48620295296525
0.999999341169975
0.579002514713801
1
0.305063251613375
1
0.523696820072793
0.916418409435162
0.631141954054256
0.999999664505758
0
1
0.999996165594768
1
0.458812426533086
0.99984694029404
0.675019003329707
0.999999751201096
0
0.0375709726606053
0.813221045059477
1
0.194177344470548
0.943930969805166
0
0.999975687318544
0
0.186255122999627
0.712944537549199
0.95624017715718
0.232797211032639
0.80220025353826
0
0.978813584418349
0.655758164394884
0.437261870635227
0.738436428545497
0.95638655352419
1
0.891656151651616
0.819602017567145
0.999603630016757
0.83595554283777
0.654984267556925
0
0.999931908775256
1
1
0.963724875564577
0.561010475478524
0.779387866534707
0.252173646905931
0
0.999999961950185
1
1
0.954815228246864
1
0.425333769869809
0.999998547002296
0.411099267055371
1
1
1
0.99993359852275
0.099648706594798
0.997029739046709
1
1
0.8470542156863
1
0.922565749509199
0.999999544126396
0.155683332822104
1
1
1
0.693759182869927
1
0.872367854786743
0.913478287111757
0.686870420431264
1
1
0.400850225498572
0.890149235050258
1
1
0.646137135045444
0.941847229136326
1
1
0.645076110050969
0.871037818919433
0.956173834454469
1
0.44920306633457
0.939916909975529
1
1
0.569323316602346
0.113016547498224
0.434249393815285
0.827925558021181
0.415093603087144
0.800644348350865
1
0.930634279260741
0.75400018368639
9.9009953492366e-05
1.64263744461357e-10
0.86687823602101
0.714335696581748
0.51455167238667
0.313515835873203
1
0.823187845679667
0.0563369790844798
2.07039047259596e-05
0.796812592203545
0.770054114592422
0.521358547570739
0.453132896242119
0.857053747800273
0.996524704493249
0.620682309690888
0.333230541047106
0.730594440289348
0.869827636221386
0
0.636619543369189
0.840572721650477
0.104006431177596
0.668577879030985
1
0.922885895683879
0
0.893054232684065
0.215652568941116
0.312043510766836
0.870496723812896
0.707743516410782
0.711199960340265
0.767921828936029
0.531181260157557
0.95944066884809
0.294209817122922
0.802387493024157
0.62242456627436
0.532745815969934
0.996420528885068
0.297214148903705
0.999999959278788
0.804524533100107
0.895101337471969
0.792035982700471
0.950153726034129
0.491685926616804
0.708321087404826
0.284011297579854
1
0.136159964484084
0.660241694223909
0.880629855359636
1
0.866336034986156
0.99972037349342
0.67905681287811
1
0.298648577484429
0.570419209319479
0.79394984476858
1
1
1
0.305826867684447
1
0.506998238463903
0.871058449342023
0.468951736757206
0.581434978510145
1
1
0.694542555114263
0.583399528199434
0.973026250091841
0.981645833168813
0.602522257465288
0.441011043883228
1
1
0.886760093106325
0.134870757855245
0.998968984230478
0.999999999451269
0.713491027063749
0.908326464962461
0.783500244850883
0.856087176701288
0.650611382239471
0.31369279355777
0.99901461762993
0.874250589000984
0.814797819765314
0.994724517201497
0.52978487966016
5.91320831965458e-10
0.964094589473948
0.770208850300379
0.612027998638422
1
1
0.7601936439866
0
1.03216938214646e-08
1
1
1
1
0.60195369128253
0.814896159272187
0.775658353464913
2.86782164107538e-06
1
0.88685254629752
1
1
0.727508091090333
0.905318745954133
1
0.3875766848221
1
0.844789796538697
1
0.914454722724536
0.499700738748892
0.870872502089548
1
0.790580145289906
1
0.980903236166958
1
0.494543460336654
0.89144014250532
0.773542677213433
1
0.296800508872604
0.795549069246325
0.693774498680234
0.438541502461483
0
1
0.807587280543497
0.794655361755494
0.252709452084887
0.384217939993165
1
0.327404769617301
0.161390405935348
1
0.844298149369101
0.967676871429733
1
0.399875658342606
1
0.326077866788845
0.938116301506174
1
0.548737703707586
1
1
0.694873847477241
1
0.730713012429988
0.941806120775247
1
0.851502087229332
1
1
0.679609827264215
1
0.590466384408208
0.551439022412526
0.469358931088584
0.88530813646747
1
1
0.860003805763792
1
0.608183565449884
0.278945805900727
0
0.940604189638475
0.9699790529635
0.91606359433997
0.661692295760264
0.999977805883407
0.897654596785956
0.346652295507704
0.89214908475027
0.999958143304253
0.872006059584776
0.703516514900767
0.73201444319396
0.740676822848772
0.94254939470791
0.72947787634477
0.999999999931586
0.786984188811938
0.165789981492722
0.831333608382945
0.503488507082283
0.382412267413854
0.741870738302255
0.536199866998065
0.791838104434846
0.749216363357988
0.713492276891873
0.939383276391452
0.717969138851631
0.908140593423722
0.74651135882459
0.402050092386645
0.532519731723716
0.609451757974526
0.298816732839944
0.467611510041646
0.878715244303548
0.633352240372996
1
0.503687214275271
0.485064064424555
0.892375516219672
0.930583775397058
0.314258917879472
0.543750541309552
0.63444141110743
1
0.631732047276167
0.386289674955503
0.789274631207727
0.814036380740892
0.788089148481435
0.966304946742337
0.71994709558997
0.978510815979832
0.45992248175787
0.440086685100708
0.933083546051469
0.617272878321987
0.926518462857592
1
0.412840944878774
0.600573410362431
0.671713671729284
1
0.81804604637032
0.700650512561323
0.622316303942245
1
0.683016060201691
0
0.831851392350408
1
0.962874315368268
0.258665149502171
0.549603750624851
1
0.519729129384035
0
0.986548787501048
1
0.178618528722426
0.250841646995209
0.755802378923547
0.801951740731936
0.734642310915049
0
0.994275185793534
1
0.975223084707648
0.57296335336991
0.928097942322497
0.577229914028162
0.872719030487883
0.655455837820453
0.955376871620736
1
0.999832383030682
1
0.999893540791967
0.574623923459873
0.967198831337942
0.81844617392987
0.923648870439835
0.538258168586236
1
1
0.997814551255551
0.874215867571118
0.975879525786429
0.765327272918114
0.623254574518916
0.378582269526207
0.931270896123969
1
0.861921339197543
0.853159734865138
0.953710396234253
0.442664199202993
0.309422348542437
0.669609348324291
0.640784543388567
0.820857958373382
0.0302556892675106
0.999985691180394
0.456817914604766
0.973172786895575
0.178719396369881
0.802825763715621
0.928002547391265
0.649768887518262
0.553850386764804
1
0.483385580480598
1
0.136846195666006
0.928117085885269
1
0.999999843654261
0.999996541289276
0.863650726360985
0.173772780733843
1
0.864639558254172
0.55467824742184
1
1
0.999988904745168
0.568735191721047
0.529573242955185
0.904115570957109
0.538899525447735
0.647201582747009
1
1
0.744420408098333
0.659074127130781
0.663898687233804
0.596116841649387
0.720557353629555
0.98841096556556
0.227254485096002
0.743505534184371
0.002658457653598
0.393807379200977
0.692685780747319
0.0409482963101607
0.717901237369696
1
0.373750504921738
0.741807497843134
0.435517179231803
0.719119907686843
0.729627273801309
1
0.790681723957789
1
1
0.446137137062733
0.774150040939959
0.964744149285746
0.84370559837884
1
0.897938122142654
1
1
1
0.995249350699477
0.916375797739353
0.458140488198161
1
0.906520840636124
0.869202307524376
1
1
0.533324902763058
0.694585597254853
0.000162145028088427
1
0.819568371332732
0.523604150912803
0.997841828608163
1
0.59935924269851
0.464444992367291
0.00362628707611763
0.0219051378313673
0.285076346957679
0.611034092031923
0.617356917760333
0.314591365639401
0.642269852456386
0.74490558040297
0.722576337255099
0.5755837608888
0.883763502061987
1
1
0.728049761677261
0.80443116508687
1
0.458293877036356
1
1
1
1
0.911448907386297
0.999928328209377
1
0.737485764138419
1
1
1
1
0.999937851711503
0.900941424591744
0.984204895173782
0.905033589616807
1
0.940154792564991
1
0.561282487432541
0.782576634734233
0.999999457820316
0.155327486599254
0.897360499822497
0.792498789287669
0
0.559675985572507
0.329498287976094
1
0.695274986819474
0.126198797878787
0.742747697491789
0.412178287182556
0.435965195080226
0.851471314808113
0.963489817887948
1
0.845032825751911
0.976406529166843
0.868590025599591
0.585901384318645
0.983735664198665
0.999949324436232
0.999999846997299
1
0.437544537516104
1
0.959169644305238
0.860097773306629
0.979469532449456
1
0.999999986880056
0.270934174381592
0.471715218222592
1
0.999067571816062
1
0.965506562690115
1
0.923330475164736
0.268837742786819
0.539158800051573
0.976175991891439
0.958468217866546
0.999999999365952
0.524553864071609
0.388988072143939
0.646512849529979
0.869824637884942
1
0.463306792428112
0.947582148891115
0.999999657555812
0.51349318866839
0.111634970578642
0.816217117624464
1
1
0.189587825062534
0.52499406801768
1
0.877792521148972
0.891946745732012
1
1
1
0.807409524617476
0.567666877284898
0.714445933213061
1
1
1
0.821228114189163
1
0.474318188462368
0.463247507660526
0.62406292687441
0.844250143438256
1
0.723708072905902
0.17384554301916
0.561983872796224
0.890191732520416
0.450622270506354
0.95012382820778
0.676749525470773
0.928974442203997
0.554345505691376
0
0.999999890973964
0.966349668232406
1
0.462911494755897
0.516847480542148
0.492103344609018
0.657078403325948
0.650634413471107
0.9642858875238
0.260810444498276
1
0.660278099504635
1
0.907338856936349
1
0.996155006062912
0.919922153255466
0.701047113177974
0.963505581749965
1
1
1
1
0.67330824956582
0.999999955212965
1
0.573050272177142
1
1
1
1
0.589789643172076
1
0.765847897066898
0.36089898223386
0.856054854027683
1
1
0.707332962493785
0.125494341905068
0.967541938672147
0.707759923501704
1.94965503360487e-08
0.693579223272055
0.906355834206172
1
0.0678044354230532
0.267208827687688
0.586484911055588
0.350546844992226
1
0
0
0.310724690916572
0.269895182629584
1
1
0.379391477536027
1
0.465214203860409
0
0.0548927340350827
1
1
1
0.363241535434695
0.999999912641215
1
0
0.827441860462796
1
1
0.838358928828733
0.920308226920483
0.697072960943744
1
1
0.999830932529185
0.999995791347877
1
1
0.8844566489117
0.693084024269172
1
1
1
0.871183003204838
0.999997317276147
0.736024303930852
0.838013587789407
0.383026870691892
1
1
0.919878014280346
0.0487563643048687
0.798050720068798
1
6.53654291385755e-06
0.397243672333665
0.78399168807014
0.905112797783761
0.707117148704311
3.26865756401608e-11
0.790141516895153
0.999999984652607
0.492491876725378
0.699474350178641
0
0.147182961038848
0.262198342055416
1.34280720979672e-05
0.211415663198041
0.99999992932632
0
1
0
0
0.226068976409974
1
1
1
1
1
0.0953474724988768
1
0.989658297456744
1
1
1
1
1
1
1
1
1
1
1
1
1
1
1
1
0.441453694635374
1
1
0.707062717385125
0.937829689990105
1
1
1
0
1
0.128959763674184
0
0
0.772066494848617
1
0.875501455318458
0
0
0
0
0
0
4.67014497656571e-09
0
0.339966063437934
0
0
0.319395084409747
0.802946610817273
0
0
0.164759170168993
1
1
1
1
1
3.89589924680964e-07
0.140306023801934
0.7201362077373
1
1
1
1
1
1
1
1
1
1
1
0.954736613289487
1
1
1
1
0.528994518045868
1
0.98638920657304
0
0.307352165905526
1
1
0.880256086394739
0
0.983298928998373
0
0
0
1
1
0.814232925470314
0
0
0
0
0.87341637802252
0.718945464614034
0.53175485244186
0.999970507104008
0.747693735793934
0
1
1
1
0.121752442603069
0.586643644355485
1
1
1
1
1
1
0.952062254993331
1
0.841847635922296
1
1
1
1
1
1
1
0.687920999734125
0.956035649875507
1
1
0.367849833590853
0
1
1
0.890963799721346
0.446056258518279
0.711970250659007
0.307216312511813
0
0.70098625152579
1
1
1
0.925271612376129
0
0
0.659496547064075
1
0.650600195034326
1
1
0.79281785248244
0.0866629010751622
0.354304250330399
1
1
0.389265733709574
1
0.945534600981501
0.896556796616502
1
1
1
1
0.640766017749906
0.026373158851446
0.123614258115852
1
1
1
0.942367394676842
0.442713503362344
1
0.0952217294757251
1
1
1
1
1
1
1
1
1
1
1
1
1
1
1
1
1
1
1
1
1
1
1
1
1
1
0
0.223069549073303
1
1
1
1
0.534732108956965
1.13640612492017e-08
0
0.180259514979593
0
0
0.0741440143970772
0.509585447407332
0
0
0
1
0
0
0
0.0505630935008182
0
0
0.75815471250758
1
0.997610998315593
0
0.306615686846328
0.291120092186295
1
1
1
1
1
1
1
1
1
1
1
1
1
1
1
1
1
1
1
0.67242061341532
1
1
1
0.999295065904169
1
1
0
0
0
1
1
0.951084977887218
0.969916198406461
0.300558080406843
0
0.355813240806444
0
0.925418854698886
0.727688749142183
0.844793446272679
0
0
0
1
0.769230217728202
0
0
0.312577023712503
0
0
0.596173695855545
1
1
0
0
0
0
0.551443980096609
1
1
1
0.947333441188016
0
0
0.871131252391816
1
1
1
1
1
0.127474289938325
0.896098141443687
1
1
1
0.28969943388572
1
1
1
1
1
1
0.0452169286224001
0
1
1
1
1
1
0.985231480157125
0
0.543701052997742
0.512233865974388
0
1
1
0
0
0.0246396272194333
1
0
0
1
0.2702383152256
0
0
0.913434012028484
1
0.79513167231269
0
0
0
0
0
1
1
1
1
0
0
0.282721391330821
0.299049352463685
1
1
1
1
0
0.322406246126839
1
1
0.849237875354945
0.817193455504631
1
1
0.0510392508017116
0.994543008540896
1
1
0
0
0
0.838544463732651
0.99095853075359
1
1
1
0
0
0
0
