0.00526496	0.00329084	0.000850331	0.00399176	0.000226867	5.22932e-05	0.00286812	0.00259513	
0.00532932	0.00334973	0.00085848	0.00402501	0.000227905	5.14478e-05	0.00289719	0.00262049	
0.00599979	0.00396667	0.000942214	0.00436318	0.0002388	4.37635e-05	0.00319395	0.00288082	
0.0202337	0.0184274	0.00249664	0.0105136	0.000435903	0.000138591	0.00880021	0.00775435	
0.0386862	0.108417	0.0307189	0.0330104	0.00528006	0.00402791	0.101531	0.107645	
0.0124808	0.032734	0.093373	0.0632608	0.0601743	0.109582	0.190162	0.116207	
0.060499	0.0429835	0.040233	0.00578421	0.116706	0.150229	0.183758	0.124199	
0.0567504	0.0282762	0.185149	0.145908	0.0743756	0.261342	0.337661	0.186924	
0.153526	0.153939	0.0610608	0.0682292	0.185	0.27805	0.446542	0.283739	
0.220173	0.151881	0.192566	0.0847265	0.161925	0.367742	0.462271	0.275742	
0.239181	0.211713	0.175166	0.109444	0.263403	0.377608	0.50076	0.318859	
0.28515	0.23112	0.209404	0.111836	0.252402	0.402282	0.506372	0.323488	
0.236174	0.270646	0.0771636	0.124192	0.260865	0.313468	0.360975	0.241824	
0.312515	0.281857	0.203289	0.12808	0.302752	0.399704	0.508313	0.32837	
0.0113394	0.00670636	0.00938216	0.0853572	0.0125001	0.0593382	0.0704238	0.0448405	
0.308413	0.172105	0.183895	0.109386	0.131355	0.360815	0.283587	0.183108	
0.355827	0.292577	0.243806	0.134081	0.289546	0.425626	0.507071	0.328826	
0.367204	0.308316	0.239623	0.137275	0.318654	0.42726	0.519014	0.340752	
0.34785	0.307327	0.29303	0.18277	0.347125	0.464903	0.454975	0.320731	
0.190145	0.0714986	0.0979343	0.0697921	0.145948	0.363162	0.366935	0.318467	
0.495883	0.403974	0.303175	0.186888	0.393527	0.476566	0.545767	0.389511	
0.484057	0.408415	0.33471	0.20738	0.400691	0.479847	0.533759	0.38101	
0.51743	0.424359	0.333848	0.206353	0.408895	0.478478	0.5517	0.395053	
0.52375	0.429004	0.339389	0.210259	0.413626	0.481353	0.552359	0.396532	
0.551349	0.468123	0.387873	0.239829	0.44962	0.488673	0.573729	0.42443	
0.0136272	0.00602649	0.0159949	0.00761412	0.0508213	0.132976	0.0835407	0.0589708	
0.144367	0.244377	0.239157	0.191438	0.283565	0.28679	0.388127	0.269922	
0.477211	0.45849	0.384736	0.243525	0.452221	0.49772	0.568446	0.418727	
0.567372	0.470711	0.388546	0.241632	0.45463	0.495291	0.575565	0.426864	
0.573954	0.476034	0.391956	0.243675	0.4575	0.496143	0.577378	0.429648	
0.508072	0.479287	0.419247	0.270655	0.486213	0.519705	0.574176	0.433549	
0.302818	0.319682	0.319929	0.164069	0.278471	0.343509	0.463026	0.311763	
0.605439	0.506921	0.429344	0.268569	0.498296	0.510036	0.592321	0.453908	
0.611345	0.509487	0.435899	0.277215	0.505927	0.522135	0.593724	0.455198	
0.617421	0.514985	0.437802	0.277565	0.508433	0.521691	0.596897	0.458835	
0.604297	0.524774	0.458825	0.303076	0.526306	0.537594	0.601796	0.472842	
0.269946	0.242306	0.245883	0.129089	0.200127	0.279668	0.37688	0.283005	
0.605486	0.530043	0.459429	0.293646	0.524761	0.519793	0.614957	0.483302	
0.642061	0.541686	0.470219	0.30565	0.537762	0.536126	0.617177	0.485683	
0.644431	0.544753	0.471958	0.305839	0.540721	0.536467	0.619089	0.487801	
0.649516	0.55151	0.49126	0.320278	0.558345	0.553002	0.627339	0.495667	
0.0123642	0.016908	0.0179558	0.149496	0.0472169	0.0784109	0.145358	0.156377	
0.302182	0.242854	0.209389	0.108473	0.219715	0.266663	0.391207	0.319216	
0.650607	0.556372	0.483329	0.313814	0.554812	0.537114	0.632813	0.5067	
0.663111	0.560791	0.493413	0.32037	0.561449	0.548246	0.631874	0.503542	
0.67678	0.570922	0.513036	0.339715	0.574058	0.551608	0.648137	0.520737	
0.201706	0.329005	0.149456	0.144539	0.189232	0.285258	0.216425	0.217507	
0.649514	0.569446	0.507832	0.324891	0.556087	0.524645	0.616521	0.51929	
0.682565	0.577972	0.52138	0.34112	0.585301	0.548513	0.65002	0.526776	
0.197617	0.158343	0.217913	0.126995	0.298877	0.309978	0.368677	0.274831	
0.686621	0.567578	0.523164	0.344247	0.579791	0.563346	0.648022	0.518002	
0.688516	0.579246	0.526002	0.344821	0.586083	0.55778	0.653711	0.526167	
0.645594	0.525436	0.492444	0.319864	0.571694	0.507422	0.620594	0.521939	
0.69594	0.583828	0.535312	0.349527	0.596221	0.552716	0.660891	0.538323	
0.0231251	0.0738437	0.126584	0.112669	0.190174	0.232599	0.233589	0.14	
0.672674	0.547423	0.501887	0.33807	0.56169	0.573574	0.621068	0.4905	
0.704156	0.590715	0.545169	0.356133	0.600064	0.564124	0.661427	0.536594	
0.705608	0.606021	0.555673	0.371992	0.618216	0.565116	0.664906	0.553485	
0.353453	0.273286	0.246275	0.170217	0.34595	0.464516	0.381355	0.299641	
0.728151	0.609133	0.570455	0.381961	0.615409	0.584379	0.667368	0.547616	
0.736262	0.62262	0.588498	0.385566	0.628641	0.582493	0.681833	0.562011	
0.734586	0.622922	0.56761	0.390213	0.629102	0.595168	0.670251	0.561314	
0.74223	0.626784	0.592947	0.390004	0.630655	0.589355	0.680575	0.56279	
0.357225	0.270408	0.2317	0.125133	0.333676	0.273573	0.358588	0.296655	
0.711434	0.616891	0.556819	0.376386	0.609813	0.576606	0.668435	0.562038	
0.743062	0.629945	0.598285	0.390955	0.632515	0.58906	0.684233	0.56595	
0.748584	0.638882	0.616594	0.405754	0.632282	0.606567	0.677688	0.570771	
0.128968	0.0864592	0.0550901	0.0976133	0.134403	0.0979545	0.159196	0.122726	
0.598783	0.536042	0.46655	0.32522	0.560754	0.479885	0.584753	0.517347	
0.753587	0.648906	0.620154	0.40857	0.644475	0.60244	0.685205	0.579464	
0.755405	0.652707	0.623752	0.412067	0.644617	0.607859	0.685656	0.577857	
0.751484	0.672551	0.63932	0.427011	0.655974	0.607901	0.677036	0.589156	
0.348658	0.350817	0.298159	0.215948	0.416427	0.494535	0.44794	0.336892	
0.751801	0.677212	0.631271	0.428375	0.655104	0.634515	0.686057	0.576124	
0.762436	0.68161	0.647373	0.43671	0.659907	0.630141	0.690439	0.5869	
0.765044	0.68597	0.661082	0.4524	0.663959	0.631852	0.688095	0.595216	
0.0785559	0.0348394	0.104607	0.0665101	0.128046	0.119993	0.330784	0.188282	
0.578072	0.630225	0.562366	0.390402	0.630337	0.586042	0.629298	0.509437	
0.766926	0.690288	0.66034	0.456025	0.665649	0.642332	0.692964	0.587315	
0.769972	0.691156	0.66372	0.457474	0.666581	0.639044	0.692712	0.593234	
0.748369	0.695799	0.644234	0.464499	0.658598	0.658927	0.691771	0.570356	
0.768423	0.696011	0.665316	0.464877	0.667838	0.648756	0.694676	0.588352	
0.179891	0.198213	0.174603	0.144611	0.135921	0.144426	0.234836	0.236828	
0.742551	0.667565	0.639379	0.447923	0.637653	0.613643	0.673509	0.586161	
0.772803	0.696401	0.670993	0.467378	0.669596	0.645742	0.694373	0.595049	
0.777372	0.707607	0.684169	0.489001	0.673651	0.656179	0.696038	0.59715	
0.279623	0.297714	0.258895	0.156539	0.301196	0.302436	0.323831	0.326812	
0.751636	0.690903	0.676722	0.484942	0.659834	0.639307	0.675125	0.585862	
0.779906	0.707624	0.687065	0.493105	0.67589	0.655401	0.695448	0.599987	
0.515895	0.554199	0.532528	0.363319	0.502695	0.602877	0.586173	0.481649	
0.779016	0.708216	0.68949	0.496443	0.673628	0.660645	0.696723	0.597604	
0.781439	0.710425	0.690256	0.500583	0.677753	0.657896	0.696318	0.601694	
0.782342	0.711208	0.693614	0.502224	0.677517	0.660758	0.697283	0.601022	
0.786012	0.714697	0.697186	0.520336	0.681476	0.663729	0.698676	0.606068	
0.02189	0.000842509	0.0920799	0.0628611	0.0304559	0.173038	0.148771	0.0362301	
0.311852	0.293312	0.348093	0.174511	0.347372	0.57104	0.53125	0.380009	
0.780766	0.711395	0.698956	0.515942	0.678197	0.672681	0.699548	0.603228	
0.786576	0.716709	0.706005	0.52246	0.682379	0.668468	0.700308	0.606216	
0.788441	0.722921	0.708092	0.534957	0.68186	0.674886	0.702189	0.605065	
0.202757	0.252039	0.29456	0.145814	0.241549	0.269056	0.281706	0.307969	
0.765182	0.704379	0.696369	0.509863	0.667786	0.661153	0.683095	0.607854	
0.792095	0.722171	0.711213	0.535812	0.684735	0.67476	0.703396	0.608937	
0.781255	0.719738	0.699357	0.546892	0.683625	0.683628	0.705545	0.609723	
0.79186	0.723251	0.714187	0.543742	0.685786	0.679964	0.705074	0.610468	
0.265895	0.0994858	0.0947244	0.0864368	0.212647	0.286052	0.292719	0.31522	
0.771414	0.687383	0.593917	0.511961	0.667686	0.659618	0.698058	0.603768	
0.79607	0.724667	0.717066	0.546797	0.687424	0.678953	0.706802	0.611794	
0.797227	0.719032	0.715185	0.552788	0.689374	0.683044	0.707865	0.615892	
0.749654	0.647164	0.596449	0.524028	0.643262	0.65123	0.682854	0.598115	
0.803443	0.726681	0.724161	0.558028	0.691573	0.68376	0.713081	0.617025	
0.80358	0.727805	0.726368	0.559165	0.692432	0.685436	0.712987	0.617029	
0.804141	0.7238	0.716195	0.566233	0.691416	0.683457	0.714718	0.619143	
0.805465	0.728815	0.726388	0.563273	0.693281	0.685363	0.714548	0.618094	
0.434529	0.249782	0.230808	0.20687	0.406435	0.584199	0.518683	0.362463	
0.793668	0.714882	0.704378	0.550801	0.689597	0.689616	0.712606	0.615978	
0.805164	0.730071	0.729463	0.563227	0.694255	0.687338	0.715345	0.618302	
0.811848	0.73374	0.730927	0.572644	0.694991	0.68803	0.72183	0.623011	
0.0296966	0.110349	0.108936	0.149712	0.0942951	0.353994	0.192439	0.111201	
0.737651	0.672139	0.634004	0.499676	0.64669	0.689957	0.701778	0.581084	
0.811557	0.735773	0.735894	0.574575	0.696079	0.691446	0.722116	0.622674	
0.812817	0.736314	0.736599	0.575601	0.696448	0.691367	0.72328	0.6234	
0.817021	0.741388	0.741871	0.585354	0.696506	0.699117	0.731352	0.624094	
0.0815501	0.0349922	0.0338719	0.0610334	0.0725131	0.0760801	0.143814	0.147905	
0.632087	0.539838	0.431656	0.404068	0.603601	0.59189	0.668339	0.531398	
0.820143	0.741447	0.744454	0.588157	0.697677	0.696087	0.73343	0.626764	
0.820401	0.743563	0.745733	0.589476	0.698347	0.698381	0.73361	0.626172	
0.822071	0.744124	0.746271	0.597779	0.699463	0.698352	0.739443	0.627822	
0.605495	0.590769	0.61641	0.50668	0.658876	0.663268	0.687112	0.540725	
0.823649	0.75033	0.750436	0.599052	0.701471	0.70183	0.739025	0.627531	
0.824882	0.750442	0.751338	0.59985	0.701176	0.701703	0.739712	0.628181	
0.827438	0.753899	0.755835	0.604252	0.701748	0.704615	0.743091	0.630364	
0.425923	0.487405	0.512212	0.468898	0.51308	0.591508	0.545126	0.482531	
0.816929	0.751978	0.753373	0.605288	0.698316	0.702432	0.740838	0.62846	
0.828749	0.753976	0.756717	0.605301	0.702131	0.704897	0.743978	0.631655	
0.43802	0.604869	0.614347	0.496807	0.540847	0.596054	0.525076	0.493072	
0.823168	0.755717	0.756408	0.606723	0.702513	0.707285	0.742415	0.628561	
0.829166	0.755294	0.757112	0.60631	0.702805	0.706251	0.744577	0.63098	
0.828453	0.75232	0.758012	0.611018	0.702062	0.703756	0.740867	0.636373	
0.735241	0.610837	0.55868	0.483381	0.637848	0.68399	0.670741	0.578604	
0.832827	0.759905	0.763674	0.612521	0.705412	0.709253	0.74696	0.634774	
0.833458	0.760296	0.764577	0.613773	0.705649	0.709344	0.747951	0.635126	
0.832241	0.762089	0.766791	0.615091	0.705337	0.714353	0.748412	0.633901	
0.810222	0.713767	0.697744	0.574807	0.694211	0.692168	0.728368	0.636923	
0.834525	0.76353	0.767888	0.617138	0.706874	0.713036	0.750351	0.636443	
0.826107	0.759314	0.742788	0.609554	0.708475	0.713522	0.740037	0.635864	
0.835243	0.764084	0.769187	0.617765	0.707701	0.713838	0.749936	0.636738	
0.796491	0.683294	0.611057	0.516503	0.687867	0.679287	0.732933	0.638824	
0.83569	0.76397	0.769398	0.618642	0.70816	0.712692	0.750675	0.638455	
0.835934	0.764906	0.77089	0.619435	0.708292	0.714629	0.750274	0.637418	
0.836295	0.765277	0.771737	0.620398	0.708633	0.713971	0.750745	0.638447	
0.837737	0.76767	0.774432	0.623851	0.710573	0.716713	0.750337	0.639677	
0.203328	0.0315705	0.0439316	0.0913459	0.196809	0.30083	0.252474	0.229892	
0.787542	0.630291	0.56118	0.455843	0.67026	0.667305	0.725758	0.635822	
0.838127	0.768481	0.776883	0.626878	0.711573	0.71497	0.751375	0.641939	
0.838413	0.769048	0.777454	0.627471	0.711699	0.715932	0.75144	0.641472	
0.840091	0.771317	0.778565	0.631982	0.71349	0.718159	0.753175	0.643396	
0.225696	0.173732	0.159637	0.140295	0.332524	0.477435	0.475423	0.19649	
0.829392	0.748409	0.72915	0.588694	0.702667	0.723112	0.748106	0.629825	
0.840526	0.77214	0.781335	0.632644	0.713381	0.719849	0.753271	0.642263	
0.838583	0.771187	0.770085	0.624754	0.715283	0.713958	0.743618	0.64737	
0.841245	0.773011	0.782343	0.63349	0.714831	0.718895	0.752696	0.645225	
0.586992	0.619382	0.554884	0.408114	0.535376	0.663442	0.572429	0.486743	
0.840926	0.773309	0.781655	0.633825	0.714049	0.723297	0.752077	0.639702	
0.841923	0.773811	0.783524	0.635176	0.715	0.72102	0.753377	0.643692	
0.841454	0.774345	0.786774	0.638927	0.719598	0.723533	0.750343	0.645597	
0.616305	0.709839	0.681897	0.560954	0.646761	0.680703	0.63013	0.533625	
0.844909	0.776615	0.788752	0.641732	0.719959	0.726643	0.753405	0.644915	
0.845355	0.776694	0.789031	0.642281	0.720249	0.726714	0.753773	0.645643	
0.845379	0.777064	0.790931	0.646606	0.720751	0.731085	0.754141	0.644296	
0.0884378	0.116434	0.176928	0.101122	0.150454	0.192613	0.150681	0.243814	
0.764635	0.714316	0.734944	0.5835	0.703519	0.696082	0.698602	0.608546	
0.846768	0.777419	0.791542	0.647081	0.72199	0.730505	0.755564	0.647883	
0.847097	0.77768	0.791942	0.647475	0.722096	0.731287	0.755706	0.647727	
0.847565	0.77801	0.793005	0.650744	0.724392	0.734486	0.756863	0.651936	
0.0761639	0.148515	0.204128	0.221665	0.156533	0.241495	0.301017	0.209067	
0.806376	0.749652	0.761534	0.618922	0.706635	0.737985	0.734151	0.626405	
0.848451	0.778916	0.793512	0.651589	0.724078	0.736836	0.757933	0.651242	
0.846702	0.772982	0.787195	0.65134	0.724296	0.738221	0.761493	0.656285	
0.848756	0.778391	0.793716	0.653232	0.72479	0.737663	0.759812	0.653499	
0.562138	0.331111	0.383031	0.346569	0.548631	0.596323	0.62403	0.466313	
0.847358	0.772868	0.789214	0.649267	0.723481	0.742672	0.758419	0.651429	
0.849447	0.779671	0.795422	0.653843	0.724965	0.739771	0.759947	0.653253	
0.846063	0.778081	0.793079	0.657567	0.724544	0.744126	0.762895	0.661432	
0.724925	0.658285	0.663509	0.572619	0.682381	0.71954	0.702013	0.580786	
0.849393	0.781948	0.798918	0.6599	0.725043	0.747087	0.763992	0.658798	
0.849824	0.781968	0.799246	0.660169	0.725228	0.747316	0.764386	0.659674	
0.851705	0.781317	0.801422	0.66409	0.724683	0.751122	0.766143	0.660328	
0.109148	0.0275213	0.117512	0.0618932	0.175886	0.210473	0.214992	0.242974	
0.739937	0.680811	0.698701	0.603002	0.712743	0.716874	0.743523	0.646479	
0.852255	0.7832	0.801917	0.664903	0.725072	0.750734	0.766881	0.662393	
0.852653	0.783297	0.802535	0.665769	0.724895	0.751419	0.767041	0.662148	
0.850065	0.782831	0.803012	0.668724	0.725354	0.753798	0.768847	0.665682	
0.668627	0.734588	0.733555	0.633913	0.70756	0.741037	0.725733	0.617465	
0.853665	0.783736	0.805901	0.67129	0.725059	0.755109	0.769117	0.66495	
0.854557	0.783537	0.80718	0.67149	0.725784	0.75728	0.769407	0.66537	
0.787885	0.75732	0.793666	0.674582	0.718734	0.753306	0.741271	0.643845	
0.856427	0.784462	0.808581	0.674237	0.725549	0.757855	0.771051	0.665758	
0.851598	0.779496	0.805777	0.676361	0.726461	0.758231	0.773608	0.668613	
0.856089	0.784451	0.80921	0.675746	0.726302	0.758634	0.772539	0.667074	
0.5173	0.642967	0.61095	0.584964	0.676366	0.712393	0.669538	0.567233	
0.856069	0.784225	0.810116	0.678067	0.725648	0.760141	0.771736	0.664777	
0.854778	0.785529	0.809323	0.675341	0.727129	0.760004	0.772091	0.667041	
0.857926	0.78598	0.8116	0.678651	0.726756	0.760906	0.773929	0.667301	
0.858541	0.787557	0.813541	0.681187	0.728295	0.763675	0.775793	0.668454	
0.186256	0.341717	0.358611	0.305963	0.200583	0.363482	0.339637	0.287004	
0.818641	0.768673	0.781986	0.669507	0.715045	0.756947	0.728601	0.623896	
0.858793	0.787706	0.814527	0.682789	0.728127	0.764156	0.776276	0.668579	
0.856608	0.788976	0.814704	0.683609	0.729926	0.765578	0.775147	0.670588	
0.761047	0.761254	0.758026	0.653783	0.711426	0.754478	0.699178	0.624771	
0.85934	0.790506	0.817164	0.687132	0.730065	0.767121	0.778296	0.670091	
0.855109	0.790985	0.818746	0.689605	0.731481	0.770103	0.779416	0.671035	
0.788673	0.774184	0.795171	0.684724	0.724481	0.768257	0.738873	0.661662	
0.859043	0.792617	0.818664	0.690237	0.731718	0.770859	0.780135	0.670558	
0.851792	0.79049	0.817178	0.687123	0.732592	0.768823	0.769925	0.67355	
0.859487	0.792909	0.819579	0.690639	0.732023	0.770761	0.780033	0.671772	
0.858663	0.79373	0.819011	0.691768	0.731987	0.772476	0.779787	0.67012	
0.859666	0.793873	0.820293	0.691987	0.732424	0.771891	0.780797	0.671866	
0.859777	0.794273	0.820418	0.692396	0.732473	0.772387	0.781007	0.671628	
0.859758	0.796707	0.82232	0.694783	0.733876	0.774704	0.782023	0.672859	
0.483292	0.574618	0.535536	0.489388	0.622306	0.671953	0.567457	0.508821	
0.8553	0.795977	0.819624	0.694357	0.733167	0.778622	0.77911	0.669928	
0.859432	0.79726	0.822833	0.695835	0.733919	0.776188	0.782099	0.672517	
0.653979	0.568939	0.584141	0.502941	0.698231	0.708444	0.614772	0.601697	
0.85792	0.795842	0.821162	0.694831	0.734743	0.774749	0.781259	0.674364	
0.859664	0.797508	0.823302	0.696217	0.734354	0.775889	0.782372	0.673466	
0.858887	0.797549	0.824555	0.697097	0.735404	0.780362	0.782074	0.673408	
0.793432	0.666183	0.740969	0.653618	0.724243	0.756541	0.760534	0.675223	
0.860011	0.800496	0.825794	0.698724	0.736288	0.779464	0.782741	0.674906	
0.860232	0.801907	0.827214	0.701105	0.738003	0.781303	0.782856	0.676198	
0.611635	0.384838	0.520726	0.620851	0.724966	0.728611	0.726362	0.644933	
0.858918	0.797694	0.823223	0.700489	0.739379	0.783351	0.783183	0.676976	
0.860734	0.802655	0.827438	0.701239	0.738587	0.782291	0.783185	0.676658	
0.824904	0.734952	0.737031	0.684797	0.73911	0.781257	0.770045	0.667496	
0.860691	0.803383	0.827784	0.702825	0.739195	0.783126	0.783365	0.676829	
0.831621	0.773371	0.68443	0.64343	0.739411	0.768177	0.768388	0.673376	
0.861085	0.804456	0.827792	0.703094	0.740336	0.782905	0.783744	0.678072	
0.86043	0.803783	0.827996	0.703054	0.739715	0.785427	0.783556	0.676477	
0.861115	0.804658	0.829192	0.703901	0.740232	0.784148	0.783866	0.677596	
0.85562	0.801213	0.82594	0.705887	0.742834	0.782156	0.783531	0.681288	
0.860861	0.805403	0.829089	0.705395	0.741511	0.783706	0.784057	0.679109	
0.443531	0.413765	0.422577	0.410334	0.545342	0.596532	0.643138	0.465104	
0.855855	0.798498	0.823912	0.700585	0.739288	0.787572	0.782976	0.674504	
0.861407	0.805645	0.830341	0.705779	0.741434	0.785137	0.784256	0.678466	
0.86173	0.806963	0.831957	0.706289	0.743315	0.786353	0.784831	0.680313	
0.157777	0.166547	0.233753	0.184803	0.246007	0.353125	0.428691	0.254327	
0.838484	0.780826	0.794435	0.678965	0.736123	0.783966	0.767022	0.660601	
0.862106	0.806886	0.833787	0.708028	0.743432	0.787511	0.785285	0.6799	
0.861576	0.804415	0.834571	0.709203	0.744941	0.787539	0.786577	0.682444	
0.825411	0.737951	0.802518	0.684716	0.736047	0.784184	0.779148	0.668391	
0.863014	0.807321	0.836425	0.70986	0.745106	0.789839	0.786758	0.681598	
0.862593	0.806788	0.835464	0.70931	0.745944	0.791636	0.788498	0.68236	
0.858226	0.79601	0.816277	0.694819	0.744781	0.791997	0.784921	0.677447	
0.863278	0.807451	0.838164	0.711397	0.74638	0.792838	0.788255	0.682297	
0.848947	0.776004	0.830717	0.707779	0.746431	0.786925	0.787179	0.685302	
0.863438	0.807853	0.838258	0.711942	0.74679	0.792588	0.78841	0.68307	
0.857369	0.795017	0.828188	0.705803	0.747121	0.797018	0.785808	0.678003	
0.863585	0.80808	0.838865	0.712455	0.747302	0.794064	0.788458	0.682458	
0.755656	0.659935	0.707817	0.611152	0.714201	0.744839	0.740118	0.670992	
0.862887	0.807698	0.838912	0.712809	0.747452	0.793084	0.789059	0.684642	
0.863831	0.808876	0.839865	0.714024	0.748118	0.79498	0.788859	0.682927	
0.863966	0.80899	0.840251	0.714294	0.748126	0.79492	0.789332	0.683783	
0.864448	0.810678	0.842824	0.717781	0.749673	0.798031	0.790003	0.68413	
0.346428	0.406464	0.474198	0.438236	0.6183	0.522626	0.354722	0.489792	
0.821623	0.799361	0.837893	0.713913	0.74719	0.789368	0.771244	0.689751	
0.86458	0.810766	0.843361	0.718028	0.749664	0.79769	0.790732	0.68553	
0.864985	0.810934	0.843699	0.718726	0.749943	0.798504	0.790789	0.684942	
0.851482	0.80801	0.839213	0.714506	0.75026	0.795829	0.786918	0.689665	
0.864481	0.811387	0.844164	0.719061	0.75032	0.798357	0.791222	0.686604	
0.861105	0.809444	0.843427	0.719182	0.750175	0.800427	0.789961	0.683224	
0.865305	0.811511	0.844755	0.719968	0.750496	0.799332	0.791355	0.68588	
0.863451	0.811849	0.843669	0.720803	0.751554	0.799343	0.791956	0.689258	
0.750305	0.714684	0.751922	0.634971	0.723986	0.779946	0.76393	0.64572	
0.865919	0.813288	0.847034	0.723065	0.751851	0.801355	0.79236	0.688144	
0.865985	0.813448	0.847147	0.723289	0.751979	0.801394	0.792449	0.688386	
0.866353	0.814389	0.848541	0.725208	0.752943	0.8024	0.792923	0.689401	
0.760864	0.635715	0.582903	0.491588	0.718014	0.744138	0.73794	0.642854	
0.864936	0.814389	0.843104	0.723186	0.754041	0.801722	0.792943	0.691453	
0.866297	0.814962	0.848283	0.725508	0.753402	0.802376	0.793069	0.690213	
0.768621	0.704338	0.725962	0.63384	0.725474	0.783526	0.769508	0.647291	
0.866318	0.814197	0.848781	0.725401	0.753427	0.803637	0.793049	0.688961	
0.866587	0.814983	0.848966	0.725806	0.753484	0.80301	0.793133	0.689753	
0.86332	0.814119	0.847828	0.728003	0.755312	0.801907	0.793487	0.691811	
0.801307	0.769269	0.826153	0.708785	0.747228	0.798269	0.775207	0.675335	
0.866926	0.816655	0.849868	0.728511	0.755414	0.804039	0.793935	0.690877	
0.867133	0.816474	0.850964	0.729174	0.756214	0.804949	0.79436	0.691735	
0.388527	0.152825	0.131209	0.268204	0.504074	0.411524	0.458146	0.510477	
0.856004	0.776575	0.819622	0.719938	0.754059	0.797083	0.789277	0.692336	
0.867407	0.817796	0.851055	0.730049	0.756479	0.804917	0.794522	0.692339	
0.86734	0.81911	0.851818	0.732328	0.757572	0.806376	0.794351	0.692825	
0.240327	0.391647	0.542188	0.544632	0.665491	0.570654	0.393695	0.503147	
0.83201	0.80393	0.84525	0.727886	0.757807	0.798592	0.783629	0.696029	
0.867669	0.819376	0.852292	0.732245	0.757852	0.805982	0.794891	0.693745	
0.865693	0.816745	0.850294	0.730471	0.757666	0.808051	0.794321	0.691192	
0.867864	0.819276	0.853009	0.732608	0.757997	0.80676	0.795082	0.693401	
0.781782	0.694489	0.742886	0.633566	0.742352	0.775978	0.754027	0.681725	
0.867059	0.81916	0.852406	0.732444	0.758678	0.806173	0.795297	0.695144	
0.867935	0.819482	0.853684	0.733131	0.75874	0.807448	0.795303	0.693793	
0.86791	0.819975	0.853799	0.733413	0.758998	0.807267	0.79548	0.694526	
0.8684	0.820617	0.855248	0.73455	0.760328	0.808927	0.79572	0.694953	
0.310982	0.107847	0.265873	0.230906	0.409255	0.401931	0.50398	0.484375	
0.850283	0.7684	0.80967	0.704002	0.755393	0.798786	0.790564	0.694928	
0.868424	0.821055	0.855457	0.734991	0.760686	0.808761	0.795948	0.695739	
0.868932	0.820667	0.856775	0.736017	0.761695	0.810627	0.796388	0.695842	
0.295037	0.168773	0.361724	0.216333	0.543137	0.412237	0.364901	0.485122	
0.843993	0.78846	0.837898	0.71988	0.759102	0.801991	0.785445	0.699676	
0.868926	0.822146	0.856871	0.736051	0.762106	0.810261	0.796892	0.696955	
0.869155	0.819635	0.85415	0.733808	0.762694	0.811594	0.796737	0.695332	
0.869357	0.822317	0.857112	0.736455	0.762343	0.810748	0.797016	0.696683	
0.826145	0.788854	0.759606	0.665776	0.754221	0.792926	0.771735	0.69423	
0.868771	0.822539	0.856605	0.736187	0.762882	0.810624	0.7974	0.698027	
0.869478	0.822732	0.857495	0.736985	0.762906	0.811373	0.797331	0.696961	
0.869414	0.8229	0.857574	0.737131	0.763138	0.81132	0.797576	0.697594	
0.869878	0.823543	0.858392	0.73847	0.764291	0.813002	0.798001	0.697201	
0.259833	0.22584	0.240258	0.167667	0.393497	0.354544	0.334626	0.416121	
0.840698	0.80101	0.814873	0.699529	0.759314	0.801799	0.783676	0.694541	
0.869712	0.823922	0.858587	0.739085	0.764646	0.813008	0.798527	0.698287	
0.869754	0.82454	0.859798	0.740385	0.765231	0.814728	0.798946	0.699141	
0.424106	0.484659	0.525885	0.467682	0.68154	0.582997	0.543163	0.578001	
0.859115	0.815389	0.850917	0.737431	0.766738	0.810102	0.795178	0.700858	
0.869713	0.825089	0.859835	0.740761	0.765834	0.814652	0.79924	0.699771	
0.864834	0.82043	0.842946	0.726698	0.763866	0.815969	0.795098	0.694094	
0.870149	0.825245	0.860249	0.741068	0.765897	0.815115	0.799206	0.699412	
0.856769	0.813648	0.822431	0.72025	0.765535	0.813166	0.796809	0.70265	
0.869908	0.825383	0.860119	0.741139	0.766396	0.815374	0.799539	0.700398	
0.870432	0.82557	0.860889	0.74152	0.766447	0.815746	0.799409	0.699842	
0.870211	0.825771	0.860909	0.741686	0.766857	0.815951	0.799737	0.70074	
0.870467	0.825922	0.861371	0.74196	0.766941	0.816164	0.799733	0.700616	
0.871202	0.826976	0.863179	0.743401	0.768747	0.818281	0.800577	0.701977	
0.804365	0.703429	0.79949	0.705013	0.763392	0.796394	0.760637	0.706854	
0.870598	0.826386	0.864613	0.74457	0.770228	0.819641	0.800972	0.704653	
0.834861	0.781148	0.783761	0.67173	0.760178	0.805568	0.770073	0.670278	
0.872134	0.827851	0.866036	0.745927	0.77046	0.820084	0.80141	0.704126	
0.857718	0.803441	0.836462	0.733378	0.768236	0.817071	0.799843	0.705955	
0.872058	0.828352	0.865554	0.74581	0.770795	0.820565	0.801809	0.705081	
0.859633	0.809352	0.817944	0.719945	0.76408	0.816295	0.796414	0.695317	
0.872518	0.82866	0.866048	0.746018	0.770863	0.820734	0.801867	0.704787	
0.872215	0.82865	0.865808	0.746397	0.771131	0.820861	0.802138	0.70573	
0.872571	0.82896	0.866343	0.746609	0.771183	0.82099	0.802142	0.705491	
0.868309	0.824085	0.855884	0.744191	0.77133	0.820788	0.802724	0.709161	
0.872297	0.828941	0.865994	0.747141	0.771502	0.821199	0.802515	0.706525	
0.773298	0.677881	0.68115	0.624776	0.719779	0.782539	0.771741	0.656944	
0.872597	0.82858	0.865982	0.746482	0.771362	0.821362	0.802269	0.70558	
0.872693	0.829306	0.866748	0.747377	0.771572	0.821364	0.802511	0.706273	
0.872887	0.829876	0.867318	0.749997	0.772502	0.822191	0.803012	0.708604	
0.452488	0.326923	0.339272	0.436763	0.531629	0.46539	0.62084	0.410894	
0.864139	0.81107	0.852448	0.738294	0.769624	0.820171	0.799901	0.704771	
0.87321	0.830245	0.867871	0.750047	0.772545	0.822537	0.803096	0.708604	
0.871242	0.829363	0.866919	0.750199	0.772701	0.823238	0.802947	0.710178	
0.873003	0.830423	0.86803	0.750736	0.772737	0.822983	0.803107	0.709531	
0.543818	0.604344	0.579894	0.546845	0.687438	0.703642	0.715561	0.569735	
0.870924	0.828473	0.866122	0.748217	0.772466	0.823272	0.802273	0.708304	
0.873469	0.830669	0.868547	0.751077	0.77283	0.823355	0.803169	0.709526	
0.872896	0.830393	0.868611	0.751188	0.773737	0.824747	0.803785	0.711575	
0.832677	0.807446	0.836684	0.711678	0.762357	0.812291	0.767092	0.695371	
0.873876	0.830842	0.869285	0.752182	0.773824	0.825623	0.804182	0.71142	
0.873023	0.830814	0.869292	0.753784	0.774972	0.826005	0.804182	0.713594	
0.258524	0.502379	0.229251	0.465248	0.502552	0.325221	0.287116	0.485056	
0.849094	0.823091	0.850391	0.751361	0.770286	0.820479	0.779342	0.707592	
0.873955	0.83057	0.86986	0.753946	0.774787	0.827022	0.804603	0.71368	
0.874117	0.829293	0.87064	0.753115	0.77586	0.827742	0.805937	0.716169	
0.845878	0.803417	0.855565	0.720468	0.759526	0.821442	0.780547	0.703019	
0.874709	0.829747	0.871101	0.755081	0.776197	0.828893	0.806051	0.716262	
0.86765	0.81687	0.854832	0.746974	0.77561	0.826666	0.805941	0.714	
0.874541	0.829937	0.87134	0.755407	0.776374	0.828909	0.806358	0.716747	
0.869198	0.818793	0.869031	0.751021	0.773688	0.82834	0.80383	0.713751	
0.87467	0.830002	0.871663	0.756152	0.776674	0.829357	0.806313	0.716632	
0.84112	0.758952	0.821926	0.684639	0.757989	0.815633	0.798689	0.708957	
0.874529	0.829784	0.871504	0.756099	0.777226	0.829435	0.806826	0.717492	
0.874879	0.830177	0.87222	0.756988	0.777203	0.829806	0.806611	0.717248	
0.874935	0.830263	0.872271	0.757099	0.777489	0.829943	0.806846	0.717613	
0.875652	0.829828	0.873834	0.759076	0.778756	0.831378	0.806802	0.718972	
0.283994	0.0769238	0.259331	0.142876	0.259294	0.358711	0.492578	0.454751	
0.842709	0.739585	0.828084	0.692422	0.756845	0.816018	0.799146	0.710883	
0.875711	0.830529	0.873689	0.758949	0.77928	0.831594	0.807308	0.719678	
0.875943	0.830702	0.874098	0.759354	0.779329	0.831802	0.80721	0.719621	
0.876466	0.830385	0.875221	0.760252	0.780383	0.832974	0.807623	0.721396	
0.359038	0.288542	0.356112	0.41328	0.421035	0.521377	0.571351	0.358221	
0.866824	0.810265	0.862545	0.746196	0.772309	0.830438	0.802822	0.716728	
0.876798	0.830906	0.875355	0.760758	0.780371	0.833245	0.807584	0.721329	
0.87619	0.831198	0.873423	0.761341	0.781761	0.833413	0.808217	0.723104	
0.83565	0.812689	0.818835	0.729534	0.772939	0.82549	0.791123	0.705498	
0.877516	0.831726	0.876169	0.7624	0.78181	0.833991	0.808238	0.723003	
0.877546	0.831982	0.875686	0.76322	0.78291	0.834644	0.808593	0.723922	
0.869516	0.823336	0.849186	0.762371	0.781568	0.834706	0.807468	0.720949	
0.878002	0.832256	0.876805	0.763703	0.783121	0.834836	0.808786	0.723854	
0.873543	0.832217	0.87537	0.764935	0.784338	0.833956	0.807655	0.724173	
0.877997	0.832704	0.87684	0.764331	0.783667	0.834698	0.80884	0.724345	
0.598733	0.678208	0.550187	0.655547	0.74628	0.768616	0.670585	0.623799	
0.876561	0.831191	0.873352	0.763755	0.784052	0.835285	0.808345	0.723645	
0.878412	0.832753	0.877013	0.764441	0.783915	0.835012	0.809088	0.724441	
0.878564	0.833013	0.875601	0.765026	0.786078	0.835508	0.809566	0.725483	
0.867687	0.804238	0.787527	0.739853	0.773213	0.829843	0.806598	0.719722	
0.879089	0.833472	0.878045	0.765576	0.785996	0.836023	0.809906	0.725809	
0.877891	0.834043	0.87681	0.765354	0.785356	0.836411	0.810165	0.727041	
0.879289	0.833941	0.877991	0.765732	0.785938	0.83648	0.810199	0.726379	
0.579724	0.746091	0.713643	0.706156	0.758242	0.708277	0.696247	0.68307	
0.875831	0.833342	0.876143	0.766149	0.786446	0.835271	0.809522	0.726969	
0.879423	0.834033	0.87801	0.766067	0.786199	0.8366	0.810356	0.726669	
0.878521	0.833682	0.873228	0.76474	0.788191	0.837275	0.809719	0.726999	
0.879603	0.834329	0.8781	0.766028	0.786991	0.836933	0.810332	0.726953	
0.791894	0.697838	0.614072	0.649146	0.748289	0.788643	0.768069	0.692256	
0.878852	0.833406	0.87544	0.766064	0.786819	0.836747	0.810579	0.727437	
0.879648	0.834473	0.878418	0.766425	0.78708	0.837018	0.810573	0.727282	
0.880242	0.833011	0.876887	0.766231	0.788995	0.83729	0.810543	0.727425	
0.880163	0.834676	0.878311	0.766696	0.788059	0.837364	0.810679	0.727548	
0.749999	0.521992	0.623182	0.568035	0.728048	0.739588	0.77196	0.681585	
0.878885	0.832179	0.874761	0.765339	0.78842	0.836773	0.810861	0.727936	
0.880178	0.835218	0.878516	0.767057	0.78838	0.837545	0.810883	0.727837	
0.880425	0.836342	0.877323	0.767972	0.790494	0.838339	0.811618	0.727371	
0.846794	0.807091	0.835453	0.740571	0.78219	0.819653	0.792942	0.718188	
0.880936	0.836624	0.878171	0.768434	0.790949	0.838313	0.812055	0.728036	
0.880755	0.837996	0.877992	0.769114	0.791309	0.839214	0.812945	0.728292	
0.321756	0.472331	0.587831	0.305973	0.69056	0.581734	0.552123	0.56628	
0.862493	0.829568	0.867349	0.760055	0.790421	0.831086	0.806068	0.724276	
0.88119	0.838169	0.878449	0.769366	0.791701	0.838925	0.81314	0.728499	
0.877615	0.836532	0.873706	0.767874	0.792283	0.838915	0.811113	0.726772	
0.8815	0.838209	0.878455	0.769447	0.792126	0.839224	0.813326	0.728464	
0.848783	0.821209	0.844969	0.749753	0.790104	0.825077	0.793897	0.724911	
0.881326	0.838642	0.878349	0.769902	0.79252	0.83891	0.813455	0.729047	
0.881802	0.83883	0.878399	0.770038	0.792691	0.839414	0.81348	0.728865	
0.881715	0.839103	0.878436	0.77033	0.792933	0.83923	0.81369	0.729356	
0.880029	0.838512	0.875321	0.770618	0.79405	0.839723	0.812026	0.729575	
0.881994	0.839543	0.878201	0.770844	0.793513	0.839701	0.813613	0.729633	
0.711983	0.62173	0.65528	0.541954	0.734377	0.736239	0.681914	0.682844	
0.881075	0.837839	0.876437	0.769507	0.793247	0.838847	0.81372	0.729796	
0.882217	0.839939	0.878399	0.771107	0.793656	0.839717	0.814008	0.729853	
0.882743	0.840437	0.877575	0.771627	0.794934	0.840154	0.814584	0.73065	
0.867659	0.790282	0.816106	0.698968	0.780932	0.827389	0.806308	0.713014	
0.883122	0.841892	0.878465	0.773043	0.795355	0.840528	0.814809	0.731044	
0.883549	0.843401	0.878227	0.774671	0.796496	0.840862	0.815135	0.731409	
0.618823	0.721638	0.795879	0.714183	0.786312	0.818261	0.768042	0.67885	
0.880605	0.843823	0.877269	0.774286	0.797098	0.842027	0.81593	0.731661	
0.883421	0.844011	0.878085	0.774737	0.796783	0.841447	0.815658	0.731707	
0.816257	0.817686	0.817972	0.756236	0.800111	0.817554	0.77802	0.724783	
0.883345	0.844451	0.878304	0.775296	0.797573	0.840712	0.81552	0.732264	
0.88336	0.844752	0.877651	0.775864	0.797577	0.842002	0.815584	0.732087	
0.883897	0.845283	0.878378	0.775919	0.798018	0.841482	0.815967	0.732443	
0.88397	0.845367	0.878386	0.776216	0.79809	0.841684	0.816028	0.732511	
0.884105	0.847363	0.87694	0.776678	0.79961	0.842636	0.816496	0.733629	
0.268839	0.0705726	0.134509	0.131522	0.130365	0.402333	0.211755	0.103386	
0.841355	0.746645	0.654754	0.615704	0.740603	0.805959	0.787732	0.681204	
0.883856	0.84671	0.87748	0.777619	0.79969	0.842284	0.816252	0.733552	
0.884115	0.847375	0.878279	0.777883	0.799799	0.842571	0.816469	0.733716	
0.884282	0.847198	0.878313	0.778545	0.800823	0.842801	0.81657	0.734134	
0.883407	0.845441	0.872883	0.778468	0.801025	0.844244	0.816414	0.733653	
0.884546	0.847806	0.878247	0.778936	0.800982	0.843405	0.816701	0.734068	
0.883651	0.846905	0.873764	0.77944	0.803262	0.842639	0.815718	0.734302	
0.884647	0.848029	0.878315	0.779247	0.801778	0.843363	0.816679	0.734237	
0.786591	0.75075	0.563903	0.693675	0.769122	0.793943	0.779989	0.693785	
0.884141	0.848215	0.874651	0.778517	0.801504	0.844584	0.817005	0.73421	
0.88479	0.848373	0.878266	0.779279	0.801794	0.843928	0.816885	0.734355	
0.884266	0.846791	0.877894	0.780322	0.803476	0.844206	0.816977	0.734772	
0.859605	0.668844	0.83568	0.739062	0.787358	0.831994	0.80989	0.724102	
0.884808	0.849646	0.878511	0.781043	0.804005	0.844933	0.817387	0.735315	
0.884964	0.849904	0.878488	0.781111	0.804086	0.84511	0.817391	0.735321	
0.884908	0.850766	0.877179	0.781262	0.80478	0.846194	0.817607	0.735582	
0.882618	0.846139	0.8741	0.778957	0.803292	0.844237	0.816367	0.734799	
0.885011	0.850777	0.878228	0.782298	0.804944	0.846095	0.817533	0.735713	
0.873995	0.812726	0.873611	0.78002	0.80443	0.84369	0.81574	0.736405	
0.885024	0.850876	0.878211	0.782521	0.805071	0.846173	0.817573	0.735958	
0.884982	0.85099	0.878421	0.782771	0.805145	0.846275	0.817561	0.735934	
0.885011	0.851154	0.878353	0.78286	0.805257	0.846378	0.817618	0.736067	
0.884351	0.848066	0.878668	0.783956	0.805824	0.846909	0.817184	0.736243	
0.884964	0.851022	0.878704	0.783481	0.805559	0.846653	0.817515	0.736207	
0.694179	0.485345	0.735	0.616094	0.739803	0.784167	0.77078	0.694289	
0.883361	0.847546	0.876174	0.781975	0.805201	0.846922	0.817337	0.73646	
0.88505	0.851667	0.878534	0.783573	0.805665	0.846869	0.81761	0.736439	
0.885298	0.852019	0.878658	0.785153	0.806603	0.847854	0.817391	0.736584	
0.300492	0.316808	0.442561	0.302783	0.570135	0.479567	0.34145	0.417644	
0.859783	0.843998	0.865172	0.771523	0.803109	0.842185	0.804251	0.733825	
0.885407	0.852475	0.878877	0.785454	0.806711	0.847921	0.817367	0.737276	
0.883733	0.852905	0.877571	0.786578	0.806763	0.849441	0.817582	0.738097	
0.864637	0.849472	0.867852	0.783958	0.807137	0.841631	0.80731	0.737753	
0.885415	0.853025	0.878961	0.786655	0.8072	0.84925	0.817396	0.738545	
0.885553	0.853027	0.879035	0.786832	0.807305	0.849265	0.817497	0.738511	
0.885986	0.853251	0.879184	0.78795	0.808101	0.849168	0.817467	0.73904	
0.361353	0.50641	0.428715	0.685912	0.696171	0.6054	0.572073	0.630872	
0.873301	0.847149	0.872834	0.786746	0.806579	0.848351	0.813744	0.737546	
0.886126	0.853332	0.879376	0.787991	0.808027	0.849447	0.817732	0.739018	
0.885095	0.853689	0.879557	0.789034	0.808716	0.849739	0.816744	0.740081	
0.8589	0.84255	0.862005	0.775223	0.803664	0.843562	0.803676	0.731238	
0.886587	0.853531	0.880212	0.789753	0.808601	0.850136	0.817882	0.740088	
0.887466	0.85135	0.879791	0.790833	0.809094	0.850606	0.818511	0.740438	
0.882837	0.830111	0.879709	0.788873	0.807779	0.847283	0.812806	0.739929	
0.887564	0.853555	0.880671	0.790875	0.809293	0.850517	0.81839	0.740839	
0.883721	0.852526	0.879109	0.786418	0.809298	0.84955	0.817185	0.741334	
0.887351	0.853988	0.880765	0.791293	0.809582	0.850595	0.818376	0.741245	
0.854045	0.776318	0.847974	0.751747	0.795733	0.83289	0.806111	0.725229	
0.887665	0.853496	0.881304	0.791502	0.809589	0.850471	0.818296	0.741284	
0.887593	0.854219	0.881042	0.791921	0.809839	0.850746	0.818359	0.741588	
0.887771	0.854233	0.881359	0.792115	0.809882	0.850737	0.818373	0.741659	
0.888016	0.855003	0.882172	0.793711	0.810597	0.850779	0.818254	0.742802	
0.446616	0.474173	0.534043	0.562964	0.647921	0.661394	0.670744	0.520186	
0.880766	0.847649	0.878747	0.790212	0.809508	0.848077	0.816555	0.74095	
0.888247	0.855043	0.882446	0.793981	0.810713	0.850714	0.818299	0.742829	
0.884049	0.849493	0.879516	0.794373	0.809819	0.850662	0.817626	0.743273	
0.888177	0.855314	0.882382	0.794406	0.810802	0.851024	0.818395	0.743147	
0.813076	0.764861	0.812431	0.746608	0.789616	0.822011	0.798663	0.714472	
0.888405	0.854996	0.882624	0.794532	0.811145	0.850654	0.818286	0.743235	
0.888418	0.855777	0.882709	0.795094	0.811248	0.851028	0.81859	0.74363	
0.888589	0.855899	0.882911	0.795271	0.811378	0.851025	0.818595	0.743718	
0.888541	0.856589	0.883245	0.796703	0.812442	0.851416	0.819098	0.74488	
0.423773	0.361797	0.462475	0.499113	0.589985	0.586629	0.658077	0.461155	
0.878011	0.838134	0.873774	0.788361	0.810631	0.847361	0.817344	0.742031	
0.888822	0.856858	0.883411	0.796792	0.812609	0.851392	0.8191	0.744909	
0.886632	0.855143	0.879011	0.795103	0.813671	0.851031	0.818859	0.745928	
0.888719	0.856948	0.883327	0.797223	0.812953	0.851472	0.819144	0.7453	
0.832376	0.795584	0.797462	0.733496	0.797193	0.826778	0.799413	0.721804	
0.88875	0.856776	0.8833	0.797278	0.813138	0.851366	0.819113	0.745342	
0.888897	0.857074	0.883565	0.797492	0.813083	0.851495	0.81919	0.745382	
0.888011	0.85718	0.882988	0.797929	0.813616	0.852072	0.81911	0.746503	
0.864162	0.825781	0.862084	0.778461	0.808291	0.840208	0.808312	0.738187	
0.889033	0.85798	0.88385	0.799098	0.813981	0.852096	0.819378	0.746716	
0.88886	0.858016	0.883835	0.799549	0.814748	0.852547	0.819622	0.747121	
0.87746	0.849862	0.875391	0.788743	0.813077	0.849301	0.814421	0.745997	
0.889119	0.858607	0.884063	0.799671	0.814754	0.852731	0.81966	0.747422	
0.888649	0.857049	0.883549	0.801261	0.815585	0.85245	0.819571	0.747921	
0.872911	0.839221	0.875312	0.790818	0.812175	0.849618	0.815229	0.745734	
0.889429	0.858943	0.884136	0.801183	0.815692	0.852966	0.81993	0.748078	
0.889144	0.85447	0.883557	0.800526	0.815977	0.85324	0.820643	0.748202	
0.889496	0.859214	0.884369	0.801264	0.815878	0.853165	0.820274	0.74821	
0.860596	0.810335	0.854998	0.75037	0.811383	0.842284	0.811281	0.741165	
0.889105	0.859727	0.884154	0.801241	0.81615	0.85311	0.820204	0.748588	
0.889432	0.859139	0.884212	0.801666	0.816326	0.853145	0.82047	0.74851	
0.889461	0.859815	0.884377	0.801961	0.816421	0.853217	0.820505	0.748702	
0.889395	0.860234	0.884346	0.803045	0.817326	0.853336	0.821127	0.749333	
0.810937	0.660252	0.817658	0.660488	0.808959	0.822896	0.806643	0.735574	
0.888388	0.859167	0.883316	0.802799	0.818375	0.852712	0.821469	0.749876	
0.889324	0.860489	0.884179	0.803348	0.817722	0.853201	0.821291	0.74958	
0.837464	0.785419	0.824127	0.734186	0.802189	0.836218	0.80555	0.722276	
0.88943	0.859963	0.883946	0.803223	0.817994	0.853306	0.821335	0.749472	
0.889511	0.860512	0.884257	0.803572	0.81788	0.853298	0.821356	0.749599	
0.888348	0.860966	0.882956	0.803485	0.818935	0.853185	0.821492	0.749717	
0.889294	0.860941	0.884193	0.804013	0.818383	0.853382	0.821483	0.749839	
0.660602	0.68551	0.657531	0.652838	0.732971	0.763264	0.74784	0.629143	
0.888277	0.859208	0.882272	0.803025	0.81858	0.85301	0.821204	0.74895	
0.889667	0.860967	0.884295	0.804401	0.81861	0.853495	0.821623	0.749848	
0.888254	0.8616	0.884169	0.805192	0.820227	0.852924	0.821014	0.750112	
0.838832	0.853726	0.851933	0.802488	0.815935	0.843114	0.797799	0.741823	
0.889998	0.861832	0.884558	0.805507	0.819924	0.854017	0.821874	0.74993	
0.890032	0.861686	0.884467	0.80602	0.82035	0.85409	0.821889	0.750202	
0.887054	0.856578	0.884097	0.805488	0.820358	0.853598	0.821493	0.74949	
0.890195	0.862498	0.88471	0.806133	0.820461	0.854262	0.821943	0.750125	
0.888928	0.862696	0.884039	0.806636	0.821531	0.854466	0.821887	0.749318	
0.890186	0.862692	0.884662	0.806596	0.820951	0.854438	0.82209	0.749908	
0.597993	0.68772	0.717855	0.649387	0.767248	0.736026	0.650561	0.68034	
0.885935	0.861612	0.883365	0.805585	0.820702	0.853105	0.820282	0.750348	
0.890376	0.862807	0.884848	0.806717	0.821014	0.85444	0.822099	0.750168	
0.890215	0.863202	0.884533	0.80759	0.821914	0.854746	0.822291	0.750437	
0.465157	0.633271	0.508691	0.619176	0.758066	0.598166	0.531462	0.612535	
0.883632	0.860994	0.879506	0.805582	0.82172	0.849636	0.818726	0.749664	
0.890509	0.863357	0.88531	0.807701	0.822016	0.854666	0.822619	0.750586	
0.890242	0.863075	0.883897	0.809503	0.822975	0.855431	0.822013	0.750229	
0.876728	0.834276	0.875137	0.803643	0.821544	0.841915	0.799005	0.750804	
0.89075	0.864338	0.885523	0.809563	0.823198	0.855126	0.82346	0.751112	
0.890209	0.864395	0.885547	0.810561	0.823763	0.855062	0.824055	0.752145	
0.887726	0.854889	0.873633	0.806936	0.822986	0.852537	0.819983	0.748289	
0.890695	0.865444	0.885592	0.811005	0.823993	0.855503	0.824223	0.751936	
0.886948	0.865057	0.885421	0.812682	0.824658	0.855051	0.824328	0.753077	
0.890292	0.865523	0.885967	0.811838	0.824312	0.85554	0.824619	0.752478	
0.366437	0.326196	0.427942	0.545902	0.607952	0.526173	0.579657	0.448382	
0.880338	0.84911	0.875207	0.8059	0.822315	0.851437	0.820834	0.748904	
0.89091	0.865749	0.885937	0.811957	0.824425	0.855661	0.824721	0.752487	
0.888315	0.857735	0.883806	0.811726	0.824615	0.855952	0.824558	0.751887	
0.890759	0.865915	0.885937	0.812243	0.824569	0.855898	0.824933	0.752476	
0.882752	0.83977	0.876857	0.807146	0.824181	0.851885	0.821854	0.751672	
0.89104	0.866155	0.88586	0.812377	0.824774	0.855927	0.82493	0.752634	
0.883488	0.855016	0.879945	0.803475	0.823239	0.854836	0.823215	0.749311	
0.890744	0.866502	0.885945	0.812661	0.8249	0.856258	0.82504	0.752759	
0.882388	0.852506	0.8774	0.802687	0.823888	0.850863	0.822576	0.750894	
0.891084	0.866582	0.885951	0.812885	0.825143	0.856253	0.825149	0.753031	
0.874004	0.853741	0.869526	0.786832	0.821037	0.852272	0.821599	0.744639	
0.890798	0.867054	0.886094	0.813059	0.825315	0.856674	0.825286	0.753227	
0.883069	0.853256	0.877122	0.802682	0.823492	0.850738	0.822952	0.751338	
0.891206	0.867028	0.886215	0.813429	0.825431	0.856697	0.825417	0.75369	
0.871837	0.851584	0.859996	0.788621	0.81945	0.849103	0.81967	0.745559	
0.891099	0.867317	0.8864	0.81377	0.825457	0.857053	0.825588	0.753938	
0.891422	0.867357	0.886545	0.813992	0.825613	0.85706	0.825715	0.754284	
0.891382	0.867588	0.88669	0.814264	0.825589	0.857286	0.825855	0.754439	
0.890123	0.860101	0.88585	0.813101	0.825653	0.856456	0.82609	0.7554	
0.891694	0.867351	0.886899	0.814669	0.825707	0.857357	0.82607	0.754919	
0.766524	0.750935	0.778621	0.687952	0.797689	0.802579	0.784713	0.715023	
0.890249	0.867229	0.886274	0.814494	0.825098	0.857379	0.826053	0.754932	
0.891665	0.867768	0.88703	0.815057	0.825599	0.857523	0.826184	0.755055	
0.891188	0.867812	0.886345	0.816309	0.8259	0.857628	0.826965	0.756053	
0.823101	0.854596	0.861735	0.794412	0.818459	0.842688	0.7872	0.747117	
0.892273	0.868034	0.88748	0.817071	0.825587	0.857741	0.827169	0.756566	
0.891491	0.868463	0.886612	0.817185	0.825793	0.858447	0.82747	0.757327	
0.890012	0.860538	0.881726	0.814235	0.823455	0.854581	0.825758	0.754232	
0.892303	0.868471	0.887727	0.817675	0.825746	0.858276	0.827709	0.757645	
0.893066	0.86789	0.887674	0.819255	0.826233	0.857643	0.828457	0.758334	
0.224842	0.570203	0.474287	0.290958	0.741782	0.664971	0.686194	0.615857	
0.865035	0.863332	0.877738	0.806267	0.825714	0.854577	0.824601	0.755746	
0.893217	0.868075	0.888254	0.819115	0.826354	0.858019	0.828435	0.758445	
0.878075	0.86871	0.879933	0.817682	0.826236	0.856471	0.821261	0.759152	
0.893083	0.868394	0.888053	0.819196	0.826472	0.858218	0.828607	0.758763	
0.879014	0.865956	0.885312	0.814037	0.826466	0.856697	0.822945	0.759628	
0.893142	0.868425	0.888302	0.81922	0.826651	0.858407	0.82868	0.759218	
0.876976	0.858952	0.858944	0.798043	0.818758	0.851385	0.819524	0.750062	
0.89323	0.868489	0.888348	0.819406	0.826667	0.858593	0.828926	0.75948	
0.892848	0.868758	0.887483	0.819211	0.827008	0.858773	0.828802	0.76007	
0.893157	0.868734	0.888275	0.819578	0.826872	0.858749	0.828912	0.759804	
0.892879	0.867868	0.887829	0.819325	0.826803	0.858763	0.829064	0.761261	
0.893229	0.868564	0.888475	0.819802	0.826921	0.858896	0.829018	0.760529	
0.698206	0.576076	0.515971	0.518145	0.748448	0.727436	0.772439	0.684626	
0.89023	0.866455	0.881081	0.816236	0.826731	0.858304	0.828152	0.76047	
0.893117	0.86898	0.888407	0.820085	0.827088	0.859094	0.828981	0.760767	
0.893251	0.869375	0.888634	0.821106	0.827386	0.859533	0.828984	0.761447	
0.770611	0.792242	0.632859	0.598928	0.787537	0.793106	0.744114	0.685598	
0.891176	0.868923	0.883058	0.819183	0.827683	0.859095	0.82733	0.762336	
0.893261	0.869455	0.888508	0.821389	0.827534	0.85958	0.828852	0.761883	
0.891881	0.866092	0.883237	0.817664	0.82694	0.858062	0.827673	0.760197	
0.893533	0.869605	0.888627	0.821519	0.827585	0.859595	0.828859	0.761917	
0.884673	0.859856	0.875929	0.814362	0.825047	0.856309	0.825506	0.760015	
0.893327	0.869755	0.888585	0.822028	0.827645	0.85987	0.828773	0.762317	
0.874434	0.838354	0.874483	0.804139	0.82258	0.848958	0.821886	0.755062	
0.893759	0.869998	0.888656	0.822297	0.827772	0.859709	0.828687	0.76262	
0.893526	0.870184	0.888757	0.822638	0.827825	0.860099	0.82875	0.762845	
0.881246	0.850703	0.881771	0.813375	0.825627	0.854296	0.825216	0.7606	
0.893834	0.870361	0.888791	0.822873	0.827969	0.859992	0.828686	0.76317	
0.877045	0.855899	0.883609	0.813167	0.825875	0.858153	0.825587	0.759171	
0.893821	0.870564	0.888959	0.823099	0.82803	0.860381	0.828684	0.763252	
0.877467	0.84978	0.874593	0.811793	0.824302	0.853763	0.82402	0.760164	
0.894199	0.870734	0.888928	0.823266	0.828175	0.860252	0.828802	0.76364	
0.879925	0.860792	0.883542	0.815464	0.82588	0.859449	0.82379	0.760735	
0.894397	0.870899	0.889143	0.823464	0.828218	0.860667	0.828779	0.763653	
0.87621	0.8574	0.873565	0.813894	0.825336	0.854456	0.823332	0.761433	
0.894624	0.871094	0.889106	0.823522	0.828399	0.860576	0.829121	0.763999	
0.881247	0.862521	0.883329	0.8169	0.827344	0.859823	0.825932	0.763606	
0.894677	0.871176	0.889308	0.823605	0.828537	0.860947	0.829154	0.764299	
0.868724	0.846541	0.863842	0.806977	0.821739	0.849405	0.822883	0.75722	
0.894896	0.871642	0.889034	0.823733	0.828698	0.860785	0.829482	0.76463	
0.894763	0.871611	0.889354	0.823837	0.828871	0.861139	0.829501	0.764966	
0.89498	0.871951	0.889246	0.823992	0.828942	0.861071	0.829672	0.765146	
0.892401	0.870557	0.887245	0.823207	0.830012	0.861405	0.830291	0.766758	
0.894664	0.872203	0.889024	0.824204	0.829403	0.861398	0.82999	0.765779	
0.893836	0.868261	0.887285	0.822644	0.828563	0.859485	0.829694	0.7658	
0.895086	0.872602	0.889206	0.82442	0.82941	0.861213	0.830149	0.766051	
0.89453	0.872752	0.888427	0.82521	0.83021	0.861645	0.830581	0.767369	
0.859046	0.79	0.859778	0.805333	0.820556	0.846886	0.818668	0.755425	
0.895438	0.873759	0.888913	0.825363	0.830405	0.8613	0.830936	0.767711	
0.89542	0.873905	0.888922	0.825433	0.83049	0.861332	0.831019	0.767798	
0.895397	0.874343	0.888771	0.825935	0.831318	0.860929	0.83146	0.769006	
0.400235	0.36508	0.468289	0.579951	0.696836	0.66912	0.621607	0.641112	
0.882804	0.855763	0.880485	0.823794	0.828543	0.860404	0.82735	0.767758	
0.895545	0.874592	0.888868	0.82614	0.831258	0.861236	0.831441	0.769187	
0.894746	0.874602	0.888076	0.825722	0.83148	0.860814	0.831891	0.769912	
0.895749	0.874828	0.888888	0.826237	0.831393	0.861134	0.831701	0.769553	
0.719496	0.707524	0.759495	0.698681	0.793526	0.813971	0.786717	0.716307	
0.892947	0.873533	0.887623	0.825982	0.831708	0.861257	0.831094	0.770014	
0.895593	0.874952	0.888936	0.826542	0.831596	0.861308	0.831645	0.769865	
0.894959	0.875506	0.888766	0.826576	0.832383	0.861448	0.832206	0.770046	
0.85096	0.857159	0.883846	0.823705	0.828879	0.858801	0.82922	0.768018	
0.895992	0.875648	0.888919	0.827005	0.832424	0.861685	0.832161	0.770487	
0.896247	0.876013	0.889591	0.826865	0.83237	0.862063	0.832691	0.770823	
0.671703	0.814378	0.74763	0.724431	0.815671	0.827635	0.802477	0.756193	
0.894319	0.876072	0.887368	0.826647	0.832798	0.862339	0.832587	0.771439	
0.896417	0.876237	0.889287	0.827215	0.832584	0.86226	0.83274	0.771065	
0.881684	0.848373	0.881824	0.80742	0.829414	0.855169	0.826203	0.768135	
0.896579	0.876376	0.889581	0.827088	0.832762	0.862231	0.832694	0.771321	
0.896409	0.876184	0.889457	0.827435	0.83269	0.86239	0.832943	0.771487	
0.896749	0.876573	0.88964	0.827302	0.832845	0.862433	0.832904	0.77153	
0.896739	0.876777	0.889665	0.827442	0.832869	0.862469	0.832959	0.771632	
0.897019	0.877064	0.889985	0.827639	0.833238	0.862651	0.832984	0.772328	
0.460699	0.260733	0.577553	0.470467	0.623298	0.659327	0.684738	0.605114	
0.881143	0.839945	0.882505	0.821109	0.829547	0.859978	0.831089	0.768758	
0.896998	0.877504	0.889939	0.827962	0.833214	0.862739	0.833072	0.772499	
0.897063	0.877562	0.89	0.827974	0.833278	0.86275	0.833075	0.772572	
0.897298	0.877997	0.890308	0.828688	0.83371	0.862903	0.833234	0.773441	
0.71708	0.530564	0.80855	0.741348	0.78468	0.798598	0.800577	0.675878	
0.896146	0.872305	0.889987	0.827444	0.833944	0.862175	0.832904	0.773755	
0.897528	0.877995	0.890415	0.828662	0.833842	0.862867	0.833233	0.773649	
0.885768	0.869523	0.884351	0.824609	0.833142	0.862227	0.83188	0.772045	
0.897429	0.878155	0.890322	0.828911	0.833968	0.863009	0.83332	0.773854	
0.873082	0.858909	0.873298	0.80874	0.82691	0.855223	0.827929	0.76503	
0.897672	0.878147	0.890484	0.828937	0.834082	0.862904	0.833316	0.774183	
0.897639	0.878239	0.890395	0.829228	0.834274	0.863109	0.83339	0.774316	
0.897822	0.878288	0.890522	0.829288	0.834332	0.863105	0.833443	0.774457	
0.896647	0.87809	0.889723	0.829996	0.83493	0.863795	0.833542	0.775213	
0.849088	0.857938	0.864224	0.799259	0.82339	0.851933	0.82452	0.758736	
0.898258	0.87846	0.890644	0.830509	0.835104	0.863853	0.833797	0.775718	
0.898595	0.878427	0.890787	0.830987	0.835429	0.864175	0.833855	0.776387	
0.345667	0.288744	0.378537	0.38442	0.595659	0.567477	0.464776	0.49567	
0.872189	0.86801	0.875271	0.819399	0.83139	0.861335	0.828582	0.767718	
0.898665	0.878606	0.890873	0.831296	0.835522	0.864462	0.833933	0.776436	
0.898837	0.878705	0.891204	0.832029	0.835492	0.864627	0.83386	0.777019	
0.470555	0.374892	0.457544	0.532689	0.715871	0.734213	0.676773	0.607302	
0.888728	0.871258	0.883667	0.827525	0.834499	0.86474	0.832502	0.774325	
0.898831	0.878939	0.891083	0.832344	0.835634	0.8649	0.833956	0.777176	
0.899324	0.876996	0.890288	0.83169	0.836216	0.865033	0.833424	0.777648	
0.899114	0.878805	0.891176	0.832319	0.83584	0.864996	0.833912	0.77743	
0.867521	0.823027	0.871452	0.821817	0.83043	0.863767	0.829221	0.769568	
0.898654	0.87878	0.891093	0.832702	0.835819	0.865414	0.83399	0.777436	
0.899266	0.878924	0.891309	0.83263	0.835856	0.865252	0.833906	0.777597	
0.899155	0.879108	0.89133	0.832802	0.835876	0.865413	0.833968	0.777611	
0.899654	0.879289	0.891571	0.833279	0.836112	0.865826	0.833918	0.777944	
0.502992	0.325038	0.606071	0.571638	0.727607	0.722054	0.657899	0.672682	
0.890637	0.866025	0.885807	0.830896	0.835135	0.865662	0.832488	0.776105	
0.899455	0.879573	0.891609	0.833493	0.836185	0.866053	0.833992	0.777993	
0.899591	0.879029	0.891986	0.833834	0.835801	0.865975	0.833692	0.778559	
0.884496	0.853523	0.883158	0.827946	0.835675	0.865502	0.83218	0.775519	
0.899766	0.880371	0.891954	0.834406	0.836349	0.866441	0.833839	0.778719	
0.899939	0.879417	0.891598	0.833874	0.837523	0.866674	0.833355	0.779525	
0.899232	0.877822	0.890718	0.835389	0.836706	0.866872	0.83249	0.778442	
0.900099	0.88058	0.891898	0.834847	0.837321	0.866895	0.83359	0.779462	
0.893557	0.866588	0.889587	0.830909	0.835789	0.864068	0.832541	0.77881	
0.900409	0.880656	0.892033	0.834913	0.837334	0.866752	0.833574	0.779663	
0.898139	0.876502	0.891274	0.835892	0.836936	0.867177	0.832933	0.779809	
0.900214	0.880944	0.892078	0.835335	0.837325	0.866964	0.833555	0.779868	
0.818871	0.741618	0.846864	0.796751	0.819182	0.83622	0.812724	0.74719	
0.90051	0.880214	0.89193	0.835003	0.837578	0.866381	0.833424	0.780512	
0.900585	0.88113	0.892142	0.835327	0.837479	0.866809	0.833557	0.780209	
0.9009	0.881621	0.892403	0.835813	0.837872	0.867214	0.833148	0.781161	
0.22196	0.523645	0.324306	0.445562	0.495892	0.452195	0.443023	0.366833	
0.880466	0.873928	0.874327	0.826173	0.834617	0.859884	0.820312	0.774267	
0.901073	0.881737	0.892447	0.835928	0.837982	0.867292	0.833452	0.781357	
0.899386	0.881887	0.891743	0.836767	0.837107	0.866576	0.833002	0.782552	
0.900998	0.881894	0.892465	0.836254	0.83786	0.867141	0.833605	0.781835	
0.873663	0.873973	0.871821	0.824183	0.832702	0.859345	0.815186	0.773468	
0.901106	0.881929	0.892435	0.836209	0.838069	0.867398	0.833814	0.781995	
0.900964	0.882213	0.892576	0.836634	0.838001	0.86748	0.833764	0.781983	
0.901161	0.882227	0.892542	0.836567	0.838168	0.867395	0.833948	0.782403	
0.90114	0.88239	0.892612	0.836752	0.838155	0.86754	0.833938	0.782359	
0.901089	0.883021	0.892519	0.837501	0.838585	0.867584	0.834441	0.78361	
0.362485	0.119752	0.396884	0.244516	0.484577	0.488007	0.535182	0.485911	
0.87477	0.844545	0.872153	0.816514	0.830778	0.864715	0.825402	0.765137	
0.901101	0.883397	0.892574	0.837866	0.838444	0.867984	0.834299	0.783402	
0.901219	0.883465	0.892617	0.837839	0.838596	0.867862	0.834396	0.783695	
0.901162	0.883954	0.892471	0.838543	0.838599	0.868357	0.834271	0.784278	
0.887845	0.841778	0.877173	0.825544	0.834677	0.859687	0.828627	0.779004	
0.90155	0.884396	0.892625	0.838625	0.838859	0.868173	0.834439	0.784732	
0.901688	0.884488	0.892584	0.839448	0.838582	0.868627	0.834548	0.785781	
0.367231	0.286757	0.28432	0.336781	0.513537	0.347527	0.314405	0.194261	
0.880724	0.786555	0.868204	0.824709	0.830859	0.853131	0.8235	0.779871	
0.90199	0.884986	0.892628	0.839452	0.838889	0.8684	0.834594	0.786008	
0.902	0.885251	0.892689	0.839609	0.838842	0.868544	0.834586	0.786083	
0.902435	0.885542	0.892795	0.840231	0.83908	0.868587	0.834483	0.787147	
0.772325	0.547558	0.759397	0.759821	0.782866	0.768494	0.778483	0.76048	
0.900696	0.880257	0.891506	0.839393	0.838143	0.868813	0.834137	0.787213	
0.902392	0.88577	0.89293	0.840284	0.839035	0.868859	0.834554	0.787232	
0.895576	0.879223	0.887417	0.83451	0.837003	0.866716	0.835376	0.786528	
0.902551	0.88583	0.892973	0.840343	0.839016	0.86873	0.834761	0.78754	
0.881194	0.863506	0.876622	0.829676	0.836479	0.866556	0.830604	0.780504	
0.902505	0.88589	0.89294	0.840649	0.839182	0.868973	0.834654	0.787589	
0.902679	0.885989	0.893064	0.840564	0.839135	0.868842	0.834964	0.787835	
0.902732	0.886059	0.893075	0.840793	0.839228	0.868961	0.834897	0.787891	
0.901973	0.885924	0.892779	0.840756	0.839316	0.86861	0.835697	0.7886	
0.85271	0.864271	0.87561	0.831003	0.835866	0.861351	0.822098	0.778239	
0.903282	0.886524	0.893189	0.841636	0.83968	0.86915	0.835704	0.788855	
0.903052	0.886565	0.892713	0.842321	0.840072	0.869518	0.835762	0.789217	
0.887831	0.874947	0.883961	0.833873	0.835744	0.86444	0.835566	0.784467	
0.903613	0.886864	0.893121	0.842422	0.840005	0.869353	0.836085	0.789556	
0.902849	0.887215	0.892829	0.842699	0.840091	0.869203	0.836358	0.79037	
0.885667	0.88456	0.884413	0.841467	0.840209	0.865077	0.830603	0.789317	
0.90403	0.887371	0.893177	0.842866	0.84027	0.869448	0.83666	0.790409	
0.902847	0.886937	0.891088	0.842777	0.840888	0.869699	0.836183	0.790375	
0.903965	0.887472	0.893043	0.843225	0.840543	0.8696	0.836592	0.790532	
0.859902	0.834462	0.859649	0.819642	0.827578	0.855125	0.830201	0.771034	
0.904138	0.887224	0.893047	0.843145	0.840467	0.86929	0.836796	0.790826	
0.904179	0.88752	0.893145	0.843262	0.840541	0.869493	0.836707	0.790718	
0.901635	0.886776	0.892824	0.84355	0.841228	0.870388	0.83655	0.79083	
0.904078	0.887573	0.893155	0.843455	0.840815	0.869866	0.836714	0.79084	
0.735666	0.802359	0.829847	0.812474	0.825642	0.831719	0.812998	0.749668	
0.903711	0.887108	0.892702	0.843382	0.840989	0.869233	0.836786	0.791254	
0.904501	0.887672	0.893148	0.843523	0.840918	0.869727	0.83681	0.791087	
0.904732	0.887758	0.893188	0.843698	0.841702	0.870637	0.836734	0.791416	
0.239563	0.227299	0.272411	0.475366	0.459287	0.360476	0.487506	0.232764	
0.883122	0.867635	0.874601	0.834055	0.836928	0.860858	0.833022	0.781887	
0.905424	0.887914	0.893171	0.84382	0.841843	0.870481	0.837051	0.791835	
0.905415	0.887689	0.891748	0.844335	0.843113	0.870432	0.837128	0.791388	
0.905556	0.888027	0.893002	0.844137	0.842419	0.87053	0.837134	0.791668	
0.886676	0.818897	0.812188	0.804412	0.828836	0.849318	0.826685	0.779691	
0.905878	0.887731	0.892785	0.843765	0.842599	0.870396	0.837163	0.791898	
0.905752	0.888096	0.893154	0.844087	0.842537	0.870528	0.837176	0.791798	
0.904298	0.88729	0.892752	0.843909	0.843654	0.870909	0.836728	0.790679	
0.905668	0.888312	0.89325	0.844262	0.842946	0.870722	0.837108	0.791627	
0.851425	0.835748	0.861254	0.820995	0.835152	0.851945	0.828334	0.768752	
0.905785	0.888306	0.892998	0.844288	0.843298	0.87041	0.837233	0.791772	
0.905866	0.888626	0.893321	0.844407	0.843498	0.870908	0.837209	0.7916	
0.906085	0.88874	0.893297	0.844498	0.843617	0.870809	0.837281	0.791743	
0.906323	0.889332	0.893424	0.844866	0.844864	0.871309	0.837289	0.791698	
0.360482	0.43896	0.455515	0.570673	0.612123	0.554097	0.606299	0.362267	
0.891887	0.880305	0.885393	0.840531	0.842896	0.866311	0.834592	0.786871	
0.906602	0.889563	0.893365	0.845012	0.844992	0.871234	0.837351	0.791841	
0.906506	0.889695	0.893398	0.845364	0.845739	0.871742	0.837442	0.792127	
0.181788	0.366889	0.30692	0.517887	0.619368	0.528053	0.463949	0.32101	
0.871976	0.873846	0.874829	0.83884	0.843601	0.865111	0.830472	0.782411	
0.907142	0.889921	0.893481	0.845427	0.845914	0.871633	0.837692	0.792284	
0.905302	0.888758	0.893781	0.844906	0.846175	0.871626	0.836729	0.792504	
0.906951	0.889996	0.89373	0.845639	0.846066	0.871697	0.837591	0.792416	
0.893056	0.871773	0.8801	0.835527	0.843387	0.868145	0.835894	0.787913	
0.907149	0.890067	0.893643	0.845622	0.846146	0.871779	0.837778	0.792441	
0.907094	0.890139	0.893817	0.845751	0.846257	0.871916	0.837639	0.792575	
0.907203	0.89019	0.893831	0.845778	0.846304	0.871958	0.837757	0.792628	
0.906475	0.889743	0.893489	0.845734	0.846873	0.872559	0.837035	0.792906	
0.907147	0.890251	0.893964	0.845961	0.846589	0.872279	0.837577	0.792864	
0.753025	0.76118	0.711009	0.759301	0.797688	0.814673	0.790128	0.678147	
0.906429	0.889194	0.892704	0.845531	0.84616	0.872004	0.837554	0.79247	
0.907314	0.890332	0.894102	0.846085	0.846576	0.872346	0.837697	0.792991	
0.906745	0.8902	0.894352	0.846501	0.846823	0.873388	0.837435	0.793351	
0.873696	0.868912	0.877468	0.841973	0.843242	0.866516	0.832242	0.776015	
0.907539	0.890674	0.894618	0.846796	0.847046	0.873253	0.837526	0.7939	
0.907506	0.890836	0.894838	0.847323	0.847176	0.873779	0.837656	0.79447	
0.819397	0.803017	0.770716	0.824269	0.827557	0.813692	0.71158	0.67845	
0.906846	0.890011	0.892812	0.847842	0.848141	0.87336	0.836193	0.793393	
0.907621	0.890941	0.894772	0.84753	0.847464	0.873833	0.837597	0.794532	
0.901815	0.88701	0.889677	0.846077	0.846326	0.872897	0.836507	0.793398	
0.907835	0.890888	0.894777	0.847639	0.847453	0.873992	0.837744	0.79482	
0.743107	0.801006	0.83588	0.793356	0.828788	0.857607	0.819045	0.741493	
0.90591	0.890637	0.894936	0.847283	0.847741	0.874582	0.837461	0.794387	
0.907773	0.891036	0.894973	0.847653	0.84759	0.874225	0.8377	0.794855	
0.907717	0.891163	0.894777	0.848562	0.848139	0.874245	0.837443	0.795897	
0.352867	0.552311	0.667966	0.732994	0.730241	0.797724	0.689344	0.563079	
0.883783	0.881773	0.89196	0.846295	0.84765	0.875487	0.835146	0.789065	
0.908	0.891314	0.894955	0.848511	0.848296	0.87469	0.837622	0.795901	
0.905172	0.887461	0.891591	0.845513	0.846371	0.873599	0.837494	0.795223	
0.908266	0.89137	0.89504	0.848576	0.848201	0.874741	0.837732	0.795988	
0.894158	0.88441	0.89271	0.847033	0.847986	0.875391	0.835534	0.792414	
0.908141	0.891506	0.895186	0.848639	0.848305	0.875063	0.837786	0.795947	
0.900477	0.882884	0.888443	0.845031	0.84645	0.87188	0.834984	0.795266	
0.908525	0.89155	0.895206	0.848748	0.848301	0.875008	0.837796	0.79618	
0.901291	0.886104	0.892595	0.847419	0.847888	0.874981	0.836491	0.793846	
0.908463	0.891793	0.89542	0.848983	0.848417	0.875259	0.837861	0.7961	
0.868688	0.827517	0.863248	0.825197	0.835902	0.861282	0.824777	0.785909	
0.908948	0.891546	0.895245	0.848927	0.848421	0.875122	0.838148	0.796367	
0.908806	0.892038	0.895589	0.849304	0.848605	0.875362	0.837987	0.796304	
0.909075	0.892152	0.895593	0.849304	0.84862	0.875352	0.8382	0.796415	
0.909332	0.892603	0.895957	0.849931	0.849115	0.875687	0.838568	0.796774	
0.172835	0.232357	0.287718	0.41647	0.529931	0.448577	0.47942	0.411484	
0.880276	0.854279	0.875952	0.837874	0.843561	0.868196	0.832953	0.792607	
0.909631	0.892699	0.895996	0.849836	0.8491	0.875665	0.838804	0.79695	
0.909666	0.892834	0.896074	0.850043	0.849158	0.875728	0.838765	0.796945	
0.909971	0.89249	0.896119	0.850379	0.849292	0.875754	0.839278	0.797568	
0.88539	0.855102	0.884902	0.844441	0.846278	0.870578	0.831859	0.790579	
0.910235	0.893129	0.896373	0.850781	0.849468	0.875957	0.839227	0.797509	
0.910694	0.893033	0.896463	0.851149	0.849411	0.876227	0.839792	0.798186	
0.618891	0.514306	0.521837	0.595124	0.693233	0.668705	0.551833	0.60479	
0.901801	0.882339	0.88267	0.846258	0.848131	0.873754	0.835654	0.793806	
0.910671	0.893302	0.896571	0.851344	0.84972	0.876319	0.839687	0.798202	
0.909597	0.891008	0.896132	0.85178	0.850336	0.875929	0.839953	0.799055	
0.910776	0.893235	0.896505	0.851564	0.849943	0.876276	0.83981	0.798539	
0.745997	0.603617	0.856441	0.80713	0.83347	0.842458	0.812148	0.767667	
0.908938	0.890956	0.896649	0.851611	0.850018	0.876408	0.839439	0.798157	
0.910832	0.893462	0.896651	0.851681	0.850004	0.876385	0.839777	0.798528	
0.911147	0.893515	0.89665	0.852236	0.850494	0.876555	0.839801	0.799067	
0.582127	0.596448	0.813296	0.786416	0.791595	0.809258	0.780106	0.753428	
0.904101	0.88883	0.895631	0.852278	0.850002	0.87682	0.839655	0.798242	
0.911141	0.893635	0.896667	0.852332	0.850521	0.876747	0.839923	0.799043	
0.90968	0.885729	0.894673	0.850308	0.849897	0.876339	0.840037	0.799529	
0.911301	0.893633	0.896649	0.852309	0.850516	0.876782	0.840003	0.799242	
0.905743	0.881952	0.895682	0.853121	0.850699	0.877102	0.839658	0.798248	
0.911236	0.893661	0.896738	0.852585	0.85064	0.876945	0.840049	0.799233	
0.896157	0.868811	0.887075	0.844164	0.847549	0.872743	0.838851	0.797341	
0.911505	0.89373	0.896616	0.852517	0.850629	0.876914	0.840165	0.799796	
0.911452	0.893832	0.896743	0.852852	0.85081	0.877165	0.840141	0.799566	
0.911639	0.893843	0.896733	0.852785	0.850788	0.877179	0.840251	0.799945	
0.906554	0.892389	0.892228	0.852511	0.851152	0.87648	0.838146	0.79683	
0.911622	0.893976	0.896685	0.853135	0.851	0.877367	0.840233	0.799846	
0.847196	0.860877	0.839338	0.816293	0.832842	0.85214	0.818709	0.764619	
0.911717	0.893719	0.896517	0.852676	0.850698	0.877295	0.840438	0.800362	
0.911855	0.89397	0.896767	0.853048	0.85092	0.877404	0.840386	0.800149	
0.911765	0.894404	0.896226	0.854035	0.851557	0.878272	0.840574	0.799771	
0.880873	0.873107	0.874723	0.83707	0.842928	0.868638	0.833778	0.787891	
0.912447	0.894469	0.896534	0.853985	0.851408	0.878279	0.840908	0.800349	
0.912516	0.89439	0.896389	0.854533	0.851813	0.878918	0.841195	0.800357	
0.475899	0.290468	0.389514	0.58194	0.647449	0.500186	0.453747	0.528087	
0.904669	0.877662	0.883739	0.849568	0.850137	0.874496	0.837225	0.799841	
0.912743	0.894606	0.896421	0.854573	0.851936	0.878855	0.841349	0.80064	
0.912392	0.893802	0.895307	0.854083	0.852916	0.879007	0.8407	0.800393	
0.912801	0.89464	0.896339	0.854763	0.852304	0.878961	0.841236	0.800716	
0.877982	0.856606	0.851982	0.822452	0.829489	0.863959	0.833731	0.772931	
0.912825	0.894381	0.896185	0.854551	0.852154	0.878643	0.841588	0.801108	
0.912918	0.894642	0.896415	0.854766	0.852299	0.878866	0.84141	0.800953	
0.911418	0.894294	0.896076	0.855102	0.853128	0.878913	0.841085	0.800905	
0.912835	0.894689	0.896478	0.854986	0.85268	0.878968	0.841358	0.801062	
0.825617	0.847098	0.838994	0.831019	0.828664	0.853726	0.815565	0.764481	
0.91278	0.89425	0.896088	0.855017	0.852738	0.878643	0.841299	0.80156	
0.913104	0.894661	0.896489	0.855065	0.852762	0.878906	0.841415	0.801356	
0.91205	0.893025	0.896617	0.855228	0.853686	0.879096	0.841021	0.801448	
0.913096	0.894603	0.896675	0.855253	0.853222	0.879077	0.84133	0.801522	
0.790855	0.746239	0.828472	0.794097	0.80069	0.834966	0.808078	0.739087	
0.912782	0.893406	0.89622	0.854958	0.85304	0.87854	0.841158	0.801883	
0.913348	0.894734	0.89671	0.855324	0.853282	0.879022	0.841364	0.801766	
0.913519	0.89477	0.896624	0.855786	0.854013	0.879349	0.84123	0.802297	
0.347322	0.413501	0.449659	0.429843	0.543286	0.533786	0.53188	0.37257	
0.9009	0.883757	0.885863	0.848407	0.849877	0.872548	0.834182	0.794637	
0.913681	0.894915	0.896749	0.85594	0.854147	0.879372	0.841399	0.802322	
0.913562	0.894997	0.896128	0.856171	0.854383	0.879459	0.84112	0.802567	
0.913835	0.895049	0.896593	0.856066	0.854272	0.879465	0.841375	0.802497	
0.860287	0.872837	0.847572	0.844071	0.846441	0.859248	0.809405	0.775831	
0.913733	0.894963	0.896521	0.856197	0.854351	0.87953	0.841356	0.802285	
0.913954	0.895081	0.896679	0.856161	0.854329	0.879554	0.841482	0.80248	
0.91083	0.893679	0.894817	0.855522	0.854528	0.879612	0.840498	0.801788	
0.913919	0.895183	0.896677	0.85622	0.854529	0.879726	0.841477	0.802508	
0.902101	0.875534	0.887667	0.851931	0.851426	0.873548	0.837991	0.797904	
0.914168	0.895106	0.896648	0.856318	0.854651	0.879652	0.84149	0.802701	
0.914035	0.895178	0.896635	0.8564	0.854791	0.879934	0.841542	0.802667	
0.914251	0.895288	0.896667	0.856438	0.854879	0.879847	0.841558	0.802801	
0.913497	0.893683	0.895952	0.856632	0.855472	0.880286	0.841206	0.803002	
0.914217	0.895282	0.896602	0.85657	0.855137	0.880061	0.841579	0.802925	
0.85904	0.826176	0.861414	0.840813	0.836584	0.854454	0.822025	0.79064	
0.914268	0.89463	0.896434	0.856611	0.855086	0.879695	0.841514	0.803407	
0.914394	0.895346	0.896633	0.856627	0.855164	0.879983	0.841616	0.803142	
0.914207	0.894998	0.896419	0.857007	0.855452	0.880514	0.84145	0.80394	
0.898083	0.871512	0.882584	0.850248	0.847622	0.87061	0.837281	0.798403	
0.914776	0.895519	0.896723	0.857299	0.855557	0.880359	0.841716	0.804342	
0.915062	0.895558	0.896599	0.857716	0.855827	0.880338	0.842041	0.805078	
0.408008	0.423163	0.69632	0.69307	0.672661	0.764417	0.725136	0.702937	
0.900867	0.881767	0.890821	0.855858	0.852376	0.880226	0.839649	0.803635	
0.915053	0.895777	0.896674	0.857809	0.855883	0.88059	0.84203	0.805089	
0.914904	0.895989	0.896357	0.858179	0.855578	0.880161	0.842516	0.804997	
0.915201	0.895908	0.896723	0.858026	0.855874	0.880458	0.842306	0.805231	
0.751905	0.813862	0.740409	0.779495	0.77276	0.815776	0.75403	0.708116	
0.913451	0.895279	0.894875	0.857479	0.855702	0.880398	0.840882	0.804527	
0.915258	0.895905	0.89678	0.858106	0.856083	0.880584	0.842197	0.80537	
0.915557	0.895933	0.89692	0.858291	0.856411	0.880831	0.842717	0.805424	
0.855039	0.794904	0.801669	0.797044	0.843097	0.851106	0.782772	0.78977	
0.914577	0.89531	0.89531	0.858612	0.856965	0.880585	0.841913	0.805672	
0.915511	0.895994	0.896975	0.858535	0.856596	0.880852	0.842651	0.805532	
0.906777	0.885579	0.882054	0.848509	0.851193	0.87692	0.839856	0.800693	
0.915762	0.895967	0.896917	0.858537	0.856533	0.880918	0.842841	0.805579	
0.915533	0.896016	0.896951	0.858735	0.856717	0.88105	0.842804	0.805636	
0.9158	0.89608	0.896977	0.858756	0.856712	0.881047	0.842927	0.805678	
0.915303	0.895664	0.896646	0.859243	0.857023	0.881599	0.843177	0.805742	
0.893178	0.869311	0.88653	0.848735	0.848338	0.873534	0.838195	0.797014	
0.916238	0.896261	0.896929	0.859443	0.857108	0.88156	0.843388	0.805957	
0.916565	0.896399	0.896981	0.859567	0.857028	0.881735	0.843782	0.806124	
0.462093	0.240776	0.545969	0.520344	0.610279	0.641248	0.550829	0.563028	
0.899355	0.885693	0.892244	0.854334	0.854389	0.878916	0.839669	0.799927	
0.916634	0.896484	0.897114	0.859666	0.857245	0.881859	0.843734	0.8062	
0.916742	0.895776	0.897254	0.859721	0.857404	0.881639	0.843551	0.806434	
0.9168	0.896525	0.897221	0.859719	0.857338	0.881816	0.843789	0.806334	
0.856666	0.7838	0.866925	0.83022	0.841149	0.865627	0.822304	0.782686	
0.916364	0.896074	0.897255	0.859748	0.857278	0.882194	0.843633	0.806077	
0.916804	0.896644	0.897318	0.859802	0.857357	0.88199	0.843784	0.80632	
0.916396	0.896469	0.897086	0.859741	0.856446	0.881923	0.844397	0.806481	
0.916923	0.896673	0.897384	0.859906	0.857127	0.882048	0.844045	0.806509	
0.843305	0.823422	0.849099	0.81091	0.835068	0.858495	0.824845	0.7729	
0.91635	0.896209	0.897481	0.859752	0.857396	0.882366	0.843822	0.806153	
0.916938	0.896684	0.897547	0.859975	0.857279	0.882221	0.84401	0.80649	
0.916509	0.896036	0.897245	0.859822	0.856565	0.88205	0.844383	0.807255	
0.916985	0.896824	0.897666	0.86009	0.857083	0.882231	0.844172	0.806824	
0.865564	0.774744	0.831567	0.8041	0.8351	0.858861	0.826669	0.779085	
0.916517	0.896205	0.89754	0.85998	0.857204	0.882551	0.843972	0.806648	
0.916967	0.896918	0.897816	0.860203	0.857183	0.882406	0.844148	0.806857	
0.916665	0.897162	0.897525	0.860431	0.857028	0.882357	0.844725	0.807137	
0.908745	0.883531	0.884716	0.850886	0.853619	0.879649	0.840271	0.801174	
0.916934	0.897628	0.898166	0.860933	0.85721	0.882789	0.844578	0.807337	
0.916651	0.897079	0.898728	0.861523	0.856983	0.883121	0.844399	0.807599	
0.912543	0.890912	0.893878	0.858247	0.856424	0.880897	0.844201	0.806236	
0.917014	0.897826	0.898652	0.861545	0.857111	0.88305	0.844586	0.807648	
0.916415	0.898208	0.8985	0.861634	0.857174	0.883482	0.844403	0.807926	
0.911834	0.897286	0.896318	0.860798	0.856451	0.88257	0.844586	0.806787	
0.91691	0.89829	0.898949	0.86193	0.857131	0.883456	0.844744	0.807993	
0.915928	0.895299	0.898226	0.861764	0.856519	0.883406	0.843945	0.808349	
0.917041	0.898245	0.899135	0.862067	0.857055	0.883563	0.844707	0.808111	
0.897969	0.863933	0.870707	0.844757	0.851304	0.875527	0.841	0.797709	
0.916978	0.898237	0.899092	0.861912	0.856942	0.883474	0.844994	0.808254	
0.917066	0.898349	0.899197	0.862039	0.857021	0.883539	0.844862	0.808203	
0.916867	0.898055	0.899892	0.862277	0.856965	0.883852	0.844965	0.808565	
0.88495	0.880657	0.892701	0.856918	0.852877	0.880524	0.840688	0.804988	
0.917381	0.898583	0.899916	0.862344	0.856789	0.883935	0.845056	0.80885	
0.917566	0.898557	0.900069	0.862396	0.856867	0.88428	0.84546	0.8091	
0.796235	0.469371	0.773503	0.761626	0.825036	0.834121	0.779184	0.790837	
0.916331	0.889869	0.899037	0.861553	0.856439	0.88442	0.844894	0.808619	
0.917693	0.898686	0.900147	0.862474	0.85686	0.884387	0.845481	0.809063	
0.915707	0.898383	0.900091	0.86218	0.856134	0.884488	0.845546	0.809555	
0.917716	0.898805	0.900213	0.862477	0.856743	0.884503	0.845552	0.809423	
0.755769	0.819537	0.85839	0.819082	0.835476	0.855283	0.813548	0.778548	
0.916075	0.898215	0.900022	0.862488	0.856798	0.884676	0.845273	0.809315	
0.91783	0.898819	0.900271	0.862579	0.856811	0.884636	0.845556	0.809465	
0.917875	0.898751	0.900134	0.86312	0.856964	0.884903	0.845909	0.809777	
0.532943	0.594026	0.664838	0.640119	0.756752	0.702438	0.561028	0.666106	
0.907232	0.895424	0.892874	0.859749	0.854916	0.882496	0.839431	0.809278	
0.918166	0.899119	0.900136	0.863155	0.856858	0.885032	0.845947	0.809995	
0.918184	0.897621	0.898424	0.861314	0.856118	0.884307	0.846216	0.809715	
0.918345	0.899191	0.900169	0.863106	0.856872	0.884987	0.846112	0.810054	
0.911491	0.889956	0.89421	0.855667	0.853888	0.883312	0.842344	0.806424	
0.918341	0.899241	0.900201	0.863162	0.856932	0.885215	0.846038	0.810164	
0.918564	0.899247	0.900204	0.863167	0.85701	0.885078	0.846165	0.810283	
0.918566	0.899305	0.900241	0.86323	0.857036	0.885253	0.846139	0.81034	
0.918559	0.897292	0.899315	0.862466	0.85675	0.884329	0.84632	0.810651	
0.91883	0.899243	0.900225	0.863243	0.857119	0.885159	0.846289	0.810571	
0.891327	0.86998	0.885403	0.847093	0.844286	0.875428	0.835364	0.790584	
0.918653	0.899255	0.900281	0.863414	0.857249	0.885433	0.846145	0.810394	
0.919094	0.899236	0.900308	0.863344	0.857214	0.885227	0.846432	0.810823	
0.919092	0.899345	0.900373	0.863501	0.857334	0.885379	0.846373	0.81081	
0.919673	0.899286	0.900538	0.863811	0.857617	0.885351	0.846688	0.8114	
0.516213	0.422421	0.590125	0.590283	0.63357	0.621313	0.65513	0.54513	
0.908608	0.891068	0.892983	0.858672	0.852135	0.882403	0.842166	0.802329	
0.9196	0.8995	0.900566	0.864009	0.857777	0.885499	0.846508	0.81138	
0.919712	0.899491	0.900594	0.863994	0.857777	0.885472	0.846614	0.811466	
0.919728	0.89983	0.900538	0.864506	0.858227	0.885554	0.846575	0.811689	
0.294172	0.263163	0.326992	0.375888	0.445696	0.46643	0.496173	0.260933	
0.884912	0.874262	0.882612	0.852048	0.846593	0.875534	0.843441	0.797977	
0.920041	0.899737	0.90063	0.864552	0.8583	0.885409	0.84679	0.811918	
0.920061	0.899861	0.900693	0.864624	0.858371	0.885459	0.846782	0.811903	
0.920213	0.899785	0.900745	0.864876	0.858713	0.885334	0.846976	0.812274	
0.487504	0.415715	0.694107	0.741598	0.724356	0.739853	0.747668	0.676643	
0.906336	0.884508	0.897932	0.863261	0.856329	0.884564	0.845381	0.808961	
