0.002393
0.002420
0.002704
0.008600
0.053665
0.084747
0.090549
0.159548
0.203761
0.239628
0.274517
0.290257
0.235663
0.308110
0.037486
0.216583
0.322170
0.332262
0.339839
0.202985
0.399411
0.403734
0.414515
0.418284
0.447953
0.046196
0.255968
0.437635
0.452576
0.455786
0.461363
0.312908
0.483104
0.488866
0.491704
0.503689
0.253363
0.503927
0.517046
0.518882
0.530865
0.078011
0.257462
0.529445
0.535349
0.549374
0.216641
0.533528
0.554206
0.244154
0.553846
0.557791
0.525623
0.564095
0.141573
0.538361
0.569798
0.580127
0.316837
0.588059
0.598490
0.596396
0.601917
0.280870
0.584803
0.604251
0.612140
0.110301
0.508667
0.617850
0.619990
0.627554
0.363672
0.630057
0.636939
0.642952
0.131452
0.564522
0.645230
0.646737
0.641569
0.649281
0.181166
0.626048
0.651542
0.660146
0.280881
0.645541
0.661803
0.517417
0.662721
0.664545
0.665746
0.671022
0.070771
0.369680
0.670089
0.673640
0.677301
0.249431
0.661960
0.679140
0.678721
0.681792
0.206648
0.649226
0.683697
0.685051
0.636594
0.689719
0.690600
0.689888
0.691904
0.374221
0.683941
0.692896
0.697128
0.143828
0.645372
0.698764
0.699478
0.704588
0.081470
0.550360
0.706020
0.706960
0.709416
0.608667
0.711666
0.712160
0.715155
0.503335
0.712202
0.715925
0.538637
0.715349
0.716562
0.716608
0.619915
0.720666
0.721272
0.722277
0.693526
0.723723
0.716958
0.724312
0.668282
0.724710
0.725222
0.725688
0.727624
0.168773
0.641750
0.728778
0.729116
0.731272
0.272654
0.712419
0.731926
0.728105
0.732717
0.553420
0.732355
0.733440
0.735071
0.632527
0.737116
0.737468
0.738782
0.152561
0.688018
0.739844
0.740126
0.742125
0.194823
0.717707
0.742820
0.742314
0.743733
0.482268
0.741839
0.744540
0.745973
0.663007
0.748135
0.748476
0.750101
0.145050
0.692759
0.750919
0.751220
0.752289
0.695310
0.753603
0.754326
0.733826
0.755490
0.755018
0.756256
0.622714
0.756347
0.756404
0.757881
0.759630
0.297907
0.732912
0.760119
0.760642
0.715495
0.762464
0.763310
0.742003
0.764229
0.761434
0.764650
0.764692
0.765350
0.765545
0.767129
0.556671
0.765761
0.767510
0.616643
0.766859
0.767846
0.768667
0.721343
0.769803
0.771102
0.620365
0.770402
0.771598
0.742449
0.772150
0.735275
0.772686
0.772555
0.773088
0.772309
0.773641
0.492540
0.770399
0.774058
0.775219
0.253129
0.755053
0.775867
0.776408
0.752296
0.777490
0.777824
0.770560
0.778758
0.771160
0.779044
0.774291
0.779408
0.700589
0.779568
0.780185
0.780458
0.782196
0.456346
0.771293
0.782544
0.782815
0.779485
0.783200
0.782118
0.783575
0.783985
0.720683
0.785377
0.785510
0.786520
0.664252
0.785722
0.786764
0.719820
0.786721
0.786965
0.786973
0.762694
0.788278
0.788875
0.353123
0.775612
0.789321
0.790215
0.481473
0.780642
0.790507
0.789304
0.790750
0.725851
0.790795
0.791190
0.791421
0.792343
0.339394
0.771503
0.792632
0.793368
0.355908
0.779556
0.793776
0.792888
0.794004
0.756687
0.794129
0.794408
0.794581
0.795347
0.299048
0.774430
0.795722
0.796565
0.536004
0.791966
0.796862
0.790492
0.797043
0.786407
0.797282
0.797482
0.797733
0.797897
0.799292
0.754947
0.800208
0.759700
0.801004
0.790263
0.801253
0.784872
0.801437
0.801616
0.801786
0.799559
0.802014
0.711013
0.801777
0.802231
0.803298
0.448025
0.795052
0.803519
0.803348
0.803819
0.618910
0.802506
0.804080
0.804617
0.778199
0.805154
0.805708
0.381919
0.793954
0.806053
0.806609
0.786233
0.807255
0.801068
0.807452
0.803457
0.807683
0.773488
0.807862
0.808142
0.808307
0.809287
0.291057
0.773212
0.809592
0.809757
0.810587
0.411119
0.801016
0.810793
0.811081
0.786470
0.811857
0.812313
0.806137
0.812670
0.812024
0.812928
0.661494
0.812023
0.813134
0.813605
0.791085
0.814240
0.814134
0.814494
0.698931
0.813709
0.814670
0.814044
0.814908
0.718776
0.814418
0.815115
0.815078
0.815437
0.673049
0.814394
0.815702
0.816236
0.792860
0.816690
0.817202
0.509823
0.808914
0.817430
0.815601
0.817594
0.799838
0.817769
0.817940
0.818099
0.817482
0.818380
0.670790
0.817559
0.818612
0.819088
0.787582
0.819782
0.820469
0.737749
0.820337
0.820731
0.791077
0.820933
0.821110
0.821423
0.821531
0.822182
0.181660
0.734245
0.822180
0.822526
0.822833
0.821942
0.823086
0.822460
0.823287
0.728970
0.822854
0.823459
0.823588
0.782067
0.824456
0.824547
0.824785
0.822564
0.825075
0.817577
0.825176
0.825260
0.825337
0.825150
0.825513
0.689957
0.824372
0.825676
0.826195
0.396430
0.815481
0.826436
0.826584
0.819969
0.827056
0.827128
0.827518
0.560863
0.823281
0.827631
0.827832
0.815102
0.828349
0.828511
0.823666
0.828963
0.827393
0.829149
0.798756
0.829201
0.829414
0.829516
0.830167
0.564755
0.826558
0.830284
0.828602
0.830456
0.782717
0.830485
0.830812
0.830923
0.831614
0.505375
0.824456
0.831737
0.830672
0.831886
0.788013
0.831883
0.832022
0.832176
0.815686
0.832766
0.833037
0.826781
0.833253
0.833254
0.825127
0.833795
0.833220
0.833984
0.810302
0.834035
0.834113
0.834307
0.834768
0.765426
0.834513
0.834892
0.793429
0.834834
0.834998
0.834886
0.835191
0.691212
0.834316
0.835363
0.835437
0.818206
0.835955
0.836092
0.834769
0.836291
0.836188
0.836440
0.685891
0.835117
0.836559
0.836866
0.590815
0.833683
0.837096
0.837171
0.825381
0.837884
0.838217
0.833373
0.838549
0.838403
0.838821
0.478580
0.831756
0.838981
0.837324
0.839091
0.832015
0.839212
0.834066
0.839351
0.832900
0.839510
0.827956
0.839689
0.833081
0.839889
0.825728
0.840078
0.840248
0.840387
0.839097
0.840583
0.760505
0.840213
0.840735
0.841025
0.816164
0.841490
0.841598
0.838067
0.841944
0.842319
0.533637
0.834126
0.842489
0.838440
0.842598
0.838757
0.842756
0.829081
0.842892
0.842869
0.843010
0.842974
0.843179
0.655168
0.840958
0.843315
0.843715
0.725624
0.842348
0.843808
0.841468
0.843905
0.837712
0.844038
0.829987
0.844187
0.844328
0.836604
0.844460
0.837313
0.844599
0.834485
0.844750
0.838697
0.844903
0.835703
0.845055
0.840088
0.845213
0.829666
0.845362
0.845505
0.845625
0.845235
0.845833
0.844446
0.846017
0.846340
0.819462
0.846728
0.846790
0.847145
0.555279
0.840863
0.847283
0.847155
0.847435
0.749465
0.846770
0.847555
0.847736
0.837574
0.848040
0.848333
0.770015
0.847946
0.848476
0.837278
0.848579
0.848624
0.848747
0.848819
0.849113
0.542741
0.839259
0.849241
0.849284
0.849698
0.732160
0.848582
0.849774
0.845443
0.849871
0.836140
0.849966
0.850074
0.850157
0.850242
0.828636
0.850793
0.851080
0.440119
0.840487
0.851224
0.851472
0.571230
0.847155
0.851608
0.851328
0.851699
0.834600
0.851736
0.851842
0.851908
0.852199
0.598248
0.847844
0.852294
0.852308
0.844750
0.852731
0.852738
0.852209
0.853086
0.848981
0.853167
0.852333
0.853285
0.802427
0.853194
0.853405
0.853767
0.409177
0.842997
0.853909
0.853627
0.854007
0.840542
0.854119
0.854202
0.854301
0.854361
0.854794
0.389664
0.836752
0.854883
0.854961
0.855205
0.841792
0.855425
0.855718
0.330602
0.830944
0.855868
0.855950
0.856287
0.741178
0.855020
0.856382
0.852794
0.856468
0.845643
0.856548
0.856634
0.856704
0.856707
0.840143
0.857253
0.857403
0.850104
0.857627
0.857702
0.852664
0.858029
0.857599
0.858121
0.832199
0.858117
0.858196
0.857973
0.858312
0.800047
0.858146
0.858423
0.858733
0.344334
0.846513
0.858942
0.858906
0.859059
0.825838
0.859027
0.859141
0.858777
0.859237
0.831701
0.859261
0.859429
0.859509
0.859888
0.495052
0.853598
0.859995
0.860252
0.413233
0.847636
0.860437
0.859973
0.860511
0.851974
0.860578
0.860648
0.860706
0.860602
0.860829
0.758144
0.860256
0.860930
0.861100
0.847508
0.861419
0.861698
0.781085
0.861075
0.861786
0.859213
0.861893
0.802535
0.861617
0.861975
0.862243
0.635816
0.856395
0.862411
0.860303
0.862489
0.858704
0.862572
0.858177
0.862664
0.860077
0.862787
0.836565
0.862841
0.862999
0.863089
0.863496
0.372349
0.848212
0.863585
0.863652
0.863856
0.851141
0.864085
0.864369
0.596090
0.858052
0.864477
0.864224
0.864581
0.783616
0.864022
0.864665
0.864933
0.739084
0.863195
0.865001
0.863274
0.865054
0.862775
0.865136
0.856587
0.865234
0.865320
0.865395
0.863286
0.865483
0.829002
0.865428
0.865562
0.865826
0.849876
0.866047
0.866264
0.483411
0.859667
0.866390
0.866075
0.866470
0.838641
0.866430
0.866534
0.866365
0.866632
0.825646
0.866547
0.866720
0.866521
0.866847
0.792810
0.866499
0.866944
0.867199
0.452731
0.858771
0.867316
0.867298
0.867394
0.839462
0.867367
0.867465
0.866409
0.867530
0.859763
0.867592
0.867648
0.867716
0.867466
0.867796
0.836393
0.867705
0.867863
0.867998
0.857043
0.868286
0.868527
0.635714
0.863150
0.868613
0.868585
0.868716
0.767044
0.867824
0.868785
0.869010
0.814425
0.868618
0.869081
0.861448
0.869132
0.869180
0.869247
0.869300
0.856854
0.869611
0.869772
0.516821
0.863066
0.869867
0.869815
0.869943
0.831172
0.869828
0.870002
0.869867
0.870077
0.827255
0.869941
0.870143
0.869983
0.870234
0.821961
0.870077
0.870312
0.870379
0.862824
0.870697
0.870761
0.867917
0.870929
0.870968
0.869579
0.871175
0.870429
0.871240
0.855363
0.871235
0.871285
0.871430
0.861788
0.871607
0.871787
0.753739
0.870145
0.871849
0.871511
0.871929
0.816954
0.871608
0.871996
0.872179
0.639781
0.867675
0.872301
0.871488
0.872355
0.867161
0.872412
0.872465
0.872514
0.871960
0.872585
0.854933
0.872603
0.872710
0.872776
0.873045
0.571773
0.866296
0.873105
0.873140
0.873331
0.366181
0.857172
0.873422
0.873469
0.873615
0.653430
0.868409
