0
0.45315759708157
0.572490035307563
0.974399877382523
0.569346907477483
0.165970836743289
0.131488705428872
0
0.601105778690966
0.945320188335326
0.998601801993094
0.991801308721784
0.802592911627753
1
1
1
0.745371811192613
0.823137869767032
0.848625128031703
0.494575339187721
0.945366984450185
1
1
1
0.900715393922753
0.295407634649867
0.748611754180091
0.830699244038383
0.999999363958836
1
1
1
0.409673817565178
0.403204447603262
0.782569331583178
1
0.999999997756294
0.648977326212948
1
0.0651909551101404
0
0.598034886853338
0.529788813669606
1
1
0.658708725017174
0.190384644909824
0
0
0.270031199028047
0.532409518817472
0.718473416663936
0.753663868665531
0.736541908974165
0.729519743167858
0.303460916325096
0
0.696332996641478
0.0926974431059708
0
0.0203928221296336
0.80433849841308
1
1
0
0.315966371819184
0.971581592014483
0.837560447450587
0.732267759361119
0.752539844554674
1
1
0.359849696503
0
0.410996788762966
1
0.999999988681538
1
1
1
0.616867735405008
0
0.0409097515813065
1
1
1
1
1
0.575716251750284
0.104049000302877
0.379045269959544
0.999999357624399
1
1
1
0.649240414940767
0.699762009100488
0.39544437473632
0.654900328637257
0.999972421696491
1
1
0.996084498823362
0.716103696500144
0.0773585677493875
0.438228408584936
0.711446735062783
1
1
0.494269942110219
0.745938992516854
0.364825799633952
0
0.0943208507235062
0.855554350770116
1
0.99999952388597
0.460366786319658
0.66916426515878
0.200083946755894
0
0
0.355150148490297
1
0.970119466029299
0.713108586072656
1
0.317827512051802
0
0
0
1
0.87349337331779
0.999999308907127
1
1
0
0
0.56816811695558
0.948814157495499
1
1
1
1
0
0.999757857349874
0.794896037023721
0.937354662980017
1
0.912423576416023
0.979339060889865
0.839253319502125
0.261489319056688
0.999999997090425
0.999999191068359
0.729378059522379
1
0.0838383214163493
0.332004283460459
0.598688065256187
1
0.942518682574034
0.97003837739559
0.331891904059165
1
0.777141097253419
1
0.909821531604647
1
0.051349524307152
0.878782700871106
0.624216298246347
1
1
1
0.99949645517089
0.885787574241823
0.126410954952945
0.536558537162811
0.736256083054559
1
1
1
1
0
0.259935210687733
0.395047764466273
0.604642416515021
1
0.996787749563283
1
1
0
0.983708521463291
0.715390988483283
0.0502198109915125
1
0.688125554631958
0.643146563490951
1
0
1
1
0.633839093224699
0.733140009107029
0.684242074943296
0
0.801127139243826
0.254895307787018
0.610696795372321
1
0.658379175565303
0.828695712176898
0.896091861121622
0.71745801631297
0.100965555725276
1
0.360959131563204
1
0.283109009265929
0.584028118223294
0.920394712734142
0.812257279316457
0.393432465034058
1
0.000461253723134145
0.546465724306654
0
0.701007820287962
0.655314000542561
0.988871688579519
0.594248747001169
1
1
0.25375587818333
0
0.648303939635056
0.870118591866988
1
0.801539023294001
1
1
0.92093546248229
0
0.999999990503098
1
1
0.99975450201922
0.69873776063332
1
1
0.301097309281344
0.8006129930582
1
0.741845560374443
0.498238100884296
0.400724552519721
1
1
0.97210589426191
0.385611241970098
1
0.915460676056974
0.643842676946021
0.553641317761033
2.02425252287504e-05
1
0.933709092115163
0.471078123354887
1
0.999999996111502
0.64449997367349
0.499228428230387
0.183538669055036
0.561202158605887
0.657720395766517
0.852922500922658
1
1
0.63824359468942
0.0634066603922162
0.290117010075901
0.162325072271
6.72977897923324e-06
0.592302853877074
1
1
0.343647243807497
0.382701757618804
0.663038667547312
0.363562301369207
8.39874934285095e-07
0.759773746336692
0.642265452021758
1
0
0.709492282490204
0.931781210780826
0.75562723450656
0.141706350997245
0.893749578645261
0.468540480335752
0.702311816835647
0.586404282130417
0.99999996298535
1
0.772637257726258
1
0.955725922816425
0.999995392166923
0.980184590762905
1
1
1
1
1
0.996908151946727
1
0.999987441643618
1
1
0.918613828966776
0.798726553822058
0.999968506401156
0.999920653958727
1
0.985667010707365
1
0.683388996054462
0.483776153897836
0.652446831838085
0.31188120729006
0.980666148232541
1
0.940595045862087
0.690082110109591
0.144790272119513
0.269831252414275
0.703653454481312
0
0.811574913337642
1
0.764917276132525
0.91390276802038
0.547993352609853
0.113761032964922
0.87173236269675
0.254794423950729
0.993806710199012
0.999999999860414
0.909247907976728
0.698640742764349
1
0.690406080638721
0.471103436946164
0.514399338156458
1
0.967486142816102
0.762316396882015
0.903764783311814
0.999999994075391
0.871542487477375
0.411955698428872
0.490851644225383
1
0.775015445215965
0.795761014286252
0.532591915959398
0.943826216519879
0.9843774175039
0.393344477418794
0
0.36109344035212
0.755001842727947
0.729782640662098
0.788136909290059
0.0156715061338225
0.999784337901092
0.444732516847373
0
1
0.999999954800006
0.576885838371114
0.509832210726932
0.154416098656701
1
0.82362080997289
0.680290370766486
1
1
0.955667699544879
0.943875057015776
0.299771939049341
0.718975432107861
0.938051272632425
1
1
1
0.838397481876245
0.915008843456762
1
0.488637493725662
0.636037204520369
1
1
1
0.651517500410576
0.493759438071404
0.99999998906964
0.403931011585299
0.999624713144957
1
1
1
0.876551264697929
0.66797307688375
0.999999830509121
0.666062305144978
0.621895126181663
1
0.999999834800984
0.999998539710499
0.829957022947605
0.41459092444264
0.922678225495466
1
0.861167146134422
0
0.682622770580704
0.573089615926861
0.918195937579753
0.549561218429474
0.524659652065748
0.54449521840461
0.658773345920988
0
1.01189319465043e-05
0.842921063139648
0.601329972099145
0.786578729615653
0.00735035968459199
0.347261673386879
0
0.647453969305354
0.762001994614737
0.999991902235188
0.646901794540431
0.592049851617518
0.481056704511973
0
0.691374017463185
1
1
0.995077038977119
0.696402178506266
0.483359196231596
0.852244834211416
0.819380085183345
0.986341028752201
1
1
0.802121586453083
0.778776583029582
0.0739070994407514
0.999999478607225
0.977735155315256
0.832041406714398
1
1
1
0.778673136788009
0.417217971236651
0.858020111970129
0.302204499661025
0.628285885893995
0.357773637501357
0.839035784338888
0.840718593545887
0.349225479480172
0.358404172274642
0
0.0408788232812344
0
0.205853296475997
0.664511185344103
0.999999649399347
0.741015859570569
0.649448721249077
0
0.310846673196936
0
0.943278385563972
0.893232165187537
0.999997975273567
0.552955980218812
0.784767506951819
0.207637787418808
0.237399889796211
0.703246257508409
0.999999998776913
0.999999992661557
0.999882168829833
0.755151974344911
0.895937952327134
0.373552635770504
0.870961704167616
1
1
0.999999997833953
0.537595078769271
0.674020434781461
0.731495306047139
0.959909694706472
0.984330885055545
1
1
1
0.728795611470959
0.891472559689765
0.605410756238402
0.936656959012463
0.570984262933946
1
1
1
0.868365245281087
0.729593222406157
0.691993276722037
0.795277660610031
0
0.0802737715237891
0.999700604460393
0.979925730174677
0.96980108234279
0.769890892089778
0.751108273771051
0.993676227570816
0.861123454309682
0.257664785644067
0.993572873966767
0.974214624025705
0.999968155832807
0.50761923901844
0.426923784414907
0.589194728477037
1
0.962523599736857
0.999877824646938
0.976009207696243
0.601437161874478
0.652710423623282
0.417751285741333
0.693387131155526
1
1
0.999906702989913
0.99999986117509
0.550252426345569
0.345574624924215
0.45466910074446
0.560036082365752
0.124346320061169
0.979036289810334
0.956534619845652
1
0.940594861558642
0.582714152782424
0
0.491622643885927
0
0.278732271561884
0.888599939211895
1
0.665417402569291
0
0
0.811084588291155
0
0.60893262362879
0.932895758352789
1
0.474816233842456
0.294600049668415
0.781970586890001
0.277572558725098
0.23431283497675
1
1
0.999999999873682
0.716737788661144
0.534200253752563
0.797853455285878
0.355725875360077
0.80114017770806
1
1
0.78913006895722
0.844590458107229
0.788776283313443
0.97131661148298
0.376847519266907
0.994928273305507
1
0.999993286670461
0.956829595112648
1
0.850374937177707
0.776871922608998
0.00275018379699302
0.79867399963329
0.465517687436818
0.766905028132558
0.753767954976653
1
0
0.103921924873115
2.4011260083094e-06
0.999986979527822
0.312146917929916
0.0025655240438406
0.99999997151109
1
0
0.752476563384261
0.618551081927456
1
0
0.659345213861385
0.987408365110412
1
0.465639948172123
1
0.886111847691349
1
0.876516346574949
1
0.780105960820441
0.999999952772691
0.906431741959253
0.920392969501617
0.907724120902805
1
0.721337881184731
1
0.999774759831048
0.770109062314208
1
0.569996648591788
0.530777663227874
0.513015406188478
0.750198065561176
1
0.804810055164684
0.196228132742539
1
0.271424236873551
0.778804892500806
0.747594317402793
0.817137875752765
1
0.59987130913493
0.87153415666421
0.82610513227813
0.0202001159131455
0.867934453006231
0.944537344137744
1
0.950704921086785
0.993790462150558
1
0.303595810674893
0.00542924780660983
0.985863778784982
0.799629057977095
1
0.840239390628801
0.999998814143627
0.999999953994366
0.397362530410442
0.564426980413498
0.802386799895503
1
1
0.805495422888679
0.952738687622291
0.99991495016817
0.521774675558122
0.756727558092722
0.680992324072303
0.662654080343099
1
0.849230552186125
0.7602696596848
0.843556353274906
0.073981275847036
0.811927911872773
0.696389677882052
0.868285665862615
1
0.788368928061302
0.652596205472115
0
0.169318234413104
0.154662703016395
0.8805756638974
0.999934976414853
0.743309379111858
0.497788204191701
0.805967906888896
0
0.816981645631763
0.343957588380681
0.551807945831717
0.999990550724934
0.00589609612377628
0
0.686643153968999
0.354183224195669
1
0.862447206492956
0.993408182788219
0.94638954940425
0.0561408212550563
0.934988503075086
0.871498658734814
0.586222374627468
1
1
0.861662911348059
0.711490684167593
0.910744909497201
0.999974184520827
0.483395039129858
0.837557082852983
1
1
0.674529319099285
0.652206463113285
0.999999996687708
1
0.943570202586841
0.911769035515445
1
1
0.678980915561634
0.879311001503432
0.772345783385863
0.823817259241735
1
0.759957112388371
1
1
0.836458103037911
0.929341232105289
1.47476457343519e-07
0.377158161539623
0.38577972226894
0.64222978621747
0.999999684884909
0.893902968459142
0.426970985203995
1
0.917875198933574
0.103417570528951
0.365771169355107
0.752807222392632
0.802909816521821
0.578018690826344
0.930435382428552
1
0.99741336828
0.466076273103156
0.663590048106869
0.322660264971337
0.301448543603062
0.73654546827035
0.999973874055761
0.999999998136482
0.99976359360989
0.664316827609741
0.897075415963983
0.326145424314046
0.164217866330098
0.718900347964038
0.999997050918787
0.890740898685415
0.634709189267693
1
0.670107770382574
0.855381464075842
0.373282071762834
0.539026032499421
1
0.710102290119441
0.60506464697076
0.684983340630851
0.135141695190835
0.262435154743307
0.282141573838318
0.789049555308451
1
0.99993921068266
0.854042612578184
0.159859135108496
0.340462531679776
0.0847983633841511
0.721429517173576
0.920069922664315
0.864855508539532
0.999986223301513
0.932615867414155
0.746975339363385
0.461435090425743
0
0.873270846942317
0.989174772955133
0.835362835942887
0.800221191828076
0.502857276021838
0.757207327831167
0.684682110606158
0
0.778387619450301
0.905244427532312
0.687303338432471
0.255613380044898
1
0.65359344457192
0.506061808456335
0
0.94387167120371
0.833727042658972
0.994256790578052
0.735272579285371
1
0.30808949390255
0.754061418217515
0
0.999718886331683
0.250975205734569
0.999809326710907
0.864692079593372
1
0.695646601941122
0.24021446273671
0.926578418597954
0.925313332527124
0.483689194524353
0.937370945891575
0.828984975919641
1
0.290853247166616
0.688221466523477
1
0.839199280692368
0.671891603572577
0.4945108260173
0.999999999450635
1
0.656609880104377
0.803494435367798
1
0.282583873478387
0.43517097516734
0.578521624551753
1
1
0.596245742864824
0.865193526863794
1
0.409997382143452
0.450581733013092
0.999423273633209
1
1
0.895039079810852
1
1
0.393238837066344
1
0.996788143669462
1
0.757464598799187
0.465980308271848
0.66626292930497
0.480810964426202
0.37658550301978
0.958327357519622
0.995301497818029
1
0.949490802357409
0.582517412207384
0.404138792022074
0
0.692279886651368
0.700350897385547
0.924447461297201
0
1
0.77119670744727
0.379174214371427
0
0.873133345739465
0.887981534199246
0.688436810143368
0.493942004649388
1
0.684313693241262
0.468020311193054
0
0.999556853132774
0.812181740707038
0.649396430361214
1
1
0.548648019392432
0.473806172860491
0.0933532197752873
0.999279814523891
0.577060872036204
0.582936002539472
1
1
0.646937599219932
0.386221800384563
0.823248265652327
0.912224510731084
0.642112166660219
0.656953627891021
1
0.993449420419804
0.60642691839853
0.125181586314761
1
0.484369071733502
0.316484889313713
1
0.243664318551917
0.914411550610423
0.703422815105351
0.276144236773769
0.959535351323592
0.352918484231838
0.0780216614824967
1
0.252997790662688
0.35113409525688
0.601040822574177
0.466170408760049
0.985548180671935
0.104113958938122
0.24893151865517
1
0.879443024129951
0.263645075784213
0.935653859408848
0.999999899243501
0.99343556058598
0.104355198080895
0.467969558000562
0.999999999411198
1
1
0.880947102448277
0.999964618243554
0.621497905177658
0.0125802714873323
0.5608365801509
0.541593819376659
1
1
0.850549239076719
0.966301457736361
0.440937506963724
0.0015944214639578
0.603498125206908
0.830043444519109
1
0.999994461943945
0.967294326988274
0.767466668498052
0.987741707481768
0.000398199318054092
0.586927537346605
0.998418288419398
0.999999970179533
0.744078418529668
0.985193023795068
0.303294770554701
0.763788323416355
0.135640999380563
0.683520900924764
0.999736325383781
0.231547074824783
0.740359119762009
0.968334022121434
0.40205700918801
0
0.946031658937938
0.780928393717004
0.993982676640303
1
1
0.724306160027378
0.247011161532148
0
0.999999656216735
0.713313406813571
0.974132553750487
1
1
0.999999990646597
0.0262250822947516
0
1
0.505006131847009
1
1
1
0.999999959344924
0.489656005055389
0.656731958554512
1
0.687372653446762
1
1
1
0.917336553774697
1
0.99999968590027
1
1
1
1
0.604114948596381
0.545000441141902
1
1
0.822224678423721
0.45143378416474
1
0.719333201884704
0.17134395668132
0.468699936007655
1
0.999999998979991
0
0.240005012807437
1
0.592915009278291
0.637447442422271
0.311441060344138
0.336512544335861
0.999997239841294
0
0
0.367452587906543
0.669248927758132
0.831242398277235
0.916451481105835
0.96893805907944
0.863547982146215
0
0.543569034266347
0.470577474434231
1
0.918524218761696
1
1
0.999992949312069
0.62299038367954
0.29537394984025
0.613927253214505
1
1
1
1
0.999971290714676
0.499966399721402
0.390951578590536
0.589405998131657
1
1
1
0.593697567212825
0.191422851152416
0.477634797862992
0.374527690308344
0.701194038916912
1
0.999999537191492
1
0
0
0
1
0.998022557646203
0.99558773561601
0.996763232334525
0.976163456881621
0
0
0.38032291702579
1
0.997899633078565
0.724003902371363
0.103468546179796
6.1097150751187e-11
0
0.00095226154661196
0.99864279113282
1
1
0.995852709653889
0.747990845070371
0.72897599859227
0.0308965487336159
0.510698880565099
1
1
1
0.662002492035389
1
0.998430017766314
1
0.753497344029645
1
0.825923880018383
1
0.488041751422702
0.817885580758887
0.904536883405678
1
0.853535275940124
0.999999993906882
0.423236963107959
1
0.339967776417073
0.118170015134162
0.117406561778764
1
0.65373530581389
0.745382609442689
0.27628305082714
1
0.999999661980029
3.58146960107881e-05
0
1
0.9497912539759
0.102259830035295
0.42943746981536
1
1
0.294633662836511
0.588162636330653
0.861166585651074
0.992724651330048
0.271917717195601
0.500218089999276
1
1
1
1
0.999999927310025
0.99999920203188
0.575872479541351
0.688416271021345
0.534693076464459
1
1
1
0.933407942929981
0.962773682057665
0.115750716031145
0.540087489358973
0.190891661330687
1
1
1
0.999988559567933
0.735572351387022
0.385005253980278
0.628130578401766
0.192519846460167
0.999994045270793
0.789080505412373
1
0.519896203669338
0.896165256187515
0.880220963054438
0.326668178611694
0.464173486534392
0.527721895633261
0.356346997322489
0.531366630002027
0.749578979187534
0.272888936054045
0.871308299486699
0.855339522699077
1
1
0.767396781310814
0.638526824180335
0.811106670396835
0.000623771205933612
0.633519446310156
0.412488631024582
1
1
1
0.924628586091574
0.351840946666379
9.01079622568433e-06
0.251428046159507
0.571890290929254
0.99903604300268
1
0.476555651082285
0.754470546218005
0.642465916755802
0.0736411108396158
0.943042312389321
0.816230555593486
0.650257403881367
0.587475872250748
0.302271139865179
0
0.997440743412587
1
1
0.864668981549311
0.490253462904507
1.30865404898707e-09
0
0.247473207531567
1
1
1
0.910048529094298
0
0
0
0.649794986595904
1
1
0.938255568137477
0.733047987902048
0.209746796276155
0
0
1
1
0.897480526705145
0.539935998900414
0.553466857806412
0.708684407222741
0
0.407192895313642
0.552499695796045
1
0.905995298985235
0.643764761314897
0.0227089427810242
1
0.722454143799754
0.74207799085455
0.845833297949094
0.618307705035451
0.999997223572746
0.996329859479385
0.263690920100635
0.999997176875902
0.999940895124219
0.946521973727198
0.532242048493427
0.216394920009569
1
0.760552116229327
0.19233242301821
0.707178159617272
0.996526532719853
1
0.53419560810284
0.485536522760253
0.971019193488723
0.520587973275497
6.14373094512438e-07
0.52434907358218
0.747433012222067
1
0.999999999657948
1
0.195584316307514
0.680934044932487
0.773307805818591
0.574580187636986
0.897724765849771
1
0.873082657822804
1
0.458354732051597
0.925070561235271
0.985994781805887
1
0.99999998024697
0.999107758374485
0
0.21940426561036
0.168747311191294
0.999904427818425
0.860925058674194
1
1
0
0
0
0.049303865488439
0.999999948231636
0.989944655421842
1
1
0.914739747320274
6.76964022785382e-08
0.322963842693189
0.221657135320939
1
0.999856005701192
1
0.473722974369187
0.99992280828695
1
0.93195654851598
0.222527049414195
1
0.983402640990465
0.892839369493034
0
0.827725363142477
1
0.999999912370963
0.682376279334073
0.631648004218907
0.905063289189942
0.541212142807835
0
0
1
1
0.755793668688565
0.959919026654773
0.973382482115532
1.10878775645794e-05
0.595938298170842
0
1
1
0.943603217518676
0.975706925379275
0.665498942576205
0.267409304839455
0.999875264958497
0
0
0.745436240895823
0.98785207947921
2.00046774968655e-06
0.848820783483964
0.322726555873194
0.999505863577192
0.15376840057283
0
1
0.99828206147759
0.194021867681143
0.84464544882283
0.157308890909319
0.815348812982958
0.617663456164366
0.889426317828503
1
0.980953915336515
0.665971442450763
0.973959137958037
0.319371805791884
1
1
0.99999997366176
1
0.76883070358754
1
0.989760269765626
0.897834219526038
1
0.999796743025228
0.839663806271336
1
0.941561920888994
1
0.75911977326934
0.999995617363121
1
0.690942116217842
0.177742064470155
8.61270773037101e-05
0.673839614229691
1
0.33909823698189
0.768898345888856
1
0.916157497534024
0.00108583148575178
3.87789187512032e-05
0.58170441131664
1
0.933855269221148
0.676916702487503
1
0.808802124430453
0.084948586057265
0.0340249953744718
0.923294688107058
0.960899286305343
0.63901505300577
0.739481276024937
1
0
0.162658451749407
0.0840329641763625
0.261150477088231
0.935220952781742
0.664693476875324
0.984968436232041
4.82174260627734e-09
0.314180734072863
0.660782321210542
0.130828626915212
0.16996862361338
0.664316110152174
0.99999992683824
0.996718623617529
0.097512132928685
0.996560943945555
0.3373521029201
0.783509829124671
0.540225264514743
0.25019511090053
0.999992959191863
0.942755336415911
0.999588467353487
0.99857123913275
0.325835194988845
0.357946361522139
0.669098547643932
0.934544913437101
0.234944266891871
0.448942830906547
0.818942678592451
0.993874905761977
0.884047957139391
0.308566727927122
0.743827450748475
0.772292116902049
0.943725796014469
0.343647084035953
0.973996232653874
0.997379063746582
1
0.292400763144123
0.736667052736449
0.487063811763341
0.606880039107386
0.780816176009107
0.259014064224571
0.790482310202742
0.997921451476809
0.137732174714566
0.657945536484599
0.108709318890927
0.510529849490823
0.691229216877882
0.475326548089544
0.514281934366555
0.721804753243772
0.673783826618886
0.548332320357482
0.25671781168429
0.281857543103503
0.620894034922001
0.806963469613867
1
0.617672641070295
0.608104124017086
0.93619981053787
0.371419614464604
0.119422434996671
1
0.999999979246677
1
0.869536641414875
0.303335344653152
0.998069664306193
0.102657073644677
0
1
0.910280061695018
1
0.370470626726983
0.890507704387871
0.999999609357108
0.641313399648158
0
1
0.364078327146013
0.993263481412718
0.99995195096803
1
1
0.99999894098964
0
1
0.793509933643952
0.333221660773319
0.999990741575916
1
1
1
0.394501876225497
1
1
0.0613019787218613
0.822079068067104
0.476355440095161
0.80483181457341
1
0.53095380095159
1
1
0.763210841413191
1.2862661400087e-05
0.511280090171578
0.878087623656517
1
1
0.0254759827641139
1
1
0
1
0.516315248551168
1
1
0
1
1
0.580781157076441
1
0.880069427826919
1
0.999999415721242
0.000306202769758394
1
1
0.860019792897316
1
0.999999653232902
1
0.971326896132061
0.0474965038507004
0.735072423587393
1
0.998875860646997
1
0.857615198396538
1
0.999995594108592
0.330234160481433
0.769416151136183
1
1
0.999999573544303
0.935275371196313
0.518375773829225
0.571721491609553
0.413817132496078
0.387852736025348
1
0.999999998703045
0.39453085808188
0.438358048657733
0.325741988577722
0.41828454954234
1
0.354246367973632
0.616814397005641
0.985870280072771
0.862781506726065
0.647466336459505
0.737630277839251
0.731404708642263
0.884208266856777
0.638847327510568
0.779390816268864
0.639049310205772
0.737885467314774
0.975218963821802
0.667776575250353
0.812054590715441
0.929493360650297
0.332996232594178
0.413582926968204
0.843942613589444
0.999782643356672
1
0
0.597357333732932
1
0.0381977790563548
0.448772069830703
0.986702196181267
1
1
0
0
1
0.272886251658392
0.518471144400471
0.963816704085138
1
1
0
0.33196778261488
1
0.00377502558839774
0.274193351514039
0.967605807834549
0.99999997418528
0.999999644885624
0.226531255413758
0.00452038382385262
1
0.843988433275067
0.605315380464655
0.626117871041203
0.99999759713037
0.960071157957367
0.434675528527312
0.317259832377774
0.999768460557437
0.644737573566325
0.704070027880258
0.075825501857256
0.999989440047714
0.732943118888667
0.675279387789865
0.167763931367434
0.398715305611037
0.871718988363359
1
0.00927655838326792
0.999985099114567
0.583534846437512
0.714930105598671
0.304879028228389
1
1
1
0.218368829678864
0.919386572897192
0.845703772309938
1
0.038951562621185
1
1
1
0.535467549930908
0.336676231311753
0.964357164789556
1
0.000466239937106017
1
1
0.999999752539144
0.306555555719211
0.515268123975864
0.999999862254817
1
1.68809166822047e-06
1
1
0.999999992133546
0.222673335534404
0.394347829951449
1
0.999998935393417
4.73925647954022e-06
1
0.82014332028594
0.999999887382313
0.872053393694725
0.202431854871931
1
0.999944554336742
0.623269515920499
0.700894429903263
0.427801279124095
0.0732162175905642
1
0.826320325584484
0.471966714210205
1
0.825990139203882
0.36100187944863
1.40820947238383e-09
0.533053862741588
1
1
0.239296734740831
1
0.999963542681392
1
0.33296456463591
1
1
1
0.780567734710133
1
1
1
0.558549692014332
1
1
1
1
1
1
0.974002286442398
0.486189367670112
0.756943913954285
1
1
1
1
1
0.163747356238664
0.130391105515996
0.526118161021326
0.416247465885015
1
1
0.920047588566608
1
0.162378584766845
0.0213682044275387
0.00408709853584817
0.999996100679628
0.999999490030803
1
0.675161329661121
1
0.0811008056368319
0.920722449961889
0.489678246220896
0.999988578985404
0.995719760973736
1
0.895115094167696
0.999404701892163
0.417868356939713
0.999999170607831
1
1
0.339496426635106
1
0.147650250643635
0.467908500988031
0.573713591874356
0.999998986305856
0.473514044701572
0.999999998144491
0
1
0.753108383657559
0.423334552864212
0.728609651533817
0.999998424152728
0.631467890237228
0.904415812903123
0
1
0.904068972024123
0.618379021446813
0.606049612408251
0.972483026697053
0.602087475663881
0.339697819742371
0.143456807753274
0.70818691040399
0.217400248491603
0.740555197752416
0.988730632877108
0.140597012753748
0.867339108660589
0.374805042526785
0.900966592583556
0.0167106769897608
0.972200410482929
0.70475240352033
0.892450415494797
0.310585965508733
0.810909924699195
1
0.999998349621053
0.000450394645568485
1
0.992125808900453
0.626994233534042
0.863054511920832
0.961632454640128
0.517190051595626
0.296015281023415
0.099461773602713
1
0.590361832734954
0.356968117636435
0.716819710649058
1
0.661884895327176
0
0.789311036164944
1
0.552039143931014
0
0.828905116841113
1
1
0
0.619833873139258
1
0.357827671755429
0.0929235841359117
0.60840964440828
1
1
0.0919276054031122
0.64315513821034
1
1.83216272230668e-08
0.440936072735138
0.932688329842241
1
1
0.810924281275512
0.737779468399751
0.40936733817773
0
1
1
1
1
0.938617617300976
0.856363159343979
0.387239704241747
0.332837716321303
1
1
1
1
1
0.46781079046983
0.681821708521523
0.517431798397276
1
0.0422691709772321
1
1
1
0.959999957453073
0.677771710633289
0.453779486388846
1
0
0.631875385004035
0.972604658472569
1
1
0.790552519234908
0.354487300212081
1
0
0.805312309856344
0.681513869962088
0.999999987421456
1
0
0.580894228689485
1
0.791958382910052
0.746141277123247
0
0.999999805779327
0.997602956345409
0.571883780801458
0.993522852555504
1
0.77288711139043
0.979142064542922
0
0.723099495618893
0.837559677733002
1
0.995542178165258
1
0.999621812915037
0.999997047050899
0.4915151860297
0.940865583226772
0.457382620017759
1
0.624694136225119
1
0.42681779308
0.999904985583589
1
0.782371969692043
0.557622655042767
1
0.917351352107718
0.173474059452102
0.98056331434438
0.911385014993875
0.0829171819550424
0.849731851461334
0.622353284108082
1
0.882742275855363
0.156400657461752
1
0.580692219399405
0
0.899195498391739
0.951582207161242
1
0.573801292219568
0.00393430286028004
1
1
0.649331701324212
0.908976643012485
0.999999997704899
0.514237505485085
0.777130312430708
0.758791150064
1
1
1
0.999774101818124
1
0.465123126795261
1
1
0.933177794636677
1
1
0.99972389457562
0.739886841435635
0.54920426903034
0.999978129325562
1
0.36275745253845
1
1
0.918141094665288
0.62486450065869
0.320217222662971
0.617797733869904
1
0.00411311041268643
0.681087228571117
1
0.883262476134023
0.999983701408125
0.894690236171377
0.943872160385666
1
0.0311280286885445
0.189101683814483
0.706110788478009
1
1
0.998617829196345
1
1
0.324893516425112
0.128377373450715
0.818102140860882
1
1
0.729436964626773
0.959043642574394
1
0.955864552031709
0.299651540824449
0.768985040957634
0.475374036192403
1
1
0.449823175600679
1
0.999994811743019
0.615384160646639
0.0319444291723836
1
0.910790790073484
1
0.491551606455612
1
1
0.000280039394567124
0.0135508053941057
1
0.990763318386108
1
0.747629255061547
1
1
0
0.845190357981424
1
0.815393251122798
1
1
0.940977581978912
0.999190196790162
0.918016909848436
0.999999992562862
1
0.837251521451725
1
1
0.446883658000852
0.615111261163208
0.993427683890746
0.255061250610653
0.999998389243024
0.542994095674439
1
1
0.275378729552253
1
0.925787949860082
0.213520149913167
0.651274959154413
0.61030054998704
1
1
1
1
0.735545761011997
0
0.931879317713477
0.981632917504187
0.910959143282073
1
0.364119371531019
1
0.999998985387038
0
0.993706159189359
0.876119204185731
0.994081088081535
1
0.889878797322619
1
1
0.836852127732007
0.832926205927938
0.187596532702515
0.736235911717765
1
0.849684891545269
0.877725679809716
1
0.999998477085665
0.244994081123735
0
0
1
0.854461178953757
0.371351567923031
0.890460195295286
0.583841479138827
0.672170777821542
0.999994641681377
0.681070280869456
0.416072268738254
0.614027037301705
8.3398538285418e-07
0.968377313440614
0.42846843220791
0.542304144542733
1
1
0.690938541121525
0.416331390616235
0.428863587019418
0.459294879109543
0
1
1
1
0.618512159927426
0.155324197853851
0.948073216663739
0.999873131397472
0.0885086385107288
0.860603600308784
0.0954496637758534
0.451382404772431
0.098692559897543
0.750650299841125
0.601940291382131
0.999999812715773
0.916911010487652
0.686746647143207
6.99576443346542e-07
0.22638662926936
0.513509510518242
0.980728094603508
0.398815316104229
1
1
0.98496346937142
0
0.556897066311001
0.8469896632307
1
0.186721768364329
0.866111173601947
0.790403348046308
0.996199445175554
0.666398013989827
0.838172337965111
0.905456642893918
1
0.386105722008804
0.473727413572713
0.807246668819934
0.914753003150846
1
1
1
1
0.130717425299238
0.986306655239215
0.408990801230397
1
1
0.27029360738515
1
0.99987070730812
0.263648502651871
0.91506187178527
1
1
0.581902258804512
0.750859400839915
0.321012906917584
0.999990789392032
0.666032706617909
0.86541072824842
1
1
0.868135934112495
1
0.162431521498962
0.999999608456555
0.978940132140442
0.921724433977924
1
1
0.0219294468651325
1
0.96448709891575
0.999999612363374
0.99999999897973
0.864486233384073
0.784366444218611
0.931870170845828
0.755689005944609
1
1
0.769124637795044
0.999999866914471
0.989548382346182
0.517250416022256
0.0938948841710915
1
1
1
0.893373638872698
0.80861281695515
0.494149318807006
0.0910607174997527
1
1
1
1
0.345588767843867
0.166363671794964
0.241479595973222
0.58934570405576
1
1
0
1
0.454096873635919
0.439301256681487
0.844021684185214
0.930978923813135
1
1
0
0.999999998465171
0.882080904537217
1
1
0.999999965372641
1
0.871629056756117
0
1
0.999422144793844
1
0.947648358272547
0.701104279107347
0.707544213969665
0
0.993747165134725
1
0.956042662093712
0.848182234293008
0.937978161438933
0.807981900932137
0.0234826494605147
0
1
1
0.940546643929228
0
0.437853984913466
0.835783628062377
0.68602252452371
0.117319406539006
1
1
0.757557279419654
0.0698915169480541
0.856570312029873
1
1
1
0.999999650049591
1
0.381749089635838
1
0.61421257172402
0.774499759934626
1
0.967076010980935
0.439793979369537
1
0
1
0.671076982796701
0.225435078787001
1
0.816763169888543
0.67642552156345
7.18802612521926e-06
0.97237801382372
1
0.0918993245852327
0.264894601783173
1
0.296298683560202
0.755067443132288
0.227253138942938
1
0.905981005300548
0
0.980441402545422
0.946172596390439
0.870927270995137
0.220347308483641
0.979979023926281
1
0.776406927542411
0
1
0.999999605371341
1
0.539092796208102
1
1
0.954267818564726
0.43109355500106
1
1
1
0.266108775692069
1
1
0.964969294540527
1
1
1
0.999999806605761
0.482933801182893
1
1
0.634389847846708
1
0.803293850458983
1
0.999985751486452
0.845945685951787
1
0.675348331637815
0.51673825289909
0.518061994886694
0
1
0.999980606203336
0.916702342851331
0.759894977388495
0.889383739222124
0.181255012789737
0.21741541652914
0
0.966326943146154
0.250327602283864
0.610750535923688
0.817615869879632
1
0.86106357354495
1
0.98797451700096
0.303303275211035
0.390587021690944
0.70277405160629
0.72806051866531
1
0.999999866989811
1
1
1
1
1
1
1
0.999948631574361
1
1
1
1
1
1
1
0.58710964884395
0.975521373080845
1
1
1
1
1
0.99999988500279
0.578360877162424
0
0.800866967279835
1
0.611819156064992
1
1
0.999184915935421
0.584705292180377
0
0
0.141257534407858
0
1
0.818860216916076
0
0.483353153486003
0.00593500423369542
0
0
0
0.741964512753846
0
0
1
0.746903221108707
6.48540301444467e-05
0.314754977481948
0
7.46774593495621e-07
0
0.25898929812291
1
1
1
1
0.0287864935450384
6.35886087290521e-08
0.830843826604204
0.666039474467462
1
0.815420205733457
1
1
0.919888504895303
1
1
0.999999952696009
1
0.47776709832971
1
1
0.88842118385356
1
1
0.993260793784187
0.569858200412718
0.652304935825925
1
0.515896728357664
0.406956908852844
1
1
0.569242841430602
0.579222158091328
0.999999849389038
0.498520946848132
0.395733737919902
0.731637870627686
0.916293330618436
1
1
1
1
0.288014615752484
0.703249841492653
0.323185288709538
0.761340772405462
0.629916676093808
1
1
0.934245589568404
0.391994445682193
0.999999999900049
0.611236082097214
0.558390068885761
0
0.814507757608205
0.866876514354446
0.722272576596987
1
1
0.397637440787054
0.863230602045917
0.139057767726659
0.772760297168505
0.177107983189809
1
1
0.822499044433912
0.508722724183366
1
1
0.995554162135822
0.57872210395907
1
1
0.688290655801935
0.564390881560861
0.974187973659282
1
1
1
1
1
0.855569707364544
0.723953665948913
0.925352980854235
1
1
1
1
0.999999950034755
0.963704977298341
0.552338665406403
0.998318321251437
1
1
0.990638354386763
0.999999998333785
0.837002456450735
0.840941948480884
0.755702214868104
0.999990579519487
1
0.178942931246279
0.241597121789972
0.601048577750915
0.62746826685964
0.43176961530552
0.736273129670443
0.999990676981866
1
0.918937964347652
0.309635145985296
0.555164902333813
0.770081871873601
0.692654447531478
0.421153561563345
0.821507631988593
0.121673682308538
1
1
1
1
0.998909595720822
0.593875353496452
0.490855954368236
0
1
1
1
1
1
0.992107803405103
0.480561706072435
0.114569429787744
1
1
1
1
0.886595113360097
1
1
0.89371699801524
0.483704749025628
0.399511487693685
1
0.753861089066075
0.901733363292239
1
1
0.996361854428509
0
0
0.656982151551499
0.441518456567887
0.926153921975089
1
1
0.951829935020825
0.999287139552256
0
0
0
0.785782648907479
0.596190946358464
1
0
1
1
1
0.216675061364367
0.652572864812255
0
0.105517538490404
0
1
1
1
1
0.923693024570788
0.330383216006361
6.11738524260455e-05
0
1
1
1
1
1
1
8.10784954532226e-05
0
0.0703463163260443
0.683195499011874
1
1
0.999999999525897
1
1
1
0
0
1
0.283482917399708
0.999999970796016
1
1
1
0.73406229544865
0
0
0
0.838461417819233
0.804764632166651
1
1
1
0
0
0.075505601453365
0.613403974670813
0.622578852968687
1
0.34924083639919
1
1
1
1
1
1
0.999968485016043
0
1
1
1
1
1
1
0.521470004809723
0
1
1
1
1
1
1
0
0
0.0102561629422106
0.375054734536619
0.903243431866551
0.999999951851181
0
0
0
0.940241489096849
0
0
0
0
0
0
0.34417988293723
1
1
0
0
0
0
0.472180929265757
1
1
1
1
0
0.579455453420767
1
1
1
1
1
1
1
1
1
1
1
0.35024785679645
1
1
1
1
1
0.99972328732739
0.861940437743538
0
1
1
1
1
1
0
0
0
0.155208386184527
0
0.393592714836975
0.299372417942345
0
0
0
0.445931243762634
0
0
0
0
0
0
0
1
0
0
0
0
0
0
0.851945055326949
1
1
1
0
0
1
1
1
1
1
1
1
1
1
1
1
1
1
1
1
1
1
1
1
0.0434837982000759
1
1
1
1
1
0.391547263236628
0.192818692889314
0
0
0
0
0.215314789332026
0
0
0
0
0
0
0
0
0
0
0
0.154055526594946
0
0
0
0
0
0
0.240927443648955
0.589235079315092
