7.9412e-08	1.27846e-06	8.28665e-07	2.2686e-06	4.31971e-06	5.3927e-06	4.80959e-06	1.74588e-05	
7.94917e-08	1.28342e-06	8.30368e-07	2.26992e-06	4.32145e-06	5.39243e-06	4.81497e-06	1.74868e-05	
8.02849e-08	1.33371e-06	8.47516e-07	2.28311e-06	4.33888e-06	5.38958e-06	4.86933e-06	1.77687e-05	
9.11424e-08	2.19634e-06	1.11873e-06	2.47635e-06	4.60133e-06	5.3292e-06	5.76892e-06	2.22057e-05	
1.61183e-07	6.40389e-05	1.2498e-05	5.82973e-06	1.16934e-05	1.99703e-06	6.06582e-05	0.000198739	
0.00118162	0.0116376	0.0418449	0.0126047	0.00141705	0.0134125	0.0559904	0.175203	
0.00283324	0.000403296	0.00852048	0.0120682	0.00686952	0.00471267	0.00140007	0.00175594	
0.00136164	0.0139206	0.0303169	0.00495886	0.00248519	0.00131787	0.00232981	0.0136286	
0.00873423	0.0319377	0.00155698	0.00459327	0.0113218	0.0155281	0.0662895	0.136378	
0.0135408	0.0257824	0.0636422	0.0516454	0.0180986	0.0450886	0.205783	0.278536	
0.012976	0.0141035	0.0605318	0.0561385	0.032212	0.0164762	0.0303883	0.0260794	
0.0453729	0.0868008	0.177044	0.131773	0.0668163	0.0774374	0.254563	0.370535	
0.0283206	0.0577088	0.0914042	0.12756	0.139882	0.17461	0.248799	0.281886	
0.0569508	0.111871	0.186791	0.173052	0.122339	0.150437	0.356191	0.456301	
0.00738583	0.0037614	0.0159311	0.00335687	0.0105238	0.013213	0.048136	0.0139757	
0.0714756	0.152239	0.223044	0.168585	0.137455	0.196329	0.326093	0.354602	
0.0361901	0.084606	0.121926	0.16723	0.224954	0.273463	0.344961	0.365249	
0.0843504	0.172977	0.224699	0.209263	0.214128	0.274066	0.389656	0.400551	
0.0659086	0.132263	0.187706	0.227975	0.23074	0.304497	0.378302	0.384309	
0.0900737	0.168647	0.221868	0.236057	0.244329	0.306455	0.401731	0.405329	
0.00695998	0.0138402	0.0161541	0.00719633	0.00327521	0.0545053	0.0621527	0.0196869	
0.0966678	0.15156	0.120201	0.106545	0.181708	0.30912	0.405631	0.342968	
0.102312	0.181624	0.204976	0.215967	0.249306	0.336582	0.431793	0.407061	
0.105933	0.181965	0.208857	0.223585	0.255544	0.340018	0.432612	0.409782	
0.140417	0.210643	0.161047	0.170825	0.25955	0.421287	0.492225	0.408572	
0.046658	0.101585	0.147933	0.145847	0.149121	0.184355	0.242097	0.325706	
0.147665	0.200362	0.178339	0.196923	0.272462	0.414376	0.50244	0.437999	
0.153995	0.208019	0.178058	0.197841	0.277759	0.423925	0.507201	0.436784	
0.169794	0.203386	0.199311	0.227189	0.280189	0.394958	0.493314	0.449038	
0.150326	0.163838	0.0950791	0.106554	0.17122	0.265181	0.315025	0.27456	
0.199979	0.234338	0.192945	0.225184	0.296335	0.432944	0.519367	0.450984	
0.202382	0.2334	0.195608	0.226339	0.299886	0.440391	0.528864	0.456739	
0.230547	0.253416	0.197716	0.22231	0.302122	0.45507	0.537753	0.461043	
0.136077	0.0717949	0.0771563	0.0800949	0.144551	0.326077	0.3799	0.306141	
0.241278	0.244919	0.200311	0.221502	0.299471	0.462209	0.554016	0.464655	
0.243134	0.252285	0.201055	0.228929	0.310746	0.468364	0.556258	0.471652	
0.246823	0.255085	0.203783	0.231116	0.312762	0.470254	0.555654	0.468534	
0.263255	0.259569	0.213638	0.251252	0.332164	0.480596	0.556602	0.466498	
0.0509357	0.00208002	0.0035023	0.0345729	0.0583329	0.0679135	0.164132	0.200698	
0.259147	0.163306	0.20279	0.230946	0.285695	0.44614	0.558315	0.475772	
0.272691	0.260102	0.218627	0.25059	0.326858	0.478449	0.563134	0.472789	
0.0779888	0.036256	0.0673294	0.166402	0.292337	0.434558	0.478602	0.369951	
0.260665	0.242562	0.2095	0.255533	0.339154	0.488487	0.565744	0.468896	
0.272894	0.26258	0.217349	0.253629	0.332518	0.483343	0.565046	0.472066	
0.236908	0.188981	0.181758	0.245469	0.349551	0.489645	0.554875	0.46887	
0.278284	0.261739	0.222425	0.261058	0.341896	0.488915	0.564136	0.470805	
0.09026	0.0702769	0.0733628	0.131171	0.251455	0.366133	0.47433	0.430577	
0.284931	0.253246	0.210499	0.252784	0.336407	0.488147	0.574798	0.47869	
0.2889	0.266798	0.222887	0.261315	0.341063	0.491959	0.571888	0.475839	
0.226736	0.186987	0.1272	0.206804	0.330107	0.438962	0.476849	0.416041	
0.297002	0.271149	0.227415	0.274584	0.358607	0.500193	0.565545	0.466392	
0.163418	0.0997675	0.0743282	0.107021	0.186939	0.269117	0.420487	0.449026	
0.313946	0.266349	0.222851	0.26551	0.347977	0.49713	0.584351	0.491592	
0.32159	0.273683	0.23128	0.285683	0.371732	0.505114	0.564384	0.459864	
0.332625	0.272233	0.229092	0.276781	0.362623	0.507742	0.585321	0.487677	
0.336986	0.273948	0.231585	0.281475	0.367327	0.509878	0.583205	0.483239	
0.375971	0.264928	0.234086	0.2935	0.381041	0.515823	0.587672	0.495587	
0.0418421	0.0462304	0.00470537	0.03294	0.126701	0.174908	0.182144	0.124474	
0.262128	0.228618	0.163289	0.184446	0.29197	0.452376	0.520401	0.387341	
0.383143	0.273309	0.238705	0.289253	0.37816	0.517485	0.59202	0.489125	
0.384119	0.269597	0.239555	0.296768	0.381933	0.519549	0.592709	0.493431	
0.390389	0.272227	0.239672	0.294	0.381424	0.520238	0.594505	0.494316	
0.400474	0.268427	0.241944	0.303318	0.38479	0.525449	0.597402	0.495268	
0.265364	0.212832	0.144578	0.17247	0.309408	0.461776	0.523885	0.441503	
0.418126	0.276867	0.241682	0.298466	0.388176	0.529048	0.599735	0.493831	
0.41867	0.276882	0.243762	0.300868	0.387979	0.529668	0.60144	0.495087	
0.437338	0.28038	0.241778	0.295932	0.385522	0.528163	0.606249	0.508663	
0.0170367	0.0216864	0.0160953	0.0205701	0.0299616	0.079814	0.125055	0.103428	
0.136259	0.135892	0.205732	0.266812	0.332141	0.445261	0.482796	0.322538	
0.405848	0.275152	0.248467	0.305832	0.389178	0.535631	0.608649	0.495191	
0.441812	0.282423	0.246195	0.300287	0.387526	0.532309	0.608335	0.504775	
0.446626	0.286569	0.248278	0.309074	0.395283	0.538554	0.606821	0.495484	
0.0163538	0.0808939	0.0849837	0.083376	0.114329	0.19183	0.288044	0.353214	
0.376311	0.249913	0.227323	0.282794	0.366434	0.5117	0.606608	0.532148	
0.454555	0.284988	0.248123	0.305651	0.390867	0.536475	0.61072	0.507111	
0.45823	0.287147	0.25055	0.308761	0.392976	0.537584	0.609462	0.501842	
0.428979	0.282816	0.251947	0.316063	0.394003	0.531367	0.610659	0.522496	
0.460411	0.28696	0.251936	0.312244	0.393722	0.535787	0.610547	0.510474	
0.0729823	0.0979937	0.0916727	0.187124	0.325423	0.465713	0.483278	0.280657	
0.378788	0.277258	0.247736	0.301354	0.391299	0.541907	0.608207	0.481918	
0.470642	0.288656	0.253281	0.311577	0.393868	0.537785	0.611013	0.505564	
0.471423	0.288771	0.253771	0.313508	0.394738	0.537439	0.610693	0.507072	
0.490849	0.292246	0.255753	0.31235	0.394868	0.540407	0.613712	0.511418	
0.000520818	0.00635352	0.0117194	0.015763	0.0467253	0.0976873	0.139075	0.0365452	
0.0786454	0.120119	0.0442401	0.125493	0.248966	0.364347	0.466955	0.430669	
0.485327	0.290008	0.25426	0.320974	0.398902	0.537175	0.610767	0.514009	
0.495359	0.29326	0.256873	0.317383	0.397214	0.539478	0.612798	0.512939	
0.509096	0.297156	0.261425	0.325801	0.398187	0.534907	0.611728	0.515838	
0.0311369	0.0121689	0.00581652	0.0127647	0.0737498	0.276233	0.279309	0.295713	
0.451677	0.274641	0.234246	0.288663	0.38673	0.539926	0.613816	0.516464	
0.513848	0.298332	0.259302	0.322254	0.398728	0.538047	0.614187	0.518142	
0.505523	0.28635	0.25213	0.326472	0.397205	0.540018	0.614233	0.505498	
0.520065	0.298854	0.260267	0.326371	0.399817	0.540126	0.615856	0.515383	
0.0508132	0.0519944	0.0494698	0.1109	0.25759	0.418936	0.436634	0.440326	
0.506018	0.293774	0.252902	0.32167	0.401885	0.541139	0.615409	0.523782	
0.524898	0.300296	0.259917	0.326114	0.401205	0.541015	0.616543	0.519037	
0.528776	0.292512	0.252976	0.313078	0.400226	0.55082	0.623525	0.510849	
0.535761	0.301148	0.260576	0.322816	0.402084	0.545986	0.620533	0.516666	
0.0465245	0.0480775	0.02641	0.0513328	0.153408	0.24343	0.329094	0.379603	
0.493061	0.283945	0.231378	0.31757	0.406221	0.536537	0.605917	0.520976	
0.53959	0.301765	0.260753	0.327709	0.405297	0.545557	0.618583	0.518432	
0.559659	0.304533	0.260617	0.324611	0.40449	0.544103	0.621242	0.521357	
0.443283	0.240513	0.186828	0.261342	0.358562	0.47856	0.559235	0.489153	
0.563055	0.305321	0.262039	0.329572	0.407331	0.545483	0.62169	0.522458	
0.568309	0.311806	0.260016	0.324959	0.407828	0.55537	0.626379	0.512604	
0.493383	0.252086	0.212636	0.320621	0.401561	0.507741	0.590992	0.529037	
0.578974	0.311647	0.262252	0.331166	0.409314	0.549564	0.623193	0.518854	
0.585965	0.311187	0.261878	0.319438	0.399446	0.540124	0.619488	0.521416	
0.584978	0.313139	0.263899	0.329695	0.407986	0.548519	0.623625	0.52031	
0.257126	0.145985	0.104192	0.163081	0.267952	0.377113	0.501433	0.457054	
0.583926	0.311157	0.264382	0.336659	0.409906	0.545116	0.62084	0.521133	
0.590442	0.315762	0.264127	0.330129	0.408522	0.54964	0.625034	0.518251	
0.592	0.315924	0.265864	0.334494	0.410298	0.548477	0.623572	0.519898	
0.601287	0.31777	0.270799	0.338743	0.4105	0.548026	0.623576	0.51807	
0.0372674	0.0052672	0.00763745	0.0522382	0.20981	0.260401	0.365736	0.334929	
0.410394	0.236008	0.205993	0.289268	0.395719	0.529747	0.605103	0.517088	
0.606806	0.319169	0.270316	0.338407	0.41175	0.548296	0.623141	0.519113	
0.60724	0.319783	0.270704	0.338864	0.411882	0.548571	0.623819	0.519104	
0.611986	0.321059	0.270765	0.341764	0.415032	0.549788	0.62417	0.51854	
0.327735	0.253631	0.237782	0.307479	0.394605	0.541112	0.631206	0.506287	
0.612641	0.323519	0.272804	0.341231	0.414741	0.551211	0.626381	0.517415	
0.618479	0.323011	0.273371	0.3425	0.415045	0.550519	0.625138	0.518147	
0.620924	0.325483	0.275943	0.341012	0.415835	0.551772	0.625566	0.5159	
0.421641	0.271025	0.248546	0.341091	0.404407	0.52647	0.609614	0.520326	
0.6268	0.324404	0.276528	0.344635	0.416429	0.550372	0.624625	0.517351	
0.627129	0.325014	0.276602	0.34453	0.416625	0.550872	0.625069	0.517094	
0.629677	0.326458	0.276285	0.347506	0.418622	0.551964	0.625138	0.515904	
0.102755	0.114855	0.147175	0.175854	0.266169	0.426486	0.553069	0.447133	
0.48102	0.315046	0.276383	0.334148	0.412569	0.550473	0.629203	0.512217	
0.630951	0.327115	0.277252	0.346731	0.418487	0.552462	0.625909	0.515615	
0.632493	0.326836	0.27735	0.34758	0.41872	0.552072	0.625543	0.515774	
0.626725	0.326458	0.280349	0.34935	0.42029	0.552173	0.625666	0.51398	
0.633008	0.327201	0.278853	0.348477	0.419538	0.552249	0.625599	0.514949	
0.0987478	0.105355	0.139662	0.308825	0.378388	0.481345	0.579184	0.501525	
0.60761	0.32059	0.277619	0.352244	0.420915	0.549859	0.622833	0.516257	
0.635189	0.326962	0.279028	0.349347	0.419902	0.551879	0.625083	0.515232	
0.638332	0.328001	0.279588	0.35089	0.42042	0.551844	0.625175	0.516535	
0.0787497	0.0322876	0.0130014	0.0759944	0.164274	0.223396	0.327294	0.344208	
0.593041	0.285822	0.268978	0.354218	0.423692	0.540582	0.61426	0.517494	
0.640026	0.327686	0.280947	0.352808	0.421552	0.550887	0.624037	0.51692	
0.643031	0.331102	0.281897	0.353077	0.421426	0.551517	0.626074	0.517773	
0.109353	0.0270307	0.0346042	0.112951	0.248936	0.351093	0.501393	0.481408	
0.61562	0.308421	0.269968	0.354493	0.422854	0.544286	0.62106	0.52148	
0.643676	0.331084	0.282614	0.354411	0.422331	0.550984	0.625356	0.518254	
0.583017	0.329541	0.280762	0.343711	0.412057	0.553821	0.632537	0.516401	
0.644698	0.33204	0.2829	0.353737	0.421316	0.551498	0.626378	0.518007	
0.602251	0.316125	0.274515	0.355756	0.426592	0.546783	0.620975	0.521993	
0.645398	0.331965	0.283021	0.354908	0.422468	0.551202	0.625746	0.518706	
0.554309	0.315913	0.272262	0.343373	0.415629	0.554424	0.629251	0.514675	
0.646573	0.333629	0.283802	0.354415	0.421813	0.5519	0.62648	0.518314	
0.59377	0.316138	0.273603	0.34967	0.423811	0.549039	0.625612	0.528769	
0.648719	0.333514	0.283713	0.354469	0.422435	0.551926	0.626614	0.520309	
0.461985	0.312128	0.274467	0.353056	0.419066	0.553043	0.625299	0.505999	
0.64867	0.335477	0.285389	0.356347	0.42202	0.552227	0.626858	0.519063	
0.651855	0.334856	0.284223	0.353706	0.422882	0.552795	0.627462	0.521795	
0.652549	0.335477	0.285291	0.355853	0.422797	0.552571	0.627309	0.520999	
0.641102	0.330341	0.2794	0.342241	0.425291	0.555222	0.628927	0.525822	
0.654667	0.335635	0.284657	0.353586	0.424015	0.553844	0.62813	0.522564	
0.35156	0.253205	0.245606	0.335869	0.389703	0.50517	0.585361	0.47384	
0.651047	0.335682	0.28628	0.359197	0.424226	0.552778	0.627232	0.520368	
0.654958	0.336062	0.2856	0.356426	0.424208	0.553492	0.627885	0.521775	
0.643157	0.332757	0.285684	0.352714	0.428398	0.554869	0.627753	0.527383	
0.656757	0.335644	0.285948	0.355553	0.425945	0.554098	0.628048	0.523891	
0.142009	0.211038	0.22338	0.307577	0.387803	0.538416	0.612729	0.472618	
0.628609	0.335179	0.286259	0.359405	0.425641	0.556077	0.628649	0.519103	
0.658276	0.336287	0.286395	0.356738	0.425934	0.554579	0.628326	0.522958	
0.658711	0.334507	0.287663	0.359755	0.428405	0.553926	0.626853	0.52371	
0.606222	0.308908	0.264118	0.336591	0.418716	0.55775	0.62861	0.519249	
0.661731	0.336411	0.28833	0.358693	0.428067	0.555999	0.628128	0.523462	
0.662616	0.336518	0.288174	0.358408	0.428366	0.555855	0.628303	0.52388	
0.662775	0.337674	0.287966	0.357097	0.42948	0.558158	0.630133	0.52275	
0.539544	0.317558	0.275781	0.347354	0.425943	0.545877	0.623731	0.531829	
0.665605	0.337614	0.287907	0.356973	0.42951	0.557359	0.629847	0.523992	
0.665524	0.337746	0.288261	0.35735	0.429595	0.557531	0.629833	0.523878	
0.666307	0.337467	0.288827	0.357941	0.430349	0.557388	0.629534	0.525455	
0.136568	0.189453	0.155089	0.208299	0.343766	0.501452	0.56622	0.442251	
0.636095	0.334475	0.284337	0.349847	0.429033	0.562309	0.631306	0.518301	
0.667714	0.337993	0.288867	0.357296	0.430507	0.558734	0.630126	0.524385	
0.668013	0.338067	0.288904	0.357523	0.430777	0.55848	0.63022	0.524643	
0.672017	0.338829	0.288671	0.355496	0.431257	0.560008	0.631784	0.525442	
0.20581	0.0331509	0.0262752	0.0526628	0.093285	0.207907	0.386613	0.368643	
0.627684	0.291372	0.26593	0.347688	0.425114	0.545337	0.625024	0.525967	
0.672138	0.33864	0.289263	0.356578	0.431771	0.559469	0.631527	0.525764	
0.67254	0.33884	0.289303	0.356612	0.431602	0.559776	0.631712	0.525731	
0.674345	0.337927	0.289345	0.358197	0.43242	0.559531	0.63237	0.527119	
0.0954146	0.0979537	0.106892	0.117112	0.245671	0.461338	0.527008	0.399703	
0.585006	0.281318	0.251185	0.321623	0.407441	0.556188	0.633165	0.521958	
0.675368	0.339072	0.290108	0.357604	0.431487	0.560505	0.633038	0.526842	
0.675798	0.338989	0.289912	0.357791	0.432041	0.560424	0.633033	0.52711	
0.677639	0.339205	0.290023	0.35776	0.432336	0.561508	0.634395	0.527999	
0.252367	0.203133	0.174824	0.307796	0.391524	0.512329	0.63004	0.548481	
0.669153	0.335977	0.288252	0.358052	0.432223	0.561242	0.636352	0.531567	
0.677821	0.338775	0.289892	0.357954	0.432402	0.561544	0.634931	0.528918	
0.517376	0.321318	0.286739	0.360469	0.433908	0.564825	0.632648	0.510546	
0.676538	0.33947	0.290595	0.359204	0.432931	0.56223	0.634888	0.527182	
0.678101	0.338809	0.289862	0.358133	0.432756	0.562001	0.635446	0.529372	
0.678357	0.339262	0.290276	0.358785	0.433003	0.562354	0.635411	0.528416	
0.678162	0.338715	0.289675	0.359184	0.433971	0.563274	0.636753	0.530242	
0.111429	0.0894437	0.123093	0.182422	0.297948	0.48853	0.557185	0.394417	
0.528679	0.315377	0.28326	0.357104	0.430839	0.562964	0.631544	0.511453	
0.679151	0.3395	0.290644	0.3603	0.434206	0.563628	0.636467	0.528486	
0.679549	0.339504	0.290412	0.360024	0.434324	0.563672	0.636632	0.528996	
0.679857	0.340199	0.291057	0.360407	0.435427	0.564575	0.636976	0.528829	
0.217407	0.16072	0.148321	0.229007	0.37421	0.517136	0.619659	0.553665	
0.664473	0.335724	0.288687	0.356493	0.435114	0.563002	0.637797	0.534298	
0.680926	0.339904	0.290956	0.359935	0.435461	0.564369	0.637164	0.529794	
0.679607	0.33793	0.291403	0.362874	0.434124	0.564303	0.637078	0.528903	
0.680943	0.340033	0.291661	0.361466	0.435157	0.564401	0.637266	0.529529	
0.455769	0.142123	0.120319	0.184026	0.359037	0.528158	0.606521	0.52194	
0.680158	0.337952	0.288977	0.358163	0.436029	0.563922	0.637173	0.532139	
0.681697	0.340396	0.291522	0.361063	0.435672	0.564354	0.637299	0.53039	
0.68206	0.341851	0.29368	0.363709	0.435961	0.564674	0.637223	0.52998	
0.271244	0.0897108	0.0566196	0.0648553	0.222633	0.438542	0.537945	0.470294	
0.669975	0.334972	0.28496	0.351941	0.435748	0.562845	0.638036	0.534691	
0.682521	0.342211	0.293207	0.363104	0.436555	0.564673	0.637545	0.530909	
0.661806	0.343392	0.294726	0.363681	0.435776	0.566573	0.639368	0.525853	
0.682479	0.342804	0.293701	0.363518	0.436558	0.565205	0.638002	0.529975	
0.558602	0.31351	0.277438	0.345967	0.434058	0.557742	0.638239	0.540311	
0.682867	0.342457	0.293613	0.363281	0.437147	0.564997	0.638313	0.531264	
0.683093	0.343449	0.294127	0.363631	0.436927	0.565973	0.638555	0.529899	
0.683628	0.343139	0.294179	0.36391	0.437287	0.565643	0.638739	0.530608	
0.677212	0.343949	0.295138	0.363329	0.43687	0.568243	0.639579	0.52824	
0.683548	0.344212	0.294837	0.364006	0.437309	0.566698	0.639039	0.529772	
0.283115	0.147107	0.15647	0.274028	0.384109	0.494784	0.618868	0.540028	
0.678126	0.34072	0.29396	0.365419	0.437891	0.56356	0.639129	0.532361	
0.684588	0.343932	0.294979	0.364638	0.437601	0.565967	0.639144	0.530533	
0.685618	0.345928	0.297135	0.362314	0.437233	0.566998	0.641155	0.531989	
0.0981125	0.0517968	0.0468493	0.11541	0.192132	0.327229	0.500187	0.476666	
0.648197	0.333872	0.292997	0.366394	0.436702	0.558717	0.638605	0.533684	
0.686133	0.345816	0.297372	0.36373	0.437788	0.566317	0.641014	0.532317	
0.661576	0.349418	0.299145	0.365817	0.440017	0.567706	0.640584	0.527631	
0.685707	0.346774	0.297928	0.364031	0.43803	0.56656	0.641136	0.531679	
0.531315	0.333444	0.291965	0.354703	0.439812	0.564884	0.638386	0.541151	
0.685995	0.346496	0.297919	0.36383	0.438422	0.566604	0.641146	0.532892	
0.686138	0.347203	0.298625	0.364613	0.438401	0.567032	0.641156	0.531741	
0.686614	0.347174	0.298612	0.364229	0.438675	0.567109	0.641336	0.532372	
0.679267	0.348599	0.301456	0.36691	0.439701	0.56976	0.641119	0.529128	
0.685441	0.348151	0.300047	0.365516	0.439163	0.568327	0.641338	0.53096	
0.170361	0.148567	0.150945	0.195657	0.387759	0.516587	0.604195	0.550406	
0.665132	0.344641	0.297279	0.35983	0.439599	0.56647	0.642044	0.537107	
0.686976	0.348205	0.299866	0.364759	0.43936	0.568049	0.641603	0.532237	
0.68828	0.348979	0.301926	0.364861	0.439174	0.569287	0.642275	0.533049	
0.151246	0.0795289	0.0476318	0.0669458	0.281775	0.438603	0.531925	0.479523	
0.665121	0.342232	0.293987	0.350562	0.441599	0.568609	0.642455	0.536393	
0.688489	0.349465	0.30201	0.36417	0.43984	0.569399	0.642493	0.533704	
0.665467	0.350851	0.305688	0.367191	0.440622	0.568118	0.640708	0.528276	
0.688308	0.350062	0.302956	0.364942	0.440076	0.569333	0.642332	0.532887	
0.594792	0.337482	0.294963	0.349504	0.439068	0.566997	0.643051	0.547709	
0.688435	0.34995	0.303155	0.364335	0.440208	0.569321	0.642565	0.534546	
0.688315	0.350716	0.304023	0.365079	0.440428	0.569598	0.642476	0.533356	
0.688734	0.350548	0.3041	0.364741	0.440456	0.5695	0.642685	0.53462	
0.650326	0.353228	0.308821	0.368802	0.443154	0.571878	0.642351	0.526582	
0.687996	0.351489	0.305284	0.36566	0.440922	0.569906	0.642723	0.53327	
0.573268	0.332045	0.293806	0.351708	0.434186	0.559674	0.637396	0.553755	
0.688821	0.35136	0.305732	0.365125	0.440692	0.569189	0.642545	0.535618	
0.687665	0.352562	0.306696	0.366119	0.441429	0.570306	0.642693	0.533404	
0.689002	0.352211	0.306945	0.365776	0.441198	0.569567	0.642667	0.535267	
0.665258	0.353574	0.306999	0.36399	0.442768	0.575208	0.643185	0.528241	
0.688146	0.353374	0.307528	0.36588	0.441706	0.57085	0.642982	0.534002	
0.502061	0.30157	0.275726	0.340511	0.422991	0.546809	0.63863	0.558274	
0.688737	0.35233	0.307431	0.365309	0.441313	0.569525	0.643452	0.537098	
0.688007	0.353885	0.308543	0.366111	0.442441	0.57136	0.64328	0.534112	
0.689585	0.353636	0.308439	0.365621	0.442063	0.570965	0.643476	0.535495	
0.689665	0.354909	0.309978	0.366197	0.4435	0.57309	0.644681	0.534443	
0.103777	0.149554	0.13576	0.215974	0.3592	0.490725	0.616101	0.579372	
0.646781	0.349382	0.307311	0.35967	0.440185	0.568619	0.646131	0.546224	
0.691002	0.354796	0.310013	0.36552	0.443153	0.572585	0.644974	0.536163	
0.682465	0.35674	0.313224	0.367669	0.440432	0.57404	0.646331	0.533013	
0.69005	0.356088	0.31149	0.366962	0.442489	0.573222	0.645465	0.535069	
0.259982	0.156155	0.108809	0.123416	0.323847	0.48775	0.584058	0.524824	
0.684792	0.354761	0.309524	0.357305	0.443334	0.571941	0.645645	0.540456	
0.691193	0.3565	0.311679	0.365351	0.442985	0.573099	0.645646	0.536518	
0.692852	0.356202	0.312093	0.366217	0.441494	0.573382	0.647583	0.536923	
0.677316	0.347368	0.295788	0.319636	0.433421	0.563439	0.63454	0.528957	
0.692998	0.3575	0.31334	0.364688	0.44284	0.573919	0.64741	0.537237	
0.693339	0.358647	0.31356	0.366125	0.442958	0.575198	0.646531	0.537278	
0.236437	0.141465	0.156919	0.192747	0.322227	0.476728	0.595075	0.476041	
0.67071	0.318092	0.288401	0.346309	0.436695	0.5726	0.650496	0.531269	
0.693512	0.359163	0.313754	0.365921	0.443031	0.575451	0.647339	0.536949	
0.694132	0.35877	0.31426	0.36586	0.443045	0.575109	0.647445	0.537298	
0.694109	0.359236	0.314308	0.365661	0.443128	0.575326	0.647609	0.537102	
0.694945	0.358838	0.315521	0.365469	0.443563	0.57518	0.648455	0.537548	
0.214286	0.161368	0.153578	0.232015	0.356825	0.548241	0.607372	0.482334	
0.661828	0.348603	0.30563	0.356244	0.435391	0.577974	0.647499	0.532372	
0.695212	0.360145	0.316115	0.365385	0.443097	0.575758	0.648447	0.53702	
0.690866	0.362401	0.317614	0.366493	0.444024	0.576267	0.648416	0.537514	
0.621456	0.359815	0.318545	0.365177	0.444283	0.578282	0.649492	0.530132	
0.694251	0.36245	0.317987	0.366461	0.444124	0.57676	0.648764	0.536415	
0.694573	0.362547	0.318106	0.36635	0.444092	0.576732	0.648851	0.536699	
0.694153	0.364046	0.319761	0.365841	0.444404	0.578117	0.6496	0.535907	
0.0868053	0.106294	0.046324	0.0988727	0.254559	0.389285	0.521749	0.51472	
0.619952	0.351391	0.308293	0.366996	0.443019	0.569399	0.644856	0.543072	
0.695816	0.363583	0.319545	0.366511	0.44448	0.577459	0.649282	0.536754	
0.695353	0.364997	0.321731	0.366707	0.44469	0.578394	0.64999	0.53668	
0.487015	0.125232	0.122162	0.241001	0.381752	0.544472	0.626933	0.524185	
0.69386	0.361923	0.319509	0.3667	0.44599	0.577491	0.648746	0.536264	
0.695737	0.365347	0.322008	0.367119	0.445238	0.578253	0.649714	0.536614	
0.692405	0.358376	0.313577	0.362199	0.435795	0.579185	0.650986	0.53763	
0.696001	0.366188	0.322215	0.367359	0.444209	0.578646	0.650003	0.53685	
0.672948	0.314006	0.276584	0.329066	0.433566	0.567056	0.646074	0.536958	
0.696699	0.366225	0.323482	0.367199	0.445008	0.577861	0.649813	0.537094	
0.695729	0.367133	0.323857	0.367882	0.444784	0.578884	0.650204	0.53597	
0.696639	0.367135	0.324971	0.367186	0.444504	0.57792	0.650008	0.537465	
0.696773	0.367415	0.32501	0.367695	0.444795	0.578418	0.65019	0.536624	
0.695135	0.368973	0.328481	0.366749	0.444155	0.578146	0.650603	0.537883	
0.508439	0.354431	0.32021	0.372826	0.449031	0.580706	0.65066	0.519495	
0.696874	0.368917	0.328196	0.368305	0.445052	0.579028	0.65096	0.536034	
0.697397	0.368988	0.328501	0.368032	0.444859	0.57885	0.650956	0.536506	
0.697505	0.369267	0.330295	0.368354	0.445239	0.579427	0.651798	0.536422	
0.16418	0.30306	0.31924	0.326334	0.410057	0.550723	0.642086	0.561613	
0.677143	0.371057	0.333137	0.365211	0.442702	0.577602	0.652038	0.540144	
0.697807	0.369597	0.330751	0.367954	0.444901	0.579192	0.651858	0.536944	
0.640835	0.365285	0.329721	0.37133	0.446938	0.581304	0.652534	0.529931	
0.69751	0.369556	0.330984	0.368579	0.445195	0.579526	0.65201	0.536245	
0.697872	0.369855	0.331291	0.367901	0.444839	0.579269	0.652072	0.537119	
0.697935	0.369788	0.331409	0.368396	0.445057	0.579497	0.65216	0.536605	
0.6951	0.369958	0.332194	0.367671	0.444501	0.57939	0.652864	0.538693	
0.697943	0.369923	0.331811	0.36813	0.44484	0.579462	0.652468	0.537485	
0.281556	0.306095	0.283178	0.338988	0.438362	0.579723	0.643729	0.506941	
0.685864	0.370141	0.333435	0.368688	0.445383	0.580087	0.652116	0.534304	
0.698282	0.370184	0.332351	0.368356	0.444974	0.579606	0.65243	0.536874	
0.698952	0.370434	0.333863	0.368594	0.444752	0.57975	0.652845	0.537664	
0.600447	0.284081	0.263676	0.317728	0.427846	0.571315	0.652171	0.528388	
0.696151	0.370205	0.334161	0.365873	0.44427	0.580372	0.653744	0.537311	
0.698818	0.371006	0.334385	0.368084	0.444698	0.57994	0.653103	0.537596	
0.669354	0.345057	0.313076	0.364569	0.441352	0.575344	0.651382	0.542787	
0.699111	0.370784	0.334312	0.368788	0.444662	0.579607	0.653024	0.538174	
0.698905	0.371341	0.334791	0.368561	0.444494	0.580084	0.653244	0.537723	
0.699334	0.371291	0.334976	0.368564	0.4446	0.579826	0.653231	0.538204	
0.699359	0.371492	0.335144	0.368659	0.444517	0.579974	0.653303	0.5381	
0.699429	0.371941	0.336169	0.36798	0.444366	0.580157	0.654063	0.539578	
0.0823958	0.0926881	0.140692	0.219811	0.344298	0.502363	0.582832	0.418713	
0.571388	0.335413	0.316245	0.363344	0.440019	0.582054	0.651888	0.526196	
0.699683	0.372407	0.336627	0.36894	0.444287	0.580665	0.654125	0.538428	
0.700332	0.372502	0.336605	0.368695	0.444332	0.580579	0.65414	0.538936	
0.700704	0.373046	0.337683	0.369022	0.444663	0.581479	0.654112	0.538306	
0.214248	0.269278	0.242446	0.30522	0.429069	0.56044	0.642113	0.545979	
0.689251	0.372552	0.337262	0.366778	0.445105	0.580875	0.653771	0.540182	
0.701231	0.373155	0.337747	0.368717	0.444768	0.581403	0.654071	0.538639	
0.698808	0.371357	0.338568	0.368511	0.445002	0.581957	0.653787	0.537425	
0.701437	0.373395	0.338336	0.368823	0.4449	0.581613	0.654002	0.538274	
0.451908	0.12349	0.194456	0.282448	0.420811	0.572147	0.643214	0.544717	
0.699966	0.369276	0.336294	0.36842	0.445231	0.581853	0.653645	0.539378	
0.701841	0.373582	0.338234	0.368924	0.445036	0.581696	0.653932	0.538549	
0.702042	0.37422	0.339051	0.368365	0.445559	0.581808	0.654151	0.539098	
0.176572	0.0323315	0.137116	0.251308	0.324942	0.513826	0.597894	0.479437	
0.685367	0.361306	0.338489	0.371014	0.443063	0.581353	0.653166	0.536151	
0.70274	0.374615	0.339537	0.369009	0.445316	0.581855	0.654114	0.538757	
0.703555	0.375721	0.340787	0.369958	0.446394	0.582425	0.653459	0.538041	
0.474997	0.257396	0.191133	0.227957	0.368434	0.553418	0.635197	0.536663	
0.699214	0.375599	0.338577	0.367282	0.445944	0.583212	0.655542	0.541076	
0.703195	0.375983	0.340512	0.369536	0.446461	0.582784	0.65422	0.539054	
0.676644	0.322967	0.304767	0.342442	0.439042	0.576965	0.647465	0.536105	
0.703351	0.376468	0.340923	0.369192	0.44674	0.58252	0.653846	0.538957	
0.70341	0.375615	0.340742	0.369296	0.446533	0.582714	0.654429	0.539498	
0.703806	0.377	0.341263	0.369474	0.446874	0.5827	0.654089	0.539205	
0.704024	0.378089	0.342185	0.369054	0.447662	0.582859	0.654212	0.53959	
0.309112	0.129599	0.188426	0.302279	0.425354	0.564189	0.643394	0.520941	
0.691911	0.361103	0.336396	0.370094	0.447643	0.582017	0.653335	0.539003	
0.703997	0.378435	0.342175	0.369394	0.447714	0.58283	0.654146	0.539544	
0.703127	0.378321	0.343381	0.368084	0.448604	0.583194	0.653876	0.539444	
0.704296	0.37891	0.342833	0.368869	0.448119	0.583011	0.654039	0.539501	
0.322949	0.261315	0.278094	0.348728	0.443021	0.58245	0.648617	0.515847	
0.697197	0.378597	0.342055	0.370037	0.44841	0.583931	0.654008	0.537635	
0.704535	0.379404	0.342948	0.369332	0.448197	0.58325	0.654043	0.539088	
0.705296	0.381028	0.343929	0.369532	0.449589	0.583438	0.653182	0.538476	
0.185587	0.302718	0.293165	0.368157	0.434991	0.560213	0.631634	0.499734	
0.664025	0.380681	0.342778	0.374339	0.451955	0.585497	0.653599	0.534405	
0.705332	0.381255	0.343942	0.3704	0.449944	0.583807	0.653263	0.537938	
0.698357	0.375957	0.340589	0.369397	0.452552	0.583174	0.651901	0.537779	
0.705412	0.381325	0.344197	0.370482	0.450435	0.583737	0.653081	0.537937	
0.674336	0.380893	0.343775	0.373028	0.452356	0.584868	0.653386	0.535038	
0.704569	0.38193	0.344474	0.370964	0.450733	0.583999	0.653149	0.537615	
0.705212	0.381923	0.34444	0.371058	0.451072	0.583797	0.652691	0.537793	
0.704818	0.382403	0.344751	0.371196	0.451207	0.584038	0.652861	0.537547	
0.705054	0.382499	0.344824	0.371285	0.451327	0.583991	0.652708	0.537574	
0.704671	0.384059	0.346325	0.372291	0.452713	0.584084	0.651911	0.537128	
0.560221	0.347031	0.323674	0.372421	0.447261	0.582135	0.650332	0.525803	
0.699157	0.385352	0.347035	0.373718	0.453044	0.584745	0.652018	0.535927	
0.703816	0.384776	0.346842	0.372772	0.452876	0.584319	0.651969	0.536775	
0.334487	0.240474	0.226548	0.322419	0.437651	0.570846	0.640129	0.531819	
0.700076	0.382666	0.345528	0.372199	0.453379	0.584177	0.651126	0.536807	
0.704644	0.384729	0.346873	0.372745	0.453017	0.584314	0.651803	0.536792	
0.704494	0.385956	0.348209	0.372895	0.453776	0.584768	0.651762	0.536313	
0.659388	0.365279	0.340339	0.376176	0.44568	0.577909	0.646457	0.534957	
0.703689	0.38646	0.348981	0.374209	0.4535	0.584792	0.65163	0.536432	
0.686333	0.379465	0.344985	0.367392	0.456548	0.586071	0.65138	0.534769	
0.704187	0.386919	0.349342	0.373598	0.45417	0.585117	0.65165	0.536241	
0.70325	0.388368	0.349653	0.372175	0.45531	0.586031	0.6523	0.535643	
0.677988	0.334781	0.327632	0.372291	0.452746	0.583187	0.646845	0.532172	
0.703546	0.388802	0.350732	0.372812	0.455446	0.586313	0.652055	0.535471	
0.702848	0.387623	0.352329	0.376123	0.454148	0.585344	0.650537	0.535412	
0.703562	0.388641	0.351641	0.374344	0.455084	0.586087	0.651584	0.535512	
0.608206	0.372052	0.338457	0.353995	0.454526	0.583778	0.652585	0.537206	
0.703234	0.389214	0.351873	0.373322	0.455528	0.586258	0.651975	0.535845	
0.701363	0.389502	0.352183	0.374394	0.455843	0.586644	0.651843	0.534512	
0.703761	0.389469	0.352056	0.373811	0.455646	0.586434	0.651912	0.535338	
0.701885	0.388525	0.353648	0.374166	0.455712	0.586508	0.651697	0.535567	
0.703602	0.389575	0.352927	0.374019	0.455706	0.586504	0.651836	0.53541	
0.328856	0.265234	0.268612	0.35702	0.452388	0.587142	0.653329	0.518744	
0.695338	0.388577	0.3517	0.374429	0.456218	0.587421	0.652338	0.533516	
0.703817	0.389874	0.352993	0.374167	0.455823	0.586699	0.651942	0.535046	
0.704418	0.390814	0.354052	0.373921	0.455661	0.58675	0.651966	0.535401	
0.276089	0.34274	0.3434	0.38305	0.460065	0.582897	0.648651	0.51671	
0.687314	0.391156	0.354502	0.375389	0.45666	0.587401	0.652261	0.53349	
0.704641	0.390973	0.354257	0.374123	0.45584	0.58699	0.652066	0.534988	
0.694241	0.387025	0.35234	0.37431	0.456171	0.58592	0.650925	0.536491	
0.704864	0.391038	0.354416	0.374255	0.45594	0.586858	0.651904	0.535189	
0.685894	0.391188	0.354791	0.375566	0.456366	0.587234	0.652947	0.534129	
0.704586	0.39145	0.354577	0.374426	0.456038	0.586985	0.652078	0.53507	
0.704913	0.391422	0.354779	0.374486	0.45618	0.586799	0.651788	0.535287	
0.704907	0.391897	0.354834	0.374531	0.456232	0.587011	0.652033	0.535097	
0.705136	0.391964	0.354944	0.37455	0.456283	0.586977	0.651962	0.535147	
0.705256	0.392893	0.355795	0.374777	0.456771	0.587401	0.652205	0.534986	
0.316856	0.173806	0.212671	0.312758	0.426361	0.580548	0.65237	0.519794	
0.692323	0.384991	0.35221	0.374484	0.456255	0.588419	0.653492	0.533177	
0.70521	0.393273	0.355877	0.374878	0.456772	0.58757	0.652374	0.534757	
0.697213	0.392495	0.356923	0.374217	0.457143	0.587988	0.651896	0.53526	
0.705395	0.393447	0.356306	0.374771	0.456872	0.587678	0.652273	0.534872	
0.548658	0.369027	0.347497	0.375861	0.455689	0.589952	0.65398	0.526852	
0.704078	0.393769	0.356793	0.375425	0.45702	0.588129	0.652541	0.534053	
0.705191	0.393926	0.356912	0.374758	0.457045	0.587965	0.65235	0.534712	
0.705625	0.394133	0.357204	0.375188	0.457084	0.588195	0.652463	0.53432	
0.704712	0.395272	0.358543	0.375222	0.45738	0.588812	0.652486	0.534159	
0.0858328	0.137751	0.19094	0.30512	0.421595	0.567503	0.638451	0.489018	
0.592992	0.382198	0.353634	0.377958	0.456607	0.589779	0.652538	0.527895	
0.705721	0.395366	0.358848	0.375915	0.457442	0.588997	0.652553	0.533546	
0.705811	0.39547	0.358983	0.37587	0.457468	0.589015	0.652555	0.533622	
0.705389	0.395849	0.360514	0.37685	0.457945	0.589588	0.65252	0.532905	
0.0880851	0.187757	0.153527	0.233676	0.403074	0.5409	0.610713	0.541763	
0.655075	0.392603	0.35533	0.373023	0.458641	0.587864	0.650916	0.535724	
0.706143	0.396103	0.36043	0.376634	0.458072	0.58945	0.652401	0.533229	
0.706475	0.396604	0.361676	0.377187	0.458745	0.589812	0.65213	0.533133	
0.618255	0.392087	0.361448	0.38182	0.462962	0.588572	0.647957	0.534787	
0.70565	0.397525	0.362607	0.377982	0.459369	0.5898	0.651667	0.533346	
0.12573	0.12932	0.134832	0.245757	0.386529	0.551535	0.649977	0.514107	
0.651645	0.384812	0.355643	0.374094	0.456637	0.589459	0.653018	0.532092	
0.706605	0.397646	0.363103	0.377909	0.459197	0.589832	0.651837	0.533225	
0.706486	0.398694	0.364355	0.37873	0.459833	0.590264	0.651438	0.532822	
0.397816	0.327785	0.346917	0.333698	0.450441	0.581697	0.643189	0.539129	
0.704077	0.398526	0.365013	0.375791	0.460162	0.590103	0.651401	0.534124	
0.706953	0.399074	0.364765	0.377958	0.459964	0.590239	0.651446	0.533216	
0.687902	0.396415	0.364858	0.38591	0.458561	0.588554	0.647466	0.530528	
0.706612	0.399352	0.365263	0.379669	0.459938	0.5902	0.650944	0.53282	
0.453198	0.349736	0.327775	0.332374	0.452587	0.58114	0.641569	0.526588	
0.705232	0.400226	0.365427	0.377461	0.460887	0.590528	0.650887	0.532895	
0.707181	0.399869	0.365429	0.378927	0.460333	0.590356	0.650946	0.532865	
0.707356	0.4011	0.368473	0.378451	0.4601	0.590722	0.650417	0.531943	
0.598347	0.348872	0.321316	0.368485	0.457033	0.586384	0.644738	0.533999	
0.707918	0.402035	0.368599	0.379417	0.460613	0.590786	0.650009	0.53228	
0.708319	0.402095	0.368784	0.379572	0.460674	0.59077	0.649932	0.532277	
0.706242	0.402427	0.368803	0.380585	0.461756	0.590728	0.648484	0.532546	
0.708081	0.402662	0.369054	0.380093	0.461177	0.590751	0.649361	0.532427	
0.509241	0.360217	0.341312	0.355193	0.449704	0.584887	0.651247	0.527618	
0.707373	0.402738	0.369837	0.379572	0.46066	0.590507	0.649636	0.532039	
0.708584	0.402851	0.369459	0.380015	0.461013	0.590683	0.649441	0.532293	
0.707908	0.403961	0.37203	0.379565	0.461607	0.590564	0.648649	0.532488	
0.649866	0.39384	0.366359	0.379618	0.458812	0.589269	0.648021	0.529447	
0.709739	0.404347	0.372406	0.380295	0.461367	0.590502	0.648573	0.532169	
0.710839	0.406249	0.374938	0.380471	0.461407	0.59071	0.647922	0.531505	
0.673796	0.359883	0.367709	0.381162	0.43767	0.560989	0.618208	0.520601	
0.711469	0.40652	0.377308	0.383247	0.46135	0.590176	0.646354	0.531002	
0.166489	0.102522	0.206006	0.138359	0.296631	0.426806	0.506513	0.407488	
0.690385	0.392596	0.369515	0.352934	0.458171	0.586384	0.644672	0.524077	
0.711999	0.407726	0.378112	0.380903	0.462283	0.591048	0.647064	0.530656	
0.713555	0.408675	0.37924	0.38479	0.46133	0.590591	0.645656	0.529436	
0.665255	0.387838	0.368815	0.3555	0.460794	0.590302	0.646442	0.525582	
0.713893	0.409988	0.381495	0.382476	0.462386	0.591449	0.646274	0.52905	
0.713921	0.410152	0.381547	0.382558	0.462529	0.591498	0.646247	0.529435	
0.714314	0.410285	0.381938	0.382577	0.462559	0.591497	0.646177	0.529273	
0.711403	0.410137	0.382991	0.382203	0.463349	0.592141	0.64586	0.529427	
0.714157	0.41045	0.382398	0.382518	0.46285	0.591739	0.646064	0.529338	
0.36681	0.358094	0.344666	0.365048	0.456579	0.584853	0.64345	0.518848	
0.708421	0.410426	0.382819	0.382515	0.462757	0.591617	0.645943	0.528211	
0.714707	0.410628	0.382603	0.382567	0.462836	0.591729	0.646045	0.529098	
0.715532	0.411145	0.383435	0.382907	0.463124	0.591747	0.646048	0.529139	
0.489527	0.368582	0.350153	0.346942	0.455978	0.589493	0.644979	0.520801	
0.710908	0.411084	0.384978	0.381167	0.463029	0.59241	0.646458	0.528125	
0.715709	0.411323	0.383978	0.382571	0.463175	0.591979	0.646141	0.528874	
0.715974	0.41152	0.383962	0.38272	0.463157	0.591811	0.646066	0.529158	
0.69663	0.410105	0.3863	0.380191	0.462729	0.592553	0.646709	0.527464	
0.715995	0.4117	0.384535	0.382501	0.463198	0.59202	0.646163	0.528893	
0.715792	0.411912	0.384405	0.382678	0.463144	0.591776	0.646083	0.529381	
0.716502	0.412033	0.384854	0.382556	0.463245	0.592015	0.646122	0.529003	
0.716623	0.41213	0.384911	0.382595	0.463242	0.591984	0.646101	0.529077	
0.717376	0.412974	0.386222	0.382527	0.463388	0.592159	0.646094	0.529056	
0.55419	0.391069	0.370967	0.373755	0.463107	0.592295	0.642929	0.522175	
0.712197	0.413196	0.387705	0.382366	0.463487	0.592588	0.646079	0.52806	
0.717308	0.413245	0.386689	0.382539	0.463428	0.592263	0.646099	0.528816	
0.715469	0.413199	0.386476	0.38284	0.463313	0.592085	0.646019	0.529361	
0.717556	0.413365	0.386683	0.382657	0.463401	0.592213	0.646076	0.528982	
0.717308	0.414028	0.387921	0.382758	0.463693	0.592554	0.645978	0.528554	
0.0311043	0.0432895	0.0553805	0.157177	0.316311	0.508027	0.613076	0.544637	
0.552111	0.380365	0.367778	0.37985	0.461874	0.591162	0.645184	0.53239	
0.717414	0.414117	0.387738	0.383081	0.4637	0.592509	0.64593	0.528962	
0.718026	0.41426	0.387959	0.383042	0.463742	0.592551	0.645929	0.528771	
0.717953	0.414533	0.388312	0.383402	0.463896	0.592614	0.645941	0.529002	
0.351348	0.312902	0.32955	0.36157	0.457556	0.586387	0.640694	0.518878	
0.71219	0.414424	0.388469	0.383143	0.463933	0.59247	0.645567	0.528033	
0.718391	0.414776	0.388487	0.383394	0.463919	0.592595	0.645872	0.528815	
0.718675	0.415678	0.389294	0.383459	0.46405	0.592742	0.645834	0.52915	
0.364193	0.350181	0.351222	0.373561	0.463573	0.589654	0.639838	0.51956	
0.708787	0.415628	0.389936	0.383205	0.464292	0.592987	0.645548	0.528048	
0.718907	0.415911	0.389553	0.383474	0.4641	0.592794	0.645791	0.528951	
0.713228	0.41341	0.3879	0.383839	0.464013	0.59291	0.645049	0.530033	
0.718948	0.416135	0.389581	0.383601	0.464112	0.592829	0.645669	0.529143	
0.682594	0.403594	0.384734	0.380842	0.46477	0.592706	0.645329	0.528111	
0.718891	0.41656	0.389946	0.383502	0.464238	0.592862	0.645644	0.529028	
0.719086	0.416758	0.389892	0.38356	0.464239	0.592907	0.645575	0.52928	
0.719115	0.417059	0.390161	0.383494	0.464312	0.592925	0.64556	0.529233	
0.715218	0.415847	0.388524	0.382933	0.464573	0.593426	0.645355	0.530692	
0.719167	0.417468	0.390163	0.383431	0.46441	0.593065	0.645518	0.529617	
0.611321	0.320512	0.340589	0.368989	0.458929	0.588693	0.644916	0.528389	
0.718377	0.417134	0.390429	0.383299	0.464608	0.592862	0.645338	0.529446	
0.71926	0.417888	0.390521	0.383418	0.464495	0.593006	0.64546	0.529564	
0.719738	0.418672	0.391187	0.383001	0.464161	0.593263	0.645383	0.530485	
0.694768	0.393007	0.379262	0.377612	0.464348	0.592833	0.645156	0.528618	
0.71977	0.420201	0.392072	0.38298	0.464831	0.593275	0.645131	0.530149	
0.719927	0.420304	0.392209	0.382956	0.464688	0.593288	0.64519	0.530308	
0.720535	0.421465	0.393883	0.382655	0.464459	0.593414	0.645091	0.530676	
0.388498	0.155069	0.202495	0.340206	0.424708	0.578733	0.637789	0.532659	
0.71642	0.416021	0.391911	0.38226	0.462804	0.593479	0.645728	0.532058	
0.720778	0.421539	0.394077	0.382649	0.464208	0.593449	0.645219	0.530932	
0.70559	0.421233	0.39475	0.383146	0.465668	0.594402	0.644597	0.528694	
0.7205	0.421975	0.394525	0.382847	0.464567	0.593683	0.6451	0.530483	
0.719441	0.422248	0.394916	0.382396	0.464044	0.593498	0.64516	0.531401	
0.721025	0.422164	0.394722	0.382675	0.464363	0.593612	0.645127	0.53085	
0.720125	0.423364	0.395933	0.383471	0.464521	0.594089	0.645132	0.530343	
0.0241969	0.0747307	0.25592	0.279977	0.395068	0.534774	0.59313	0.547863	
0.460724	0.412283	0.398393	0.377127	0.460339	0.591883	0.644374	0.536063	
0.721095	0.423568	0.396414	0.382902	0.464159	0.593949	0.645116	0.530982	
0.721824	0.42377	0.396545	0.383091	0.464322	0.594043	0.645111	0.53066	
0.721308	0.424622	0.397868	0.38288	0.46426	0.594155	0.645052	0.530818	
0.193091	0.359739	0.373307	0.38414	0.458122	0.581041	0.638237	0.517395	
0.67641	0.424936	0.39692	0.384843	0.464905	0.593764	0.644488	0.528787	
0.722108	0.424786	0.397821	0.383156	0.464392	0.594163	0.644982	0.530546	
0.722143	0.424859	0.397899	0.383189	0.464362	0.594202	0.645006	0.530615	
0.722221	0.425708	0.398843	0.383837	0.464369	0.594329	0.644932	0.530406	
0.234162	0.374772	0.385569	0.356554	0.458634	0.592095	0.644282	0.535757	
0.712671	0.426058	0.399889	0.382239	0.464579	0.594547	0.645114	0.531298	
0.72245	0.425885	0.399077	0.383545	0.464421	0.59438	0.644974	0.530586	
0.703225	0.414926	0.396668	0.383973	0.466559	0.593193	0.643542	0.529109	
0.722527	0.4261	0.399227	0.383733	0.464685	0.594301	0.644842	0.530432	
0.698394	0.4138	0.39429	0.382457	0.464469	0.595573	0.645588	0.530171	
0.722511	0.426284	0.399304	0.383829	0.464747	0.594463	0.644924	0.530413	
0.713903	0.423107	0.399565	0.382561	0.464525	0.593654	0.644905	0.529366	
0.722814	0.426547	0.399772	0.383826	0.464818	0.594392	0.644913	0.530229	
0.675471	0.420218	0.39311	0.384466	0.465015	0.593852	0.642722	0.529164	
0.722756	0.427046	0.399773	0.384371	0.465035	0.594413	0.644717	0.530142	
0.698081	0.428527	0.401458	0.382116	0.464542	0.594612	0.645159	0.528205	
0.723065	0.427581	0.40034	0.384229	0.465054	0.594498	0.644789	0.529846	
0.663581	0.42634	0.398277	0.387268	0.464076	0.590908	0.640987	0.533011	
0.723319	0.428078	0.400491	0.38482	0.465064	0.594179	0.644427	0.530237	
0.696109	0.433316	0.40201	0.383639	0.466846	0.59482	0.643682	0.527082	
0.723119	0.429441	0.400977	0.384731	0.465459	0.594378	0.644329	0.529683	
0.639824	0.413088	0.387723	0.382423	0.461857	0.587593	0.638671	0.541279	
0.723592	0.429881	0.400964	0.385077	0.465315	0.5938	0.643888	0.531082	
0.723442	0.431154	0.401709	0.384832	0.465423	0.593987	0.644067	0.530333	
0.723803	0.431447	0.40169	0.385163	0.465565	0.59377	0.643665	0.530949	
0.7143	0.431582	0.404812	0.382187	0.463822	0.593171	0.6444	0.529193	
0.723249	0.433041	0.402974	0.384663	0.465307	0.593724	0.643909	0.530671	
0.511169	0.297495	0.312387	0.36783	0.44767	0.583601	0.631153	0.543488	
0.721385	0.431982	0.402002	0.385988	0.465318	0.593204	0.642768	0.532582	
0.723641	0.433267	0.402924	0.385212	0.465379	0.593581	0.643546	0.53136	
0.72321	0.436263	0.404501	0.385141	0.466148	0.594263	0.642994	0.529971	
0.572452	0.419727	0.396564	0.385262	0.459612	0.588024	0.640281	0.539772	
0.723899	0.436567	0.405015	0.386197	0.465791	0.593597	0.642575	0.53121	
0.724472	0.43685	0.405238	0.38618	0.465869	0.593853	0.642725	0.530812	
0.722521	0.438013	0.406082	0.387416	0.465452	0.593709	0.642376	0.531259	
0.704464	0.436208	0.404569	0.384147	0.466097	0.595379	0.642292	0.526505	
0.725149	0.438077	0.40608	0.386969	0.465694	0.594154	0.642475	0.530399	
0.724763	0.439224	0.407126	0.388054	0.466893	0.594721	0.641914	0.528933	
0.174838	0.222293	0.333714	0.35648	0.432599	0.560215	0.627283	0.553811	
0.694666	0.437155	0.40809	0.388374	0.465113	0.593111	0.641394	0.532015	
0.724851	0.439641	0.407453	0.388198	0.466692	0.594536	0.641873	0.529383	
0.704551	0.436915	0.407096	0.383199	0.463679	0.593119	0.640239	0.52839	
0.725923	0.439686	0.4077	0.387874	0.466475	0.594453	0.641742	0.529291	
0.708621	0.439206	0.407731	0.392318	0.46669	0.594558	0.641078	0.528959	
0.725603	0.439833	0.407925	0.388695	0.466514	0.594493	0.641646	0.529264	
0.694306	0.437162	0.406748	0.38494	0.466478	0.593443	0.640281	0.527198	
0.726427	0.440118	0.40831	0.388409	0.466567	0.594483	0.641608	0.529051	
0.700703	0.43293	0.394561	0.394436	0.465502	0.593602	0.638227	0.527738	
0.726749	0.440216	0.408047	0.389606	0.466564	0.594591	0.641328	0.528954	
0.694959	0.432113	0.403957	0.380359	0.468908	0.59438	0.641133	0.525638	
0.727038	0.440399	0.408806	0.389081	0.466947	0.594717	0.641503	0.528649	
0.727501	0.44062	0.408079	0.390519	0.466948	0.594757	0.641019	0.528558	
0.727649	0.440664	0.409053	0.389794	0.467138	0.594822	0.641294	0.52852	
0.727821	0.44088	0.40881	0.390375	0.467268	0.594863	0.641106	0.528429	
0.729006	0.441381	0.410659	0.390988	0.468686	0.59535	0.640885	0.527171	
0.163823	0.0247638	0.0276791	0.102184	0.187967	0.319777	0.484632	0.435343	
0.682778	0.380828	0.366824	0.388478	0.460497	0.589925	0.635869	0.52628	
0.729209	0.441732	0.410624	0.392156	0.468414	0.595483	0.640644	0.527212	
0.729282	0.44238	0.410747	0.392092	0.468772	0.59543	0.640464	0.5271	
0.726492	0.442535	0.411499	0.392695	0.468926	0.596124	0.639893	0.526787	
0.729401	0.44274	0.411275	0.392381	0.468867	0.595723	0.640264	0.526973	
0.338664	0.297587	0.352208	0.371743	0.470309	0.588858	0.630999	0.514508	
0.713923	0.442415	0.410202	0.393642	0.470343	0.59536	0.638975	0.524706	
0.729635	0.443442	0.411385	0.392676	0.469146	0.595689	0.640061	0.52659	
0.730778	0.443617	0.412371	0.393072	0.469507	0.595959	0.639859	0.52646	
0.579112	0.41071	0.397405	0.398896	0.469797	0.593734	0.632923	0.517655	
0.727778	0.444957	0.412643	0.39458	0.469963	0.595962	0.639157	0.5253	
0.730577	0.444209	0.412549	0.393602	0.469665	0.595969	0.639626	0.526067	
0.5643	0.416445	0.400749	0.382998	0.466405	0.595898	0.640207	0.530028	
0.73042	0.444012	0.412623	0.393002	0.469452	0.596053	0.639734	0.526514	
0.731104	0.444211	0.412612	0.393383	0.469585	0.596004	0.639669	0.526241	
0.731347	0.445572	0.413534	0.393826	0.469866	0.596382	0.639573	0.525901	
0.259182	0.334292	0.345814	0.367459	0.45656	0.581288	0.63353	0.535449	
0.716835	0.444282	0.413993	0.394162	0.469298	0.595977	0.639318	0.526928	
0.731755	0.44566	0.413794	0.39395	0.469781	0.596332	0.639536	0.52608	
0.729745	0.446577	0.414095	0.393378	0.470984	0.597699	0.640076	0.525099	
0.610305	0.387831	0.393591	0.389698	0.462288	0.589061	0.637747	0.529112	
0.732066	0.447183	0.414695	0.39435	0.470316	0.597126	0.639931	0.525603	
0.732501	0.447283	0.414933	0.394498	0.47027	0.597142	0.639945	0.525491	
0.730795	0.446872	0.414906	0.394987	0.469828	0.597057	0.639499	0.525584	
0.73285	0.447367	0.415091	0.394686	0.470177	0.597138	0.639829	0.52551	
0.678686	0.437874	0.407549	0.39206	0.470551	0.596095	0.639675	0.525149	
0.732885	0.447403	0.41519	0.39474	0.470296	0.597116	0.63984	0.525472	
0.733049	0.447526	0.415285	0.394822	0.470354	0.5973	0.639805	0.52536	
0.733333	0.447592	0.415345	0.394856	0.470388	0.597264	0.639816	0.525361	
0.734115	0.44779	0.415775	0.395563	0.470829	0.597544	0.639726	0.525018	
0.384045	0.34869	0.342654	0.340727	0.461837	0.593781	0.638995	0.523444	
0.72676	0.446553	0.415581	0.393354	0.470112	0.597816	0.64026	0.524538	
0.734221	0.44823	0.415989	0.395372	0.470729	0.597607	0.639816	0.524942	
0.734145	0.446409	0.416414	0.395861	0.471586	0.59807	0.639932	0.525202	
0.698377	0.421953	0.406447	0.387381	0.46778	0.597035	0.640477	0.522797	
0.735245	0.449005	0.417391	0.39592	0.471112	0.598071	0.640136	0.524857	
0.734908	0.450234	0.418062	0.396721	0.471818	0.598283	0.640007	0.524846	
0.493015	0.200835	0.289163	0.336274	0.450724	0.588078	0.636098	0.52637	
0.734107	0.445255	0.417771	0.394741	0.471346	0.598745	0.640891	0.525823	
0.735456	0.450142	0.418327	0.396349	0.47174	0.59842	0.640244	0.525099	
0.651462	0.436672	0.405121	0.384697	0.469322	0.599431	0.640683	0.520146	
0.734928	0.450719	0.419016	0.395717	0.471792	0.598793	0.640464	0.524583	
0.735462	0.450401	0.418457	0.396911	0.471888	0.598461	0.640253	0.525008	
0.73579	0.450757	0.41895	0.396453	0.471923	0.598704	0.640379	0.524796	
0.735744	0.451035	0.419536	0.397321	0.472389	0.599076	0.640446	0.524551	
0.105979	0.197767	0.230778	0.26978	0.414393	0.583716	0.630632	0.500479	
0.630226	0.445352	0.414272	0.389539	0.472207	0.599786	0.640729	0.522544	
0.735792	0.451735	0.420068	0.39667	0.472492	0.599286	0.640557	0.52433	
0.736137	0.451645	0.419973	0.397132	0.472487	0.59919	0.640507	0.524383	
0.735658	0.452637	0.421066	0.397525	0.472709	0.599394	0.640696	0.524005	
0.279961	0.377283	0.322238	0.368639	0.455303	0.590168	0.640237	0.535789	
0.719716	0.451533	0.419485	0.398579	0.472369	0.599411	0.640967	0.524918	
0.735812	0.452632	0.421091	0.397705	0.472696	0.599424	0.640725	0.524065	
0.734506	0.454022	0.42175	0.397951	0.473013	0.599837	0.640973	0.523849	
0.0638338	0.312243	0.286963	0.306507	0.448241	0.561375	0.626874	0.546481	
0.67156	0.452306	0.420732	0.398103	0.471912	0.597575	0.640962	0.527285	
0.735326	0.454088	0.422024	0.39805	0.47301	0.599752	0.641005	0.524056	
0.735553	0.454102	0.422114	0.398135	0.473046	0.599758	0.640982	0.523989	
0.736089	0.454291	0.422489	0.399078	0.473108	0.599521	0.640853	0.524098	
0.442779	0.418298	0.387237	0.37056	0.479401	0.608666	0.637672	0.512159	
0.728846	0.455044	0.421228	0.397639	0.474612	0.601461	0.641087	0.522786	
0.736268	0.454515	0.422303	0.398843	0.473405	0.599893	0.640904	0.52386	
0.73141	0.454256	0.423031	0.397055	0.47289	0.600237	0.641997	0.524808	
0.736198	0.454759	0.422688	0.398442	0.47331	0.599991	0.641171	0.524082	
0.635154	0.388104	0.378992	0.383406	0.471758	0.59988	0.635473	0.517692	
0.735628	0.455127	0.42313	0.398091	0.473648	0.600172	0.640607	0.523221	
0.736408	0.455128	0.423003	0.398357	0.473434	0.600056	0.640986	0.523796	
0.736452	0.454773	0.423255	0.398503	0.473109	0.600328	0.64166	0.524224	
0.734406	0.44098	0.416436	0.39166	0.475195	0.600858	0.639398	0.523177	
0.736469	0.455862	0.424083	0.397745	0.473586	0.600456	0.641339	0.524076	
0.733452	0.455381	0.423254	0.396816	0.47434	0.600509	0.641881	0.525274	
0.73659	0.455824	0.42395	0.397555	0.473784	0.600481	0.641484	0.524377	
0.705007	0.445746	0.419379	0.398474	0.473258	0.599096	0.638814	0.521659	
0.736341	0.45646	0.424319	0.397843	0.473814	0.600431	0.641221	0.524087	
0.736551	0.45643	0.423926	0.39779	0.474011	0.600547	0.64138	0.524347	
0.736493	0.456801	0.424334	0.397778	0.474009	0.600526	0.641266	0.52421	
0.735303	0.45668	0.422322	0.398035	0.474707	0.600958	0.641481	0.5247	
0.736456	0.457217	0.42396	0.397963	0.474289	0.600693	0.641308	0.524331	
0.595871	0.356113	0.350812	0.364772	0.460349	0.595183	0.635575	0.520712	
0.734436	0.45759	0.425926	0.396584	0.47382	0.600285	0.640927	0.524079	
0.736316	0.457783	0.424892	0.397652	0.474182	0.600585	0.641205	0.524263	
0.735675	0.459275	0.424569	0.399268	0.474489	0.600279	0.640714	0.524496	
0.669844	0.446738	0.418247	0.381741	0.473757	0.601361	0.639637	0.521974	
0.735942	0.460171	0.42594	0.398128	0.474782	0.600577	0.640737	0.524253	
0.73606	0.460235	0.426082	0.398099	0.474784	0.600591	0.640762	0.524283	
0.736055	0.461332	0.427493	0.397972	0.474758	0.600499	0.64051	0.524128	
0.118519	0.124983	0.121041	0.218166	0.368862	0.523987	0.610358	0.532974	
0.683875	0.447956	0.416387	0.399716	0.471142	0.597913	0.640025	0.527574	
0.736773	0.461182	0.427309	0.398425	0.474477	0.600307	0.640488	0.524504	
0.73672	0.461473	0.427528	0.398276	0.474589	0.600395	0.640463	0.52434	
0.736231	0.462259	0.428248	0.398661	0.474485	0.600293	0.640199	0.524403	
0.705729	0.463922	0.428385	0.396678	0.475894	0.601587	0.639839	0.522251	
0.736814	0.462789	0.42847	0.398413	0.474714	0.600509	0.640153	0.524081	
0.736545	0.46273	0.429544	0.398792	0.474666	0.600347	0.640013	0.52435	
0.690848	0.464487	0.428018	0.398048	0.476453	0.602301	0.639669	0.521345	
0.737091	0.463447	0.429424	0.398729	0.474922	0.600629	0.639965	0.523967	
0.73499	0.463996	0.429818	0.399282	0.474987	0.6008	0.639943	0.523958	
0.736799	0.463795	0.429648	0.398968	0.474957	0.600704	0.639961	0.523967	
0.43437	0.44774	0.422616	0.387696	0.474808	0.602803	0.639048	0.517045	
0.727486	0.464763	0.42987	0.398604	0.475511	0.601316	0.639703	0.523037	
0.737	0.464004	0.429713	0.398919	0.475053	0.600814	0.639923	0.523816	
0.737078	0.464459	0.430599	0.398834	0.4751	0.600819	0.639932	0.523894	
0.670229	0.402033	0.400134	0.398007	0.471757	0.598586	0.636333	0.515138	
0.735909	0.465167	0.43056	0.400146	0.475209	0.600871	0.639627	0.522983	
0.736888	0.464964	0.43066	0.399398	0.475182	0.600851	0.639796	0.523499	
0.598117	0.458684	0.432051	0.39362	0.470978	0.598205	0.641297	0.53009	
0.736499	0.464852	0.43094	0.398841	0.474793	0.600647	0.64	0.5242	
0.73718	0.464939	0.430761	0.399206	0.475048	0.600782	0.639868	0.523743	
0.735524	0.465775	0.43167	0.399374	0.475079	0.601094	0.639746	0.523512	
0.667312	0.461931	0.429606	0.396875	0.472979	0.599087	0.640518	0.527894	
0.737427	0.465582	0.431598	0.399132	0.474845	0.600882	0.639851	0.524037	
0.737003	0.465803	0.431737	0.399414	0.475066	0.600909	0.639757	0.524265	
0.731531	0.46622	0.431988	0.399308	0.47487	0.601221	0.639807	0.523694	
0.737756	0.466069	0.431895	0.399429	0.475038	0.601007	0.639768	0.524097	
0.737922	0.466349	0.432812	0.399207	0.474529	0.601143	0.640026	0.52443	
0.523618	0.247695	0.268099	0.326196	0.462064	0.59812	0.63108	0.519266	
0.731766	0.466498	0.430425	0.397849	0.475986	0.60186	0.63943	0.524338	
0.737749	0.46703	0.432692	0.39912	0.474872	0.601308	0.639905	0.524402	
0.697925	0.466105	0.431801	0.399775	0.474945	0.600906	0.640485	0.526057	
0.737686	0.467039	0.432664	0.399232	0.474896	0.601277	0.639969	0.524571	
0.737617	0.467287	0.432869	0.399234	0.474905	0.601382	0.639963	0.524336	
0.737856	0.467249	0.432844	0.399241	0.474901	0.601359	0.64	0.524489	
0.736576	0.468145	0.433607	0.398799	0.475049	0.601819	0.640185	0.52408	
0.689144	0.465269	0.431665	0.399072	0.474257	0.600545	0.640852	0.527142	
0.737875	0.467897	0.43343	0.398883	0.474961	0.601676	0.640276	0.524462	
0.738013	0.467718	0.433847	0.399416	0.474767	0.601481	0.640343	0.524722	
0.258113	0.463245	0.431351	0.379427	0.474704	0.606282	0.635784	0.510945	
0.719325	0.469311	0.434705	0.398489	0.475072	0.6023	0.640216	0.523477	
0.738164	0.467925	0.433952	0.399336	0.47481	0.601583	0.64033	0.524575	
0.738276	0.467892	0.433661	0.398768	0.47503	0.6022	0.64072	0.524634	
0.719616	0.467988	0.434814	0.399526	0.474636	0.601821	0.640093	0.523684	
0.738597	0.468169	0.434053	0.398984	0.474996	0.602149	0.640625	0.524485	
0.739185	0.46788	0.434451	0.399534	0.474915	0.601875	0.640459	0.524565	
0.737305	0.468486	0.433889	0.398263	0.475673	0.603101	0.640768	0.523908	
0.739075	0.468423	0.434512	0.399182	0.475207	0.602303	0.640576	0.524355	
0.699073	0.465513	0.43263	0.398886	0.476033	0.602271	0.640708	0.525527	
0.739234	0.468263	0.434407	0.399196	0.4753	0.602309	0.640594	0.524477	
0.738879	0.468609	0.434687	0.399466	0.475297	0.602295	0.640495	0.5242	
0.739404	0.468474	0.434585	0.399339	0.475346	0.602325	0.640544	0.524337	
0.739345	0.468888	0.434917	0.399792	0.475638	0.602409	0.640385	0.523959	
0.102104	0.309219	0.289675	0.318126	0.46685	0.59177	0.63896	0.536284	
0.698031	0.46476	0.431471	0.398883	0.47642	0.602315	0.64076	0.52566	
0.739798	0.468684	0.434733	0.399786	0.475733	0.60241	0.640428	0.524135	
0.739813	0.468786	0.434835	0.399809	0.475727	0.602429	0.640412	0.524059	
0.739915	0.468755	0.434963	0.400034	0.475907	0.6025	0.640462	0.524103	
0.238846	0.375457	0.358346	0.345536	0.455002	0.597779	0.639195	0.518248	
0.724092	0.468998	0.435499	0.398879	0.474728	0.602312	0.640538	0.523614	
0.740196	0.468949	0.435174	0.39997	0.475775	0.602485	0.640476	0.524044	
0.740544	0.469059	0.435176	0.400732	0.475808	0.602417	0.640503	0.523958	
0.70452	0.452601	0.434628	0.389971	0.47203	0.604786	0.641984	0.527171	
0.740507	0.468978	0.435848	0.399996	0.475582	0.602771	0.640715	0.524332	
0.73805	0.469774	0.434959	0.402147	0.475702	0.602199	0.640487	0.523607	
0.740643	0.469335	0.435637	0.400678	0.47563	0.602609	0.640652	0.524118	
0.726931	0.465124	0.430893	0.401957	0.476187	0.601717	0.6405	0.525242	
0.740764	0.469319	0.435404	0.400915	0.475706	0.602527	0.64064	0.524233	
0.740654	0.469482	0.435658	0.400909	0.475655	0.602621	0.640655	0.52406	
0.740834	0.469449	0.435529	0.400971	0.475701	0.602583	0.640659	0.52418	
0.738062	0.470219	0.436288	0.401257	0.475654	0.602801	0.640623	0.52356	
0.740651	0.46972	0.435774	0.401065	0.475694	0.602645	0.640652	0.524014	
0.517604	0.441029	0.412224	0.39207	0.476507	0.602642	0.641072	0.527417	
0.739126	0.469184	0.435247	0.40106	0.47594	0.60272	0.640722	0.524396	
0.740898	0.469641	0.435683	0.401082	0.475758	0.602665	0.64067	0.524109	
0.741081	0.470084	0.435887	0.401238	0.475989	0.602866	0.640631	0.523943	
0.738402	0.467685	0.438465	0.400436	0.475544	0.60447	0.640476	0.523118	
0.741256	0.470626	0.437063	0.401102	0.475925	0.603485	0.64061	0.523664	
0.113392	0.00602382	0.0469683	0.130743	0.372497	0.490733	0.58574	0.488209	
0.601404	0.357379	0.404393	0.396321	0.477429	0.600792	0.639067	0.521688	
0.741055	0.471075	0.436336	0.401995	0.476352	0.603447	0.640542	0.523534	
0.741476	0.471143	0.436649	0.401888	0.476299	0.603533	0.640597	0.523584	
0.741654	0.471358	0.436874	0.401846	0.47623	0.603474	0.640567	0.523558	
0.741716	0.471336	0.436874	0.401878	0.476264	0.603506	0.640578	0.523552	
0.741604	0.471607	0.43731	0.402068	0.476368	0.603654	0.640639	0.523414	
0.36571	0.385926	0.381791	0.386529	0.476644	0.607561	0.642936	0.522289	
0.73582	0.470123	0.436208	0.402387	0.476743	0.60425	0.640936	0.523427	
0.741709	0.47153	0.43723	0.402133	0.47642	0.603733	0.640678	0.523417	
0.738819	0.471395	0.438258	0.401531	0.476465	0.603922	0.640793	0.523475	
0.741567	0.471636	0.437532	0.402029	0.476436	0.60378	0.640706	0.523431	
0.684039	0.458493	0.429109	0.400864	0.477701	0.605107	0.640942	0.523123	
0.741522	0.471523	0.437309	0.402181	0.476605	0.603939	0.640739	0.523411	
0.741672	0.471669	0.437707	0.40208	0.476507	0.603891	0.640747	0.523441	
0.741762	0.471669	0.437649	0.402145	0.476569	0.603944	0.640757	0.523431	
0.741929	0.471841	0.438181	0.402293	0.476731	0.604165	0.640802	0.523369	
0.263598	0.264617	0.298711	0.349625	0.473602	0.605162	0.64093	0.524142	
0.730927	0.468575	0.435928	0.401993	0.477418	0.604714	0.640962	0.523474	
0.742026	0.471852	0.438129	0.40232	0.476812	0.604228	0.640822	0.523382	
0.740571	0.471947	0.438784	0.402226	0.476848	0.60436	0.640936	0.523386	
0.741967	0.471965	0.438398	0.402298	0.476828	0.604279	0.640864	0.523384	
0.478564	0.403218	0.400607	0.394944	0.476124	0.604812	0.643416	0.526401	
0.739509	0.471207	0.437803	0.40263	0.476931	0.604453	0.641141	0.523649	
0.742138	0.471931	0.438326	0.402395	0.476855	0.604322	0.64093	0.523447	
0.742295	0.472023	0.438747	0.402709	0.476773	0.604282	0.641108	0.523472	
0.285048	0.403938	0.383222	0.388637	0.475955	0.609404	0.646201	0.529691	
0.731666	0.471065	0.437778	0.402732	0.47703	0.605018	0.641683	0.524059	
0.742313	0.471997	0.438696	0.402726	0.476805	0.604366	0.641174	0.523539	
0.741487	0.472153	0.439018	0.402546	0.477045	0.604396	0.641112	0.523367	
0.742378	0.472107	0.438829	0.402673	0.476889	0.604378	0.641154	0.523481	
0.632557	0.461265	0.42809	0.40203	0.477164	0.607242	0.643061	0.524307	
0.741681	0.471998	0.438558	0.402782	0.476966	0.604696	0.641359	0.523579	
0.742429	0.472092	0.438748	0.402718	0.476919	0.604499	0.641231	0.523518	
0.740601	0.472285	0.439614	0.402832	0.476912	0.604161	0.641151	0.52336	
0.742508	0.472211	0.439058	0.402773	0.476922	0.6044	0.641208	0.523472	
0.650992	0.461681	0.428324	0.403959	0.476574	0.605479	0.641982	0.524436	
0.742147	0.472142	0.438774	0.403157	0.47695	0.604554	0.641304	0.523587	
0.742614	0.47234	0.439297	0.402971	0.476962	0.60442	0.641252	0.523448	
0.742757	0.472346	0.439202	0.40314	0.476967	0.604468	0.641282	0.523493	
0.74275	0.472667	0.439838	0.403896	0.476994	0.604306	0.641315	0.523403	
0.153649	0.350112	0.33541	0.350362	0.458158	0.591796	0.639781	0.53193	
0.718545	0.470933	0.438179	0.405304	0.476535	0.604102	0.641509	0.524559	
0.742829	0.472651	0.439777	0.404105	0.476961	0.604296	0.641338	0.523521	
0.742865	0.472737	0.439912	0.404025	0.476981	0.604323	0.64134	0.523472	
0.742201	0.472987	0.440536	0.404633	0.476872	0.604514	0.641522	0.523405	
0.0422269	0.101445	0.17812	0.284453	0.448396	0.58049	0.620721	0.492677	
0.584585	0.44776	0.432013	0.397765	0.477822	0.604401	0.640413	0.51978	
0.742207	0.473381	0.440822	0.404312	0.477053	0.604562	0.641431	0.523066	
0.742772	0.473314	0.440798	0.404528	0.476952	0.604562	0.641484	0.523215	
0.742654	0.473572	0.441202	0.404803	0.476941	0.604669	0.641515	0.523053	
0.551886	0.452757	0.429927	0.403987	0.473711	0.603595	0.641957	0.527362	
0.740696	0.473308	0.441207	0.405076	0.476721	0.604637	0.641582	0.523519	
0.742707	0.473552	0.441225	0.40487	0.476894	0.604663	0.641531	0.523156	
0.740738	0.47418	0.441859	0.40508	0.47706	0.604926	0.641657	0.522835	
0.742406	0.473828	0.441501	0.404959	0.476962	0.60477	0.641583	0.523028	
0.457455	0.431037	0.418878	0.402329	0.474653	0.603891	0.641165	0.525248	
0.739609	0.473242	0.441488	0.405459	0.476902	0.60481	0.641583	0.523301	
0.742651	0.473768	0.441547	0.405099	0.476951	0.604783	0.641584	0.523098	
0.742445	0.474231	0.441664	0.405402	0.477031	0.604873	0.641697	0.52324	
0.624665	0.337512	0.415836	0.404928	0.471562	0.603835	0.64712	0.523141	
0.741872	0.472574	0.441441	0.405588	0.476596	0.604839	0.642341	0.523378	
0.742606	0.474161	0.441662	0.405447	0.476939	0.604867	0.641837	0.523271	
0.740425	0.473004	0.440654	0.405421	0.477671	0.605405	0.641387	0.523534	
0.742395	0.474569	0.44155	0.405454	0.477101	0.604985	0.641744	0.523329	
0.735173	0.437647	0.431934	0.406561	0.476034	0.605074	0.643337	0.522703	
0.742596	0.474458	0.441547	0.405682	0.477031	0.605013	0.641934	0.523293	
0.742395	0.474972	0.441742	0.405515	0.476966	0.605035	0.641876	0.523353	
0.742442	0.474917	0.441554	0.405646	0.47711	0.605207	0.641965	0.523344	
0.742489	0.475114	0.441769	0.405651	0.476995	0.605119	0.641962	0.523357	
0.741974	0.475795	0.441608	0.405874	0.477376	0.605627	0.641988	0.523229	
0.0530481	0.152702	0.166783	0.241	0.39951	0.576783	0.635164	0.498174	
0.637252	0.462309	0.431375	0.401326	0.472461	0.603704	0.64209	0.521916	
0.742232	0.47606	0.442206	0.405851	0.476986	0.605458	0.642021	0.523119	
0.742491	0.476039	0.442112	0.405937	0.477132	0.605516	0.641997	0.523154	
0.742362	0.476261	0.44281	0.406065	0.476974	0.605509	0.642067	0.523035	
0.288193	0.308684	0.327438	0.372641	0.468203	0.59775	0.639478	0.536685	
0.731504	0.472537	0.440901	0.406358	0.476959	0.605023	0.642001	0.524636	
0.742785	0.476068	0.442731	0.406143	0.476983	0.605453	0.642062	0.523235	
0.742904	0.476369	0.442771	0.40594	0.477087	0.605832	0.642219	0.523151	
0.700427	0.249865	0.401065	0.401075	0.472873	0.597327	0.636321	0.525776	
0.743177	0.473252	0.442837	0.406979	0.477056	0.605176	0.641784	0.523533	
0.743069	0.476336	0.442878	0.406216	0.477088	0.60568	0.642119	0.523245	
0.739438	0.475429	0.443444	0.406294	0.476457	0.605599	0.642368	0.522762	
0.742929	0.476643	0.44309	0.406252	0.476986	0.60567	0.642165	0.523164	
0.698989	0.462186	0.434305	0.405022	0.479464	0.606129	0.640535	0.523995	
0.74268	0.476606	0.44294	0.406462	0.477312	0.605744	0.642019	0.523256	
0.742817	0.476884	0.443248	0.406475	0.477122	0.605705	0.642068	0.523065	
0.742946	0.476872	0.4432	0.406522	0.477235	0.605733	0.642032	0.523132	
0.742676	0.477368	0.443828	0.406944	0.477421	0.605767	0.641884	0.522856	
0.117277	0.243678	0.245748	0.311758	0.462056	0.60059	0.633358	0.534428	
0.689297	0.472121	0.439261	0.406591	0.478581	0.605728	0.641224	0.524598	
0.742719	0.477324	0.443686	0.407053	0.47758	0.605779	0.641827	0.523029	
0.742896	0.477395	0.443799	0.407047	0.477541	0.605806	0.641839	0.522925	
0.742942	0.477408	0.443978	0.407299	0.477783	0.60594	0.641763	0.522987	
0.153486	0.309829	0.338893	0.35337	0.457791	0.601009	0.635366	0.511082	
0.715829	0.475242	0.443572	0.406449	0.4768	0.606113	0.641804	0.521797	
0.743162	0.477563	0.444141	0.407318	0.477704	0.605966	0.641778	0.522824	
0.743183	0.477564	0.444149	0.407335	0.477753	0.605974	0.641774	0.52286	
0.74322	0.477749	0.444609	0.407375	0.477805	0.60605	0.64178	0.522815	
0.276615	0.380379	0.34735	0.375641	0.471296	0.599586	0.640857	0.534864	
0.732385	0.476318	0.443543	0.407165	0.47784	0.60573	0.641976	0.524165	
0.743372	0.477703	0.444601	0.407383	0.477817	0.606016	0.641807	0.522975	
0.743368	0.477853	0.445047	0.407546	0.477813	0.606068	0.641903	0.522999	
0.671851	0.468438	0.445847	0.411323	0.480141	0.604816	0.640963	0.525395	
0.742593	0.477826	0.445274	0.407952	0.478063	0.605962	0.641828	0.523253	
0.737258	0.478558	0.445451	0.407569	0.477785	0.606158	0.641884	0.522465	
0.743226	0.478009	0.445335	0.407879	0.478004	0.606008	0.641844	0.523081	
0.743047	0.478248	0.445405	0.408063	0.478271	0.606235	0.641895	0.523037	
0.542033	0.408192	0.39784	0.386254	0.467403	0.601303	0.638878	0.52181	
0.741202	0.477755	0.446105	0.407905	0.477913	0.605999	0.641797	0.523034	
0.743156	0.47831	0.445711	0.408074	0.478207	0.606186	0.641876	0.523038	
0.661724	0.476599	0.445495	0.409208	0.479115	0.605808	0.641819	0.525454	
0.742604	0.478219	0.445749	0.408244	0.478313	0.606162	0.641881	0.52329	
0.743167	0.478275	0.445728	0.408146	0.478251	0.606176	0.641878	0.523142	
0.742217	0.478337	0.446316	0.408033	0.478528	0.60627	0.6419	0.52297	
0.743118	0.478336	0.445999	0.408113	0.478366	0.606217	0.641888	0.523073	
0.544887	0.47483	0.443396	0.409767	0.479708	0.604695	0.640857	0.52624	
0.741249	0.478183	0.446055	0.40853	0.478569	0.606112	0.641812	0.52342	
0.743189	0.478298	0.446022	0.408234	0.478425	0.606189	0.641868	0.52317	
0.743084	0.478473	0.446358	0.4084	0.478668	0.606211	0.641923	0.523153	
0.359628	0.469588	0.435115	0.407633	0.48056	0.602585	0.640607	0.526266	
0.736144	0.478337	0.446518	0.409259	0.479098	0.605972	0.641855	0.523556	
0.743052	0.478463	0.446401	0.408543	0.478737	0.606176	0.641913	0.523216	
0.742322	0.479047	0.446857	0.408203	0.478333	0.606151	0.642061	0.523377	
0.743128	0.478714	0.446605	0.408409	0.478572	0.606168	0.641977	0.523284	
0.559113	0.470242	0.436159	0.407269	0.479194	0.60505	0.64209	0.524578	
0.741207	0.478747	0.446796	0.408887	0.478763	0.606105	0.642009	0.523455	
0.743069	0.478746	0.446693	0.408571	0.478635	0.606149	0.641987	0.523339	
0.74229	0.479394	0.447299	0.408484	0.478698	0.606184	0.642052	0.523361	
0.710386	0.475852	0.444313	0.409389	0.47815	0.605616	0.64211	0.523897	
0.742758	0.479413	0.447465	0.408822	0.478671	0.606133	0.642073	0.523445	
0.742197	0.479765	0.447759	0.40954	0.478881	0.606057	0.642007	0.523469	
0.201086	0.362976	0.307762	0.338533	0.464058	0.598654	0.634752	0.513564	
0.720845	0.478261	0.445215	0.406537	0.478973	0.606389	0.641995	0.522967	
0.742513	0.479853	0.447806	0.40935	0.47891	0.606104	0.642013	0.523426	
0.742493	0.479883	0.447847	0.409396	0.478932	0.60611	0.642009	0.52343	
0.742366	0.480342	0.448105	0.409193	0.479237	0.606256	0.64201	0.523403	
0.422309	0.378952	0.375655	0.396826	0.476875	0.599689	0.635203	0.522937	
0.737766	0.479527	0.447407	0.410678	0.479388	0.605979	0.641524	0.523374	
0.74241	0.48038	0.4481	0.409482	0.479272	0.606216	0.641932	0.523401	
0.741913	0.480056	0.447947	0.409786	0.479084	0.606522	0.642278	0.523187	
0.742384	0.480512	0.448138	0.409626	0.479209	0.606335	0.642064	0.523323	
0.636319	0.404404	0.397098	0.397671	0.479959	0.603429	0.6384	0.524224	
0.741712	0.480026	0.448048	0.409945	0.479525	0.606187	0.641778	0.523466	
0.742453	0.480546	0.448234	0.409761	0.479315	0.606292	0.641976	0.52337	
0.741838	0.480128	0.44871	0.409992	0.479487	0.606708	0.64217	0.523142	
0.700327	0.47799	0.443799	0.409443	0.479709	0.60558	0.641286	0.524029	
0.742863	0.480271	0.44885	0.410182	0.47955	0.606586	0.642071	0.523278	
0.742824	0.480392	0.449173	0.410478	0.479724	0.606653	0.641991	0.523226	
0.14297	0.331783	0.299642	0.334925	0.465148	0.608749	0.635787	0.496647	
0.698073	0.478562	0.446283	0.408276	0.47928	0.607865	0.64238	0.521146	
0.74316	0.480479	0.449235	0.410414	0.479699	0.606786	0.64204	0.52303	
0.743194	0.480472	0.449264	0.410481	0.479727	0.606758	0.642019	0.523084	
0.743156	0.480745	0.449497	0.410789	0.479848	0.606864	0.641986	0.52294	
0.48125	0.459968	0.430649	0.40287	0.478056	0.600702	0.641518	0.530916	
0.740218	0.480531	0.449614	0.41089	0.479654	0.606352	0.641996	0.52372	
0.743336	0.480732	0.449561	0.410829	0.479809	0.606756	0.64199	0.523108	
0.742603	0.481384	0.449946	0.410703	0.480237	0.60703	0.641922	0.522785	
0.694255	0.475855	0.448448	0.411566	0.479213	0.605009	0.64152	0.525468	
0.743796	0.481227	0.450087	0.41094	0.480126	0.606799	0.641888	0.523136	
0.743588	0.481323	0.450522	0.411279	0.480173	0.606732	0.641758	0.523441	
0.141461	0.227607	0.229296	0.284009	0.450206	0.600729	0.628625	0.49195	
0.693664	0.477234	0.445639	0.404689	0.480511	0.608472	0.642342	0.52111	
0.743842	0.481595	0.450703	0.410865	0.480248	0.606939	0.64184	0.523225	
0.743917	0.481569	0.450713	0.410976	0.48026	0.606904	0.641819	0.523295	
0.743804	0.481915	0.451116	0.410747	0.480541	0.607159	0.641843	0.523097	
0.381068	0.361513	0.359885	0.376191	0.474603	0.597177	0.636133	0.534231	
0.738231	0.480178	0.449872	0.411924	0.480568	0.606671	0.641628	0.524416	
0.743902	0.481834	0.451052	0.411008	0.480557	0.607086	0.641814	0.52332	
0.74355	0.482271	0.451472	0.41149	0.480861	0.607216	0.641633	0.52328	
0.185371	0.418996	0.412969	0.407589	0.48687	0.605026	0.64069	0.531324	
0.727553	0.480644	0.450638	0.412288	0.481684	0.607298	0.641804	0.524285	
0.743755	0.482139	0.451409	0.411599	0.480964	0.607231	0.641657	0.523405	
0.743488	0.4822	0.451702	0.411129	0.480602	0.607452	0.642223	0.523241	
0.743743	0.482399	0.451574	0.41143	0.480816	0.607329	0.641898	0.523339	
0.599946	0.352688	0.403943	0.391805	0.483738	0.606966	0.636941	0.523671	
0.742272	0.481188	0.451163	0.411953	0.481429	0.607509	0.641478	0.523425	
0.743716	0.482431	0.451573	0.411605	0.480971	0.607376	0.641799	0.523361	
0.743597	0.482691	0.452028	0.411508	0.480892	0.607567	0.641933	0.523104	
0.710435	0.480858	0.450553	0.412691	0.481944	0.607611	0.641287	0.523614	
0.743869	0.482678	0.452062	0.411779	0.48105	0.60759	0.641864	0.52317	
0.743843	0.482823	0.452234	0.412302	0.481137	0.607543	0.641856	0.523134	
0.701045	0.377845	0.410179	0.394158	0.480135	0.611095	0.641886	0.519378	
0.743418	0.482127	0.452056	0.412321	0.481564	0.608114	0.64193	0.52281	
0.743784	0.482875	0.452279	0.412355	0.481304	0.607751	0.641884	0.523021	
0.703244	0.478478	0.448932	0.40215	0.478222	0.60642	0.642256	0.524329	
0.74362	0.483085	0.452727	0.411938	0.481189	0.607701	0.641947	0.523165	
0.743529	0.482917	0.452525	0.412541	0.481454	0.607797	0.641867	0.523041	
0.743833	0.483052	0.452679	0.412368	0.481382	0.607784	0.6419	0.523058	
0.74375	0.48318	0.453072	0.41271	0.481701	0.607969	0.641945	0.522957	
0.326801	0.468476	0.441919	0.38727	0.475359	0.605618	0.640352	0.521067	
0.733436	0.484041	0.454032	0.411686	0.481407	0.607929	0.641839	0.522803	
0.74384	0.483304	0.453203	0.412617	0.481672	0.607966	0.641935	0.522942	
0.743262	0.482986	0.453503	0.413223	0.482077	0.608084	0.642065	0.523026	
0.699758	0.483619	0.454558	0.410373	0.481611	0.608155	0.641637	0.521877	
0.743941	0.48333	0.453809	0.413015	0.482057	0.608112	0.642023	0.522896	
0.74381	0.483587	0.45427	0.413056	0.482384	0.608251	0.642026	0.522849	
0.238519	0.395885	0.415661	0.402549	0.480217	0.601047	0.641012	0.528	
0.73166	0.481731	0.452886	0.414117	0.482552	0.607899	0.642187	0.523621	
0.744097	0.483465	0.454146	0.413198	0.482407	0.608215	0.642047	0.52294	
0.744057	0.48386	0.454354	0.413777	0.482422	0.608105	0.642106	0.522882	
0.144498	0.111921	0.122613	0.195671	0.395113	0.582473	0.617624	0.508403	
0.71462	0.47014	0.446555	0.410246	0.483609	0.609627	0.642013	0.522943	
0.744212	0.48378	0.454439	0.413742	0.482654	0.608299	0.642124	0.522911	
0.744319	0.483831	0.454483	0.413678	0.482626	0.608306	0.642129	0.522935	
0.744738	0.483916	0.45474	0.41345	0.482712	0.608499	0.642238	0.523111	
0.42009	0.358153	0.37945	0.373185	0.465424	0.601138	0.639422	0.520267	
0.738516	0.48338	0.454792	0.413031	0.481564	0.607866	0.642072	0.523049	
0.744716	0.484171	0.454939	0.413479	0.482598	0.60843	0.642217	0.523098	
0.740853	0.484648	0.455242	0.414502	0.482883	0.60851	0.642118	0.52296	
0.744509	0.484317	0.455027	0.413753	0.482684	0.608458	0.642189	0.523052	
0.632224	0.48169	0.454804	0.410029	0.483584	0.608675	0.641547	0.520681	
0.74387	0.484601	0.455458	0.413531	0.482816	0.608521	0.642143	0.522795	
0.744632	0.484441	0.455205	0.413672	0.482736	0.608483	0.642172	0.522953	
0.744947	0.484842	0.455679	0.413819	0.482577	0.608464	0.642047	0.52311	
0.398573	0.471828	0.448602	0.39771	0.486058	0.60747	0.638806	0.513587	
0.733461	0.485545	0.456847	0.41295	0.483687	0.608815	0.641796	0.521807	
0.744981	0.484966	0.455845	0.413727	0.482711	0.608512	0.642021	0.522956	
0.744618	0.483811	0.455972	0.41344	0.482114	0.608458	0.642096	0.523759	
0.745178	0.484851	0.455956	0.413684	0.482573	0.608507	0.642043	0.523153	
0.707892	0.472771	0.451792	0.408029	0.48396	0.609136	0.64185	0.521708	
0.744897	0.485166	0.456213	0.413331	0.482763	0.608603	0.642039	0.52301	
0.745332	0.484914	0.456152	0.413616	0.48254	0.608554	0.642072	0.523211	
0.745288	0.485092	0.456259	0.413433	0.482624	0.608599	0.642083	0.523189	
0.745576	0.485067	0.456615	0.413222	0.482598	0.608821	0.642158	0.523375	
0.543168	0.201394	0.281334	0.347558	0.479132	0.604042	0.635715	0.516793	
0.740764	0.472391	0.452192	0.410891	0.483262	0.60884	0.642413	0.52327	
0.745478	0.48532	0.456673	0.413121	0.482681	0.60884	0.642193	0.523372	
0.745548	0.4853	0.456704	0.413173	0.482661	0.60885	0.642195	0.523363	
0.745644	0.48557	0.456844	0.413224	0.482851	0.60899	0.642289	0.52332	
0.53692	0.233389	0.257965	0.354424	0.464552	0.601534	0.635234	0.523195	
0.743808	0.481457	0.453437	0.414026	0.482775	0.609075	0.642072	0.523576	
0.745763	0.485564	0.45673	0.413401	0.482862	0.60901	0.642268	0.523356	
0.745384	0.486242	0.457131	0.413396	0.483034	0.60941	0.642393	0.52274	
0.709358	0.47462	0.449262	0.413152	0.482956	0.608821	0.642579	0.525708	
0.746039	0.486081	0.456975	0.413541	0.483066	0.609372	0.642429	0.523051	
0.746152	0.485977	0.457175	0.413575	0.483119	0.609617	0.642633	0.523178	
0.179497	0.288345	0.32375	0.367166	0.465695	0.604904	0.633076	0.490656	
0.716519	0.483568	0.456916	0.413605	0.481738	0.609676	0.642428	0.520476	
0.746238	0.486271	0.457441	0.413652	0.483002	0.609634	0.642622	0.522913	
0.746316	0.486214	0.457423	0.413758	0.483004	0.60961	0.64264	0.522958	
0.746253	0.486422	0.458009	0.414053	0.483037	0.609752	0.642817	0.522595	
0.141733	0.32902	0.338293	0.397963	0.478348	0.604504	0.642356	0.534746	
0.713751	0.482801	0.456237	0.415177	0.48313	0.609323	0.642807	0.524029	
