0.000005
0.000005
0.000005
0.000005
0.000044
0.039162
0.004820
0.008790
0.034542
0.087765
0.031113
0.151293
0.143771
0.201742
0.014535
0.203728
0.202323
0.246211
0.238962
0.259311
0.022971
0.214300
0.266203
0.269787
0.283071
0.167913
0.293821
0.297948
0.302147
0.192723
0.319010
0.322951
0.332497
0.190224
0.336045
0.341553
0.343001
0.352947
0.072771
0.327764
0.355405
0.240428
0.353818
0.357428
0.339507
0.361157
0.235946
0.359938
0.365081
0.301211
0.370111
0.221263
0.373713
0.376666
0.381762
0.383455
0.393576
0.091743
0.311321
0.395150
0.397208
0.398346
0.402134
0.316477
0.405741
0.406794
0.410503
0.051706
0.290929
0.407994
0.412958
0.415836
0.151628
0.394154
0.417311
0.418319
0.417291
0.420260
0.250605
0.403558
0.421548
0.422177
0.426450
0.044299
0.234929
0.426428
0.428163
0.431767
0.123362
0.413270
0.432855
0.428429
0.434592
0.227083
0.432072
0.436128
0.434095
0.438196
0.159735
0.424451
0.439711
0.442576
0.377185
0.444619
0.445909
0.413507
0.448121
0.444868
0.449019
0.284242
0.449140
0.450238
0.451316
0.453596
0.159161
0.398665
0.454625
0.454996
0.456638
0.399979
0.457493
0.458276
0.459054
0.417890
0.460143
0.460367
0.461444
0.279187
0.438882
0.461815
0.462046
0.461874
0.462484
0.324129
0.458491
0.462828
0.463848
0.157401
0.449761
0.464358
0.465737
0.233346
0.457273
0.466089
0.456481
0.466322
0.458124
0.466677
0.449980
0.467116
0.457551
0.467713
0.438131
0.468256
0.468697
0.469106
0.466043
0.469637
0.392539
0.469601
0.470051
0.469089
0.470735
0.361946
0.467365
0.471187
0.471691
0.455021
0.472603
0.472765
0.473254
0.450952
0.473601
0.473715
0.474159
0.317887
0.468213
0.474453
0.474578
0.475438
0.171793
0.456764
0.475644
0.475765
0.476407
0.256387
0.444735
0.476753
0.476887
0.477608
0.377562
0.476602
0.477780
0.453479
0.477880
0.478060
0.478233
0.478747
0.280558
0.452653
0.479048
0.479139
0.479666
0.352516
0.476948
0.479814
0.479528
0.480057
0.364737
0.479314
0.480299
0.481142
0.268980
0.476646
0.481341
0.478897
0.481530
0.458233
0.481742
0.481957
0.482142
0.481570
0.482428
0.362314
0.481396
0.482673
0.483546
0.226048
0.476146
0.483811
0.481487
0.483981
0.461958
0.484163
0.484363
0.484515
0.484492
0.484868
0.340560
0.481513
0.485132
0.485979
0.259647
0.480120
0.486196
0.483365
0.486362
0.471696
0.486564
0.486749
0.486923
0.483143
0.487156
0.466980
0.487385
0.487609
0.487829
0.484903
0.488059
0.448322
0.488149
0.488467
0.488660
0.489558
0.331308
0.483038
0.489776
0.489239
0.490104
0.321105
0.488470
0.490372
0.490843
0.475058
0.491242
0.491705
0.324705
0.476821
0.491890
0.491990
0.492060
0.492440
0.344502
0.483193
0.492648
0.492949
0.483398
0.493401
0.493494
0.493979
0.252326
0.480872
0.494179
0.494818
0.381594
0.493810
0.495004
0.491269
0.495184
0.472032
0.495423
0.495555
0.495728
0.495865
0.496266
0.469475
0.496671
0.496761
0.497288
0.409662
0.494879
0.497375
0.489734
0.497451
0.497527
0.497606
0.497546
0.497758
0.422321
0.496252
0.497882
0.498357
0.455707
0.497761
0.498454
0.487865
0.498558
0.498643
0.498753
0.498818
0.499211
0.297974
0.473318
0.499395
0.499515
0.499877
0.401099
0.498222
0.499966
0.499427
0.500098
0.404149
0.499258
0.500224
0.500537
0.314178
0.496239
0.500743
0.501293
0.405649
0.500806
0.501468
0.480800
0.501500
0.501530
0.501801
0.502210
0.385412
0.497688
0.502279
0.502254
0.502447
0.425128
0.501484
0.502600
0.503059
0.409525
0.498410
0.503235
0.501213
0.503326
0.499710
0.503429
0.503498
0.503603
0.503658
0.504148
0.476110
0.503875
0.504268
0.413047
0.503245
0.504365
0.504772
0.493273
0.504962
0.500868
0.505153
0.505341
0.490955
0.505647
0.505545
0.505807
0.487601
0.505906
0.505786
0.506053
0.505964
0.506197
0.428916
0.504942
0.506295
0.506623
0.444200
0.504772
0.506735
0.504678
0.506808
0.504764
0.506901
0.506957
0.507068
0.507120
0.507511
0.399396
0.504419
0.507589
0.506642
0.507702
0.483439
0.507726
0.507857
0.508027
0.508323
0.354526
0.491700
0.508548
0.508599
0.508945
0.344937
0.501147
0.509058
0.509470
0.498486
0.509743
0.342223
0.499675
0.509919
0.510328
0.452584
0.509900
0.510452
0.507524
0.510600
0.458121
0.510443
0.510738
0.511070
0.482397
0.511457
0.511553
0.511446
0.511701
0.472427
0.511545
0.511792
0.512096
0.501904
0.512425
0.513005
0.490002
0.513428
0.281352
0.502342
0.513724
0.514159
0.500066
0.514626
0.514736
0.514827
0.514689
0.514939
0.454794
0.514089
0.515027
0.515385
0.470807
0.514770
0.515469
0.515546
0.512835
0.515626
0.515646
0.515791
0.515833
0.516225
0.488811
0.515710
0.516298
0.516095
0.516367
0.516599
0.283625
0.488839
0.516681
0.516785
0.516957
0.444861
0.516029
0.517031
0.517360
0.456473
0.516054
0.517435
0.516298
0.517502
0.510335
0.517584
0.517662
0.517732
0.517071
0.517855
0.482792
0.517687
0.517951
0.518236
0.509451
0.518551
0.518609
0.519022
0.407520
0.517585
0.519106
0.517260
0.519210
0.519138
0.519317
0.519622
0.338207
0.485148
0.519773
0.519921
0.520120
0.438134
0.514382
0.520244
0.520284
0.520581
0.447728
0.519549
0.520665
0.516399
0.520731
0.515593
0.520809
0.518948
0.520914
0.513002
0.521032
0.517837
0.521175
0.513056
0.521327
0.518438
0.521515
0.506557
0.521700
0.521868
0.522006
0.520433
0.522192
0.461849
0.521904
0.522364
0.522811
0.500212
0.523106
0.523250
0.523353
0.519958
0.523625
0.523953
0.407654
0.519990
0.524078
0.519649
0.524143
0.522395
0.524247
0.518819
0.524372
0.518462
0.524507
0.517681
0.524643
0.524750
0.524867
0.524944
0.525516
0.218271
0.503935
0.525684
0.525783
0.525619
0.525953
0.445609
0.523696
0.526078
0.526453
0.500029
0.526292
0.526533
0.499629
0.526476
0.526601
0.527000
0.439197
0.525099
0.527111
0.527207
0.499954
0.527659
0.527758
0.527441
0.527831
0.518455
0.527868
0.527938
0.527994
0.528295
0.454272
0.526872
0.528363
0.528452
0.517781
0.528967
0.529360
0.440070
0.528585
0.529472
0.513442
0.529501
0.529605
0.529719
0.530012
0.366691
0.514332
0.530116
0.530182
0.530461
0.446202
0.528372
0.530519
0.530737
0.394065
0.522554
0.530914
0.530960
0.531191
0.482096
0.530338
0.531249
0.530710
0.531330
0.501307
0.531203
0.531396
0.531538
0.527764
0.531702
0.531363
0.531756
0.525179
0.531814
0.531873
0.531927
0.531773
0.532027
0.484924
0.531706
0.532110
0.532346
0.519163
0.532566
0.532612
0.532843
0.327361
0.523073
0.532933
0.532973
0.533097
0.529286
0.533243
0.533373
0.527646
0.533522
0.533472
0.533600
0.490766
0.532536
0.533655
0.533839
0.511527
0.533809
0.533905
0.515380
0.533846
0.533941
0.533972
0.524525
0.534169
0.534244
0.533580
0.534383
0.534552
0.447017
0.533519
0.534635
0.529750
0.534667
0.534699
0.534742
0.534783
0.528493
0.534933
0.535038
0.469981
0.532862
0.535085
0.535148
0.532772
0.535257
0.535358
0.535174
0.535454
0.530080
0.535472
0.535491
0.535544
0.535667
0.406624
0.529787
0.535713
0.535734
0.535830
0.441051
0.533583
0.535884
0.536025
0.528461
0.536091
0.535866
0.536163
0.533569
0.536188
0.536212
0.536238
0.536058
0.536277
0.501321
0.536049
0.536313
0.536465
0.536074
0.536716
0.279288
0.499809
0.536792
0.536896
0.536945
0.536963
0.537083
0.471173
0.536237
0.537106
0.536832
0.537139
0.527422
0.537154
0.537214
0.537241
0.537414
0.427548
0.535499
0.537446
0.537382
0.537498
0.491011
0.537165
0.537543
0.537676
0.465262
0.536379
0.537702
0.537641
0.537736
0.521965
0.537702
0.537769
0.537614
0.537819
0.524178
0.537827
0.537913
0.537957
0.538146
0.426400
0.534958
0.538185
0.538207
0.538334
0.343566
0.513067
0.538354
0.538453
0.538551
0.510648
0.538343
0.538575
0.538542
0.538630
0.494332
0.538299
0.538685
0.538823
0.503575
0.538579
0.538849
0.538438
0.538891
0.532308
0.538944
0.538982
0.539023
0.539057
0.539184
0.340395
0.521554
0.539242
0.539297
0.539385
0.442384
0.537490
0.539433
0.539534
0.498091
0.539224
0.539579
0.538974
0.539612
0.531328
0.539627
0.539673
0.539709
0.539843
0.393612
0.532175
0.539875
0.539906
0.540012
0.420103
0.535951
0.540057
0.540074
0.540176
0.453324
0.538640
0.540209
0.540325
0.531097
0.540344
0.539641
0.540423
0.540525
0.495464
0.540214
0.540570
0.530653
0.540558
0.540595
0.540571
0.540639
0.515548
0.540491
0.540674
0.540784
0.490248
0.540092
0.540813
0.540794
0.540857
0.515462
0.540746
0.540899
0.540970
0.536214
0.541098
0.541209
0.427673
0.537648
0.541247
0.541263
0.541364
0.476056
0.540705
0.541399
0.541347
0.541449
0.510188
0.541336
0.541493
0.541522
0.535270
0.541706
0.541808
0.414456
0.535233
0.541856
0.541875
0.541978
0.503241
0.541622
0.542015
0.542076
0.535167
0.542250
0.542352
0.381735
0.534208
0.542407
0.542432
0.542528
0.465100
0.541686
0.542572
0.542722
0.461104
0.540774
0.542770
0.542754
0.542816
0.499962
0.542552
0.542854
0.542915
0.538624
0.543008
0.543109
0.516965
0.543042
0.543157
0.535504
0.543172
0.543209
0.543257
0.543410
0.483358
0.542147
0.543435
0.543528
0.537699
0.543648
0.543779
0.462861
0.542081
0.543814
0.543945
0.334789
0.537469
0.544020
0.544038
0.544175
0.469641
0.543034
0.544206
0.543964
0.544248
0.529154
0.544217
0.544287
0.544436
0.495329
0.543114
0.544465
0.544283
0.544493
0.537143
0.544503
0.544549
0.544571
0.544679
0.451142
0.541753
0.544710
0.544724
0.544841
0.450901
0.543778
0.544869
0.544966
0.538307
0.545069
0.545178
0.419136
0.540616
0.545222
0.545240
0.545367
0.433370
0.540907
