0.679842787278906
0
0.308293844122285
0.0638661853199144
0.0504770149451835
0.0995084050214958
0
0.0408217044117453
1
1
1
0.998838854260002
0.920907971212192
0.992264746913016
0.50532903558743
0.997142983754873
0.78671137809823
1
1
0.92847939334666
1
1
1
0.998638911423104
0
0.1960216171796
0.262000941939556
0.171391414977303
0.295985639527452
0.269686103318399
0.778310799276724
0.0181820814347073
0
0
0
0.00563579661476109
0.0102350616235212
0
0
0
0
0
0
0
0
0
0
0
0
0
0
0
0.439224616463962
0
0
0
0.0439129411830609
0
0.454731605311276
0
0.104002026091654
0.176995434403973
0.0252416101652552
0
0.0376417823209241
0.0760531737699118
0.490362963044824
0
0.000221142599712427
0.345444269775937
0.0709366249878469
0.253654902359765
0
0.185552037299596
0.527375924925659
0.0919080779228203
0.0759117416002721
0.775746981357158
0.0258716039092279
0.299323957216295
0
0.00135991709285059
0.442439119417661
0
0.0942145609651754
0.652224648955393
0.0682214190119029
0.00971681001242417
0
0
0.143485784452276
0
0
0.0912211626467202
0
0
0
0
0.106649634063579
0.0797658941455652
0
0
0
0
0
0
0.102999705766334
0.157999411750353
0.16943423038585
0.0672830430959511
0
0
0.520285642090248
0.132014011013984
0.140087463445291
0.295178970325096
0.169923184365593
0.125681215685046
0.160078616648788
0
0.360440248433291
0.204082179104905
0.478305448014186
0.200771712068131
0.33021841558702
0.733663786939175
0.292738534750142
0
0.585093154352054
0.755802992132404
0.321539855975251
0.57797315694369
0.206329045794029
0.0691861588472382
0.785136080511443
0.0223139176413993
7.26802754997533e-06
0.727355246357291
0.158744279292944
0.611807817603336
0.665896643061935
0.340649797620371
0.55318022597395
0.000981899716869315
0
0.02574842118954
0.0705966244193961
0.0154243214020753
0.0770245561452978
0.0960636600690511
0.0433667084112156
0
0
0.0438859686300488
0.0518185597800794
0.101779751867605
0.120065546847965
0.101742693517568
0.00152179596248539
0
0
0.141400069734867
0.0868155457881941
0.260373875768742
0.125971888476725
0.114783151197812
0.0473678799182267
0
0.0393254279413527
0.226731376959874
0.132427953727868
0.266932015129387
0.132288915588609
0.10698340592189
0.0603412456047791
0
0.503772765405725
0.385673385847616
0.390550204010121
0.225996816294961
0.183811114167604
0.50080542091096
0.223661445155445
3.58262080193212e-05
1
0.135578706459945
0.285115852165354
0.411018943267105
0.323933214673002
0.341548600913655
0.593705516538922
0.125816211128188
0.0847149708835965
5.13444032007306e-06
0.0831269847742826
0.167753721830897
0.172723684207008
0.100881068924034
0.0566619934757966
0
0
0.17767425091537
0.0668879833199598
0.0258734692701401
0.125702792424603
0.0938562031757632
0
0
0
0.0546102186542038
0.0678841725798029
0.0895334981991577
0.196248336543292
0.090439443732709
0.0684560593469486
0
0.0958988649017903
0.0584269383413539
0.134675423247601
0.127014372737086
0.208166989006125
0.0768177651563948
0.0837911962784237
0.0243217514828644
0.149289854256843
0.0820681031419019
0.168913972026209
0.135061621691092
0.22215946069236
0.0896861762845209
0.0704783496639833
0.0653262669586673
0.201773380096483
0.140952471875194
0.276752557742085
0.035839746752022
0
0.490475900541181
0.0713400824224585
0.133723729910441
0.270851036478022
0.351079268006381
0.137753327143373
0.0671024307173612
0.0449975270037137
0.380473152553764
0.231422114929522
0.25915350142771
0.232864004619607
0.0923433039126627
0.0918415123013048
0.39909044353972
0.399740610425096
0.275648021964603
0.0716307355106428
0
0.181686291302271
0.0710339070949794
0.0521192497248303
0.056605949568122
0.0120804908182298
0.0790100717623625
1.2632945788308e-07
0
0.0118916786149067
0.0956798761433756
0.0750036421629555
0.0758318553661604
0.107008515178675
0.0968377808750652
0.101174624940288
0
0.0755989532771217
0.106353628678886
0.0945467514273516
0.233835053737027
0.121158361047128
0.10695314691068
0.10266641189702
0
0.0885844887856492
0.188347929442803
0.112773323325145
0.0846342682464777
0.207872771220473
0.151403449991061
0.0956168139791309
0
0.0953352372039029
0.304415555378566
0.116978158373919
0.0897103747072441
0.263848424401109
0.179067875385384
0.255469888729612
0.102546348353678
0.42215619363945
0.0745485951257745
0.125756677861504
0.0709722563007791
0.0751101512692677
0.250063295930191
0.338417853091878
0.0515990617542659
0.124396063881219
0.0573499749899097
0.117654396216168
0.188721934782125
0.345992689595453
0.0894356888764317
0.0922273448374831
0.0439032145308839
0.146318932660315
0.080295946531627
0.150456593978957
0.146388082511015
0.0326745687801696
0.00877292500183292
0.0210457477965596
6.49198707766462e-06
0.215256154665468
0.0752427975351365
0.108509073977575
0.111281572223578
0.0569400312099538
1.56885767764998e-05
8.71485720211158e-05
0.00207387762426949
0.082693960936613
0.084352910020454
0.108508118486033
0.120388149199591
0.0993782230999398
0.180586731510065
0.0321181706315722
0.0362745911679405
0.112611963378459
0.115452019938061
0.101249279634251
0.127039362664083
0.180190680468136
0.452701115293759
0.0565676170839475
0.0544022864527751
0.0276492279046028
0.198018559612406
0.0914699141676765
0.0842764280417865
0.214067790577996
0.131930125328756
0.100323809100323
0.152714000467932
0.00967329043137053
0.348127041739289
0.0664864651591851
0
0.0143624099642742
0.0928699237286938
0.0809805385165476
0.00343552210698119
0.0647086926311267
0.118590697375615
0.0541103940289207
0.0398941520145916
0.124556363523769
0.10594656586768
0.0106151411058309
0.0168992267752283
0.137645897554228
0.0665958707222808
0.158003315131339
0.0829005354797473
0.235943362116723
0.117955121216001
0
3.53419182539762e-10
0.0867545993442614
0.0641441261539787
0.140771119281274
0.0803972890829691
0.125634024597598
0.148246678383239
2.13067738986281e-07
0
0.0891783114500575
0.0593171519836683
0.128290307033632
0.0661695547535472
0.12200239458206
0.181416118294705
0.0740086597284541
0
0.187355577859631
0.0724445459722441
0.13786868162077
0.0545171888872555
0.105406401396516
0.192202384532663
0.111154804156813
0
0.188689462735932
0.0820734893947766
0.114945651836364
0.151706400432401
0.0770576590416937
0.163097397056449
0.130938492906368
0
0.0957614649080491
0.0786799009394142
0.0874486263659679
0.134818659617234
0.0636459036581099
0.0976182691888439
0.147467588434721
0
0.104650226010267
0.0853210872568221
0.0829485000527865
0.111163504202641
0.0203650074310738
0.137282047937424
0.0164388249527463
0
0.0463555824379399
0.0987368503088682
0.076394534445407
0.0896343490207409
0.0418408411646611
0.176214568418316
0.086023993318074
0
0.040596464583096
0.0895784663940704
0.0426707561498762
0.0842799904837164
0.0972481404614813
0.0780067817105079
0.0826723650916897
0
0.0563789050179961
0.083319004125454
0.0681217788312948
0.086624337320588
0.116146560658577
0.0727994505329857
0.116691708331243
0
0.0763052064211628
0.0846594225030003
0.0859804477503218
0.0946994852572484
0.112148046356969
0.0649153972626031
0.113926515684195
0
0.0984611246930213
0.12085298858649
0.0894846736694234
0.0714016180084131
0.107182931425615
0.0640914000083561
0.0962110503448162
0
0.218710132785555
0.0811425092800844
0.0624431062651971
0.07068420097278
0.0956393749790505
0.189768116378162
0.0568406677900571
0
0.102791049830881
0.0697934686031093
0.0686401512496849
0.0380370383545681
0.0709547899032213
0.113325189048557
0.0199982151806585
0
0.107169091902016
0.0668353409830565
0.0730847325728955
0.0563658443309817
0.0423865985959964
0.0546290346824798
0
0
0.0978132039831083
0.0650520382901603
0.0846621564662861
0.0686367980571872
0.0699073644238778
0.0935230342304264
0
0
0.0657350981771214
0.0524523434093404
0.0985150470541493
0.078898772748456
0.0663800379190544
0.0920160941786316
0.0351717382594534
0
0.0253881183774502
0.0223125210091485
0.117914519808739
0.085672410430603
0.150674671638089
0.0935651193281552
0.117574161217874
0
0.165360619737175
0.0272207211855255
0.141839169734396
0.0544915716782389
0.0791445472797481
0.0957074356492485
0.16064201973822
0
0.145004525635676
0.0390460487369684
0.169168989623673
0.0354600092292037
0.0760769579063349
0.159908033620417
0.14633461667551
0
0.0782818985617971
0.0659680719840759
0.12770283795001
0
0.162963375287284
0.261946747151825
0.00882107723821422
0
0.0891512043740493
0.0690029217837824
0.166076745527741
0
0.0365170303213764
0.145588592177215
2.07861843311571e-05
0
0.0913425385096869
0.0672323080546632
0.175839990803567
0.0260932498473607
0.0388429698501799
0.13968994104712
0.0200420111526427
0
0.136903698834583
0.0467536652847508
0.186517495365739
0.0702666335191987
0.0240332332104509
0.133310728404836
0.117289573628625
0
0.137160700743884
0.00047023473456072
0.0930464993587436
0.118338680504128
0.0399955303358396
0.121435131454472
0.156620578010058
0
0.159054577839179
1.8620113272318e-05
0.0490949604639616
0.13830244944747
0.154903338237515
0.117724678677099
0.151591071853139
0
0.288080662419781
0.064533981819509
0.0600229490158505
0.197577057361877
0.121854928193617
0.19227146105325
0.109717628089855
0
0.255399948924035
0.0677526370457338
0.150344914787232
0.114387579020088
0.130411695013859
0.0433961054099602
0.0956171262819675
0
0.206593242892752
0.0707405801700667
0.103634923606104
0.150036643478995
0.106337245684516
0
0.423065849904542
0.114626890068049
0.177688320368999
0.106556989045852
0.0932222979497988
0.0715251066694588
0.0972295415639685
0
0.0386291877257344
0.0362886242988779
0.140243447262637
0.112408310271134
0.103275106599389
0.0706420932251876
0.0976059679992718
0
0.0266985506173452
0.0621013247931171
0.116686238759096
0.112783232910481
0.107804521048768
0.0408643532734499
0.111865652651491
0.0379735238016787
0.0388233991572223
0
0.112340296602534
0.134221656003456
0.116262773284378
0.0239343521883674
0.136882170076903
0.064156602687771
0.0336173086067167
0
0.1658947708835
0.119844696500035
0.0807679400474755
0.0068153121497727
0.176815040855204
0.116683264504784
0
0
0.0921881400001525
0.227012056493368
0
2.50035205765545e-09
0.0939022004510454
0.106423931867485
0
0
0.0125433169115831
0.351010235691532
0
0
0.056283152545796
0.0769733483369627
0
0
0
0.180325126915233
0.0949925587867997
0
0.0762037805179625
0.156009803652996
0
0
0
0.0908638399799041
0.0902046118159562
0.0722508239480043
0.0907210453871682
0.0883134818733276
0
0
2.57951475538876e-08
0.277847231128144
0.0465902095446045
0.0808178210426712
0.11988552541872
0.100729371323421
0.0888787497935236
0.00213017313531646
0.0184224454035965
0.0792392046945074
0.0716004950984108
0.104009243160065
0.134487067062449
0.105595500365647
0.172150140094344
0.109629032640286
0.0316794932635203
0.0845438219145258
0.0684574259999343
0.148190852907194
0.149565439671419
0.103385214021524
0.188829966192919
0.0604151929567443
0.403157153585365
0.0547289722474887
0.0167668684778468
0.145624050894872
0.371173056084945
0.0923568671056883
0
0.144864697963552
0.124421952049009
9.10665310356409e-06
0.374694044040636
0.30426763096134
0.0731222523469087
0.271474999523207
0.329730596873023
0.245588955000201
0.0487495647809918
0.0079445320666429
0.105869610968212
0.139623847870318
0
0.089364951124779
0.581718484356829
0.172252754436945
0.00118722267930809
0.0219193084417269
0.0940051537401471
0.0767829633051663
0
0.0664947242462946
0.193689477644865
0.0550695800517007
0.0379277242048599
0.0565907199648679
0.0465748245294395
0.0694495035020416
0.022770467520515
0.098181021277668
0.107565239570267
0
0.137605870827588
0.0452678379839317
8.61868415597842e-05
0.0652548028786045
0.0447800239157752
0.104031506649724
0.0962090863661686
0
1.28295467851707e-06
0
5.59600492171698e-06
0.272556038766368
0
0.084823971485525
0.0871416080041207
0
0.0158824935584672
0
0
0
0
0
0
0
0.531477135609009
0
0
0
0
0
0
0
0.140670905822404
0
0
0
0
0.0569146197208782
0
0
0.142256705090106
0
0
0
0
0.12282450216105
5.69688125429063e-05
0
0.0331400507204444
0
0
0
0
0.0040176852867431
4.40389409699461e-05
0.0199965050086986
0.00227094414940386
0
0
0
0
0.00013846861064837
1.86786085242258e-08
0.0664181142479315
0.0206194664462037
0
0
0
2.32289476630772e-07
0.0346427165769356
0
0.189503153041602
0.119064560584686
0
0
0
6.80250842501943e-06
0.0820354481631694
0.0675208533577099
0.175279521811884
0.30216714722119
0
0
0
1.25652570286873e-05
0.153336467599143
0
0.355874384864634
0.241826356025975
0.0714058529841621
0
0
0.364262033335122
0.165963329283147
0
0.339392535839924
0.0872570964615125
0.189791782332347
0
0
0.0766974863348232
0.732576070823219
0.144058673178779
0.165452593840522
0.160117487982662
0.223954353216914
0
0
0.104317353250148
0.00842995481271477
0.0962313133355456
0
0.13506863727407
0.11071028568349
0.0407065903358914
0.000465462334716825
0.000112414416811093
0.0212974147008601
0.0456230005292582
0
0.356264223215226
0.0743842370907985
0.0534645776042414
0.000505018092774242
0.0183090192574893
0.0740373532201286
0.00540417463687493
0
0.892868296442596
0.0027336640708942
0.0915716142115488
0.0320480498309798
0.197635525198081
0.0998984796267684
0.0372927216271739
0
1
0
0.23715698950785
0.126178500201769
0.226313712557753
0.0922084012577894
0.0503509080068626
0
0.999999997599058
0
0.45781701570346
0.725972593603382
0.10255556750052
0.0302609331000778
0.0394726427026498
0
0.999998888938372
0
0
0.565361448772647
0.127070330523903
0.0661602952702762
0.423585393191302
0.279505778200591
0.869662397802614
0
0.289195850255719
0.32957654012687
0.308153331032334
0.0473583522530142
0.124659844417899
0.0700038580440055
0.161250316826135
0
0.764961497291707
0.270331816944175
0.288863486139751
0.0423525870274389
0.0149596796670721
0.171250293338252
0
0
0.64107451991558
0.170675528070528
0.250897553720419
0.0877852851153037
0.0192227123841709
0.33310878601113
0.313838675163713
0.178560519055184
0.409790089896522
0
0.310998290117353
0.0359114801155303
0.151657881995218
0.198336383890398
0.481443668184761
0.689428745894955
0.0825708386927334
0
0.388304776261232
0.309427724295218
0.589803081351693
0.522199825188764
1.88369842535364e-05
0
0
0
0.978670511833054
0.762699945505812
0.950424675984218
0.977732734054771
1.40170360888252e-07
0
0
0
0.608712617487603
0.364550880712993
0.492509634896576
0.337333464578104
0
0
0
0
0
0.312414208192381
0.141686232355134
0
0
2.01589248696299e-09
4.05963225430605e-07
0.00335897375994805
0.0275377174942124
0.256523393907747
0.0702807772847598
0
0
4.03309932022749e-07
2.02653536988151e-06
0.0201964275314373
0.00974729350502771
0.200308884151317
0.336045498194835
0
1.13258959020324e-08
5.35915924061973e-07
4.79597330817729e-06
0.197729193325027
0
0.0663430438399637
0.165155879149907
7.26985165961222e-08
0.00621473681624898
4.86040620971573e-07
0.000927391225114578
0.0165488486662451
0
0
0.0755286886498026
2.04518689417947e-07
0.251430020133034
0
0.10100621734512
0
0
0.0885013693058197
0.365442584422726
5.89875022074091e-07
0.189367634819195
0
0
0
0
0.00329650602724058
0.115426821998897
0.0466808311493117
0.748143757305347
0
0
0
0
4.8675044562414e-07
0.0766638970293301
0
0.0322819032056398
0
0
0
0
3.75816045899791e-07
0.0328291128107411
0.0627197928052061
0.141230440908612
0
0
0
0
1.44813453337422e-07
0.0179235898246624
0
0
0
0
0
0
0
0
0
0.643090729412635
0
0
0
4.80344063322949e-08
0.000162059269627729
0
0
1
0
0
0
0
0.00441614170417419
0
0
1
0.194162173791784
0
0.879734997627747
0
0.709323447050656
0
0
1
0.238164216330375
0
0.969157793669425
0
0.598819875721489
0
0.359790223300139
1
0
0
0.607643941973357
0
0.147646032769202
0
0.50736514308487
0.743029681567983
0
0
0.181710709140233
0
0
0.093355616914723
0.134744670329202
0.217885043504376
0
0.489993713078588
0.139425431358357
0
0
0.076837561306536
0.0263089674107157
0.371894023210842
0
1
0.381157812820734
0
0.0112439010456054
0.153920199850807
0.0994946816758647
0.127463967155414
1.35827805818449e-07
1
0.738748283691669
5.55728427361978e-08
0.316726233212457
0.670958532068662
0.316577952561103
0.000319816020384112
1.42618478082113e-06
0.952859746681653
0.05706166678015
1.52458926588628e-07
0.646255763363436
1
0.8386482581786
0.000737220780689817
6.23393184182009e-07
1.52924544740594e-07
0
0.195280227890956
1
1
1
6.70853763072578e-07
0
0
0
0.999999885215358
0.597108836825676
1
0.482060923235313
0
0
0
0
0.915742149491266
0.449446547626713
0.221214148915784
0.216516051450092
0
0
0
0
0.426345907446593
0.0765250224386431
1.07748546284329e-06
0
0
0
0
0
0
0.0922233130309715
0
0
0
0
0
0
0
0
0
0
0
0.127889604691298
0.280728766627186
0
0
0
0
0
0.000212421473880738
0.0854134750802485
0.188250683675508
2.24561419339987e-06
0
0
0.205084737779648
0.0397417626873623
0.284365651953837
0.000249788104305558
1.50178297870526e-05
1.23815722804513e-07
0
0
0.157464816972963
0.27479623112113
0.000283615556051219
9.97624929471991e-07
7.69295874089909e-07
0
0
0
0.000797573365667933
2.84759116802142e-06
0
0
0
0
0
0
0.0017615224050688
3.49450358866421e-07
0
0
0
0
0
0
0.000602478893171085
0
0
0
0
0
0
0
0.0014031920040148
0
0
0
0
0
0.0186613431073183
0.98930364572631
0.000323489149326362
0
0
0
0
0
1
0.99361968790383
0.590832370879233
0
0
0
0
0
0.261209795910015
0.327901806419477
1
0.236390592988439
0.843225467017916
0
0
4.17037684327891e-08
9.75724128219878e-05
0.000774688280355321
0.839520638911709
1
1
0
0
0.000286324535675184
3.36963094346348e-05
7.51288201978906e-05
0.510249834123007
0.0211938800175857
1
0
0
0.126874407201183
2.35543817268599e-05
0.000378766099549717
0.226378796920909
6.53836630732441e-05
0.667882819074873
0
0.137581183141261
0.481917041787875
0
0.0592546132570604
0.149349279021596
0.29209613841267
0
0
0.0500397698612139
0.303486192968884
0
0.113674027900573
2.14373525037217e-05
0
0
0.723516072864819
7.25721777725147e-05
0
0
0.197960851553907
0.0174497881996134
0
0
0.505166433310301
0.0198452229586155
0
0
7.19772310885388e-06
0.133946799324778
0.0257948706362191
0
0.245721972824283
0
0
0
3.25384304186983e-08
3.58298320359078e-06
0.089899975598503
0
0
0
0
0
0
9.96176739532246e-07
0.01410312304664
0
0
0
0
0
0
0
0.000734572910163159
0
0
0
0
0
0
0
5.05924931660549e-06
0
0.0792050029917847
0.0202038793650592
0
0
0
0
0
9.25947578677701e-06
0.167117599031849
0.208438222942044
0
0
0
0
0
2.19260398795061e-05
0.151778115301746
0.343356016450522
0.537389398190104
0
0
0
0
0.000137521025421783
0.164818270857496
0.323538160069182
0.999999999951444
0
0
0
0.195332437659493
2.63523555190277e-06
0.056193971094351
0.0383023930870111
0.567253990521903
0.999796430512209
0
0
0.0726311237070008
0
0
0
0
1
0.404832013240521
0
0.0496988374617297
0
0
0
0
1
0.983232431773588
0
0.0788213734780479
0
0
0
0
0.200654849912093
0.562480590689044
7.42013992282831e-08
0.0005895018207993
0
0
0
0
0
0.637287653983137
0.0583237343236143
0.125911799386882
0
0
0
0
0
0.468644409158758
1
0.28278618277954
0
0
0
0
0
0.506714725931569
1
0.241205934977101
0
0
0
0
0
0.594226754178394
1
0.276752823684739
0
0
0
0
0
0.0241788564609662
1
0.108088407215484
0
0
0
0
0
0
0.309921201962379
0.729082157124156
0
0
0
0
0
0
0.53510047009534
0.72516020583752
0
0
0
0
0
0
0
0.396209900479802
3.75406324710292e-05
2.29551245320118e-07
0
0
0
0
0
0.690235644908996
0.00145206100574302
4.41933498080638e-07
0
0
0
0
0
0.640412702125764
0.231970510383339
4.62183694405496e-07
0
0
0
0
0
0.151094155412294
0.322857683200755
2.3196192978546e-07
0
0
0
0
1.42729739683693e-06
0.131765081908292
0.0134529349702241
0
0
0
0
0
0
0.0388600058310199
0.000221600488473365
0
0
0
0
0
0
0
0
0
0
0
0
0
0
0
0
0
0
0
0
0
0
0
0.579376356497844
0
0
0
0
0
0
0
0.999279304373638
0
0
0
0
0
0
0
0.972561499954753
0
0.114962323580053
0
0
0
0
0
0
0
0.766348332218221
0
0
0
0
0
0
0
0.855644012175582
0
0
0
0
0
0
0.783693558898999
0.570912151233298
5.57170071322877e-07
0
0
0
0
0
0.794624220562018
0.218634922000488
0.000884187413624556
0
0
0
0
0
0.0341304492146167
0.554386647651612
0.629986017188775
0.0570613258596024
0
0
0
0
0.00149298633324557
0
0.984305289324796
2.90903549692019e-06
0.000785575670259892
0
0
0
0.248397451826731
0
0.949249647691265
0.323035274579099
0.313386358603835
0
0
0
0.784525429576562
0
0.84891191638624
0.650468567836755
0.0155037259251239
0
0
0
0
0
5.10757094582306e-07
0.427386785240055
0.0359461630400124
0
0
0
0
0
4.87261994182504e-07
0.272629903546144
0.0273933255093397
1.70762880932034e-06
0
0
0
0
5.76141481640206e-07
0.602095174289855
0.307585223784343
0.548123736874131
0
0
0
0
3.64333376884579e-07
0.940480815982207
1
1
0
0
0
0
3.73612680842789e-10
0.125611400428572
1
1
0
0
0
0
0
0
0.654052659535747
0.723708397185275
0.733639977201558
0
0
0
0
0
0
0.220823744816184
0.0189912954541085
0
0
0
0
0
0
0.143645025216298
0.00886374499829052
0
0
0
0
0
0
0.11526066789942
0.235438810297944
0
0
0
0
0
0
0.0809884228950686
0.588586803163194
0
0.196167278037281
0
0
0
0
0.00799658066757301
0.950758507609229
0
0.314017617921828
0
0
0
8.21333802096151e-07
0.576561903359008
0.935170879762368
0
0.178125989087449
0
0
0
0.000179304200738905
0.000202322772201121
0
0
0
0
0
0
4.92524356175665e-07
0
0
0
0
0
0
0
9.0330573885572e-06
0
0
0
0
0
0
0
0
0
0
0
0
0
0
0
0
0
0
0.122743177490452
6.66409096159383e-06
0
0
0
0
0
0
0.277650904491471
0.027379306712021
0
0
0
0
0
0
0.0295680139640308
0.380203156423706
0
0
0
0
0
0
0.257316352594438
0.396238124189798
0.00206488814206808
0
0
0
0
0
0.289317886601503
0.0241056597143141
0.00109515567781565
0
0
0
0
0
0
0.0745189754653596
0.00699306626552911
0
0
0
0
0
0.331408558699616
0.853779486439755
0
0
0
0
0
0
0.570914654442868
0.760864123133584
0
0
0
0
0
0
0.375777945239046
0.999995493086841
0.400155763522152
0.367836966157662
0
0
0.984653391956902
0
0.0111673516513719
0.714350268952067
0.344316433942888
0.781202550565012
1.29480810883496e-07
0
4.80832139695388e-08
0
0
0
4.37229380578644e-06
0.462546323569962
0.0418590440173653
0.00966389485899777
0
0
0
0
0.0260763999155665
0.0115486578175803
0.139253572377801
0.167700544412791
0
0
0
0
0.210061118423338
0
0.568344676986247
0.0441953797989985
0
0
0
0
0.999228379652812
0
0.235221116742511
0
0
0
0
0
0.6013841087386
0.232515302991552
0
0
0
0
0
0
0
0.0249750140594514
0.508557000481457
1
0
0
0
0
0
0.170638030091695
1
1
0
0
0
0
0
0.0173666439065605
0.710595507461538
1
0
0.236946064075079
0
0
0
0
0
0.636249843167126
0
0.328758147448339
0
0
0
0
0
0
0.0300363859070071
0.517258771744191
0
0
0
0
0
0
2.29066434425508e-09
0.421224275700289
0
0
0
0
0
0
0.333948036090875
0
0
0
0
0
0
0
0.893847560942309
0.105873538403952
0
0
0
0
0
0
0.910771968267502
0.149870333824956
0
0
0
0
0
0
0.217656708227327
0.107062567541915
0
0
0
0
0
0
0
0.0773434729299462
0
0
0
0
0
0
0
0.0458778350637571
0
0
0
0
0
0
0
0.187716045327433
0
0
0
0
0
0
0
0.0819750683511314
0
0
0
0.0012401923291442
0
0
0
0.206231307805284
3.43781336790454e-09
0.00306440403744404
0.289937213274724
0
0
0
0
0.196848392020825
0.17815282772392
0.338385962566921
1.977642257367e-06
0
0
0
0
0.0642051374730504
0.348658316592271
0.323475332430247
0
0
0
0
0
0
0.0830421060286312
0.0604560312241686
0
0
0
0
0
0
0
0
0
0
0
0
0
0
0
0
0
0
0
0
0
0
0
0.00751808624475046
0
0
0
0
0
0
0
0.38204417530011
0
0
0
0
0
0
0
0.292005030775187
0.000244698141798667
0.193463906678327
0.0658397879311424
0
0
0
0
0.0319376665133019
0.000363393358585398
0.253734549826696
0.0887183156356136
2.64238648692461e-07
0
0
0
0.10417331028152
0
0
3.67470189852134e-06
0
0
0
0
0
0
0
0
0
0
0
0
0
0
0
0
0
0
0
0
0
0
0
0
0
0
0
0
0
0
0
0
0
0
0
0
0.0367449727605727
0.144123332600864
0.209594000533922
0
0
0
0
0
0.269925013759538
0.00459952998468635
0.43938341167017
0
0
0.510363522760618
0.321075455841037
0
0.262149967568334
0.00198314784322512
0.0315651833773147
0
0
0.697947092860086
0.0492130600141354
0
3.54273730766205e-08
4.78104262463735e-07
0.024450413624549
1.17082808381031e-06
0
0.396418477003211
0
0
0
0.166606557360133
0.000418043404225744
0.0573855174505593
5.32613767474227e-05
0.0213660235939926
0
0.392575874262465
0
1
0
0.419398753993058
0.203926001926629
0
0
0.790968573306388
0
1
0
0
0.493318437828378
0
0
0.289342822227893
0
0.762239844503417
0
0
0.241222612161173
0
0
0
0
0
0
0
0
0
0
0
0
0
0
0
0
0
0
0
0
0
0
0
0
0
0
0
0
0
0
0
0
0
0
0
0
0
0
0
0
0
0
0
0
0.0303414998404987
1
0
0.00662153267320052
0
0.0691917336813779
0
0
6.61218958826933e-08
0.0704003024424136
0
0.582152242418084
0
1
0
0
0
0
0
0.902171738746023
0.740853806565789
1
0
0
0
0
0
0.233726753593162
0.577904299506232
0.608366043027785
0
0
0
0
0
0
0
0
0
0
0
0
0
0
0
0
0
0
0
0
0
0
0
0
0.0337881291302906
0
0
0
0
0
0
0
0.198716531797605
0
0
0
0
0
0
0
0
0.622692409189461
0
0
0
0
0
0.048728432205933
0
0.435565888045847
0.13488849288925
0
0
0
0
0.201796172022782
0
0
0
0
0
0
0
0.110289114400889
0
0
0
0
0
0
0
0
0
0
0
0
0
0
0
0
0
0
0
0
0
0
0
0
0.0453533761451045
0.124361172041719
0
0
0
0
0
0
0
1
0
0
0
0
0.316023349843502
0
0
0.250110816465642
0
0
0
0.247936369997614
0.143468659681535
0
0
0
0
0
0.135895499357324
0.280581346843567
0
0
0
0
0
0
0
0
0
0
0
0
0
0
0
0
0
0
0
0
0
0
0
0
0
0
0
0
0
0
0
0
0
0
0.388688458628478
0
0
0
0
0
0
0
1
0.293494420692035
6.42960128276752e-06
0.0787716283725801
0.427035759176023
0
0
0
0.734900220680698
0.833742991141507
0
0.726720007967775
0.421825823024463
0
0.402062410051513
0.156145020094434
0
0
0
0
0
0
0.400586254332515
0.390360482752253
0
0
0
0
0
0
0
0
0
0
0
0
0
0
0
0
0
0
0
0
0
0
0
0
0
0
0
0
0
0
0
0
0.665099713147409
0.975404736691592
0
0
0
0
0
0.00461913928093133
0.0476815240521866
0.568216540020193
0.0340207863570909
0
0
0
1
0.610182093640138
0
0
0
0.505876243396176
0.223479207680806
0.846364618242132
1
0.959596749887815
0
0
0
0.76195441153716
0.613342806648433
0.541708289249836
0
0.210281106512257
0
0
0
0
0
0
0
0
0
0
0
0
0
0
0
0
0
0
0
0
0
0
0
0
0
0
0
0
0
0
0
0
0.571767706238837
0.121290973653061
0
0
0
0
0
0
0.872881810593168
0.948864658263515
0.158612894947057
0
0
0
0
0
0
0
0
0
0
0.0142953156441531
0.23933912522437
0.338224229041584
0
0
0
0
0
0.172928161561638
0.121773771372314
0
0
0
0
0
0
0
0
0
0
0
0
0
0
0
0
0
0.00424971957345461
0
0
0
0
0
0
0
0.650855556715138
0.0247865285734787
0
0
0
0
0
0
1
0.818130214561582
0
0
0
0
0
0
0.0469321462620007
0.695837064732654
0.775473577989511
0
0
0.570331644125077
0.47244652117565
0
0
0
0.772868486255812
0.239027116496953
0.211268183388426
0.944536291103476
1
0
0
0
0
0.243678575279208
0
0
0.0816596835349082
0
0
0
0
0
0
0
0
0
0
0
0
0
0
0
0
0
0
0
0
0
0
0
0
0
0.0237221815325986
0.255740184355893
0.328309888279639
0
0
0
0
0
0.609747828155813
0.826680000861564
0.896852336439913
0
0
0
0
0
0.603718557531453
0.130606134156793
0.459746187488101
0.105105914913719
0
0
0.403895668264761
0.459318748665647
0
0
0
0
0
0.360591918795817
0.771242363604229
0.526040297077735
0
0
0
0
0.0728173154450057
0.37901924665021
0.268395994594814
0.00233779276223639
0
0
0
0
0
0
0
0
0
0
0
0
0
0
0
0
0
0
0
0
0
0
0
0
1.07813976198068e-05
0
0
0.340897074094664
0.137209671476404
0
0
0
0.664433599062227
0.705382125876287
0.746479011735421
0.909664961655092
0.445282386877244
0.0092736402177386
0
0
1
0.810958850674367
0.575714086533525
0.246439122431152
0.237844095967226
0.193068167453841
0.106452601254845
0
0.213857088248442
0.00601136076498236
0
0
0
0.151962805788342
0.347714579740622
0.0758207094406503
0
0
0
0
0
0
0.25588944331681
0.0086223938473083
0
0
0
0
0
0
0
0
0
0
0
0
0
0
0
0
0
0
0
0
0
0
0
0
0
0
0
0
0
0
0
0
0.643631189713691
0.513380019795303
0.320390451639232
0.2915591060449
0.173498132448263
0.0648709630564728
0.383069782062644
0.343996403909007
