8.75725e-08	4.82316e-08	1.69752e-07	2.44634e-07	2.19076e-07	1.74022e-07	7.59187e-07	1.48616e-06	
8.93052e-08	4.91466e-08	1.73857e-07	2.48617e-07	2.21604e-07	1.75591e-07	7.60382e-07	1.49733e-06	
1.0775e-07	5.88919e-08	2.1813e-07	2.90677e-07	2.47818e-07	1.91835e-07	7.72193e-07	1.61192e-06	
6.284e-07	3.36819e-07	1.61146e-06	1.39966e-06	8.24898e-07	5.41738e-07	9.22714e-07	3.86929e-06	
0.000275105	0.000165439	0.000960078	0.000523123	0.000128733	8.72279e-05	4.66189e-06	0.000386732	
0.0444497	0.0289396	0.0564533	0.0577536	0.00925458	0.00499339	0.0408618	0.133277	
0.026038	0.00161299	0.00741019	0.000435073	0.0086057	0.00487288	0.00159065	0.0142179	
0.0280311	0.000310601	0.000706309	7.68081e-05	0.01106	0.00367091	0.00584476	0.00702679	
0.0901885	0.0079831	0.00991838	0.104748	0.0511864	0.00536919	0.0109641	0.000331293	
0.0388023	0.00777712	0.0292162	0.00659927	0.125218	0.0504999	0.0223589	0.0442155	
0.128062	0.0233791	0.0744837	0.128591	0.0276873	0.0567342	0.0789628	0.130357	
0.108103	0.154285	0.0237653	0.00172435	0.0447601	0.0412041	0.0616634	0.107588	
0.266747	0.0279284	0.121333	0.193637	0.0458085	0.101992	0.174482	0.246231	
0.0500395	0.106013	0.00241474	0.0144844	0.0816024	0.0782895	0.0303739	0.0216823	
0.182975	0.0264966	0.124941	0.168004	0.111353	0.142652	0.20114	0.212197	
0.307149	0.0237987	0.14865	0.213958	0.0760443	0.129492	0.205564	0.249215	
0.0631331	0.00247871	0.0183472	0.060588	0.113829	0.058328	0.0331113	0.0191644	
0.217475	0.09301	0.0765111	0.181403	0.0344394	0.151317	0.168888	0.230684	
0.37783	0.0459979	0.138247	0.248619	0.064871	0.154543	0.213583	0.262835	
0.0410309	0.0422323	0.00471005	0.0304239	0.140564	0.113669	0.0747004	0.0548275	
0.421774	0.0140968	0.120466	0.285702	0.122605	0.215254	0.247046	0.247934	
0.344463	0.124492	0.131098	0.247129	0.0585031	0.201403	0.240537	0.249822	
0.511955	0.0482091	0.146412	0.306456	0.103243	0.229807	0.262062	0.261395	
0.16807	0.0786457	0.144748	0.338213	0.114202	0.291751	0.282737	0.244698	
0.49043	0.0631503	0.155342	0.343836	0.116743	0.263813	0.28187	0.261648	
0.180338	0.0960699	0.198722	0.275797	0.0707699	0.276551	0.287091	0.247165	
0.586794	0.0875481	0.181202	0.345204	0.10291	0.27201	0.284591	0.258223	
0.61398	0.0942245	0.175027	0.347464	0.108832	0.272938	0.293933	0.264514	
0.631531	0.0993362	0.184134	0.354389	0.108572	0.277851	0.294019	0.26048	
0.465786	0.168427	0.194289	0.357634	0.105732	0.292689	0.324991	0.265144	
0.62395	0.134529	0.194264	0.358828	0.110107	0.287336	0.309388	0.263417	
0.314049	0.0943528	0.221345	0.352256	0.102298	0.303306	0.293258	0.229747	
0.663429	0.137499	0.213799	0.372149	0.110826	0.295112	0.306582	0.254382	
0.682439	0.147543	0.2128	0.371549	0.111084	0.294992	0.311515	0.258969	
0.51427	0.200607	0.268418	0.403049	0.11696	0.320593	0.321423	0.239462	
0.66714	0.178522	0.238851	0.389309	0.113874	0.307564	0.317751	0.250931	
0.0146695	0.0175467	0.0395587	0.101768	0.0502883	0.0240554	0.18995	0.275278	
0.0880065	0.0228846	0.040298	0.264992	0.0602173	0.218477	0.320554	0.306956	
0.583664	0.187146	0.230274	0.385453	0.105072	0.298297	0.328547	0.270007	
0.712067	0.191753	0.240492	0.391904	0.111994	0.305359	0.322888	0.258612	
0.716919	0.199687	0.249021	0.396404	0.113166	0.309239	0.324533	0.256626	
0.699684	0.295444	0.318513	0.445847	0.115577	0.326188	0.349917	0.261075	
0.000644837	0.01833	0.0498543	0.0603658	0.0359884	0.0713826	0.0935929	0.0158184	
0.0852626	0.0684644	0.0355183	0.0753908	0.138054	0.326679	0.304083	0.142213	
0.215591	0.106393	0.193428	0.307154	0.132365	0.366541	0.359347	0.231723	
0.722898	0.305136	0.339113	0.44299	0.123941	0.339977	0.355035	0.256223	
0.754879	0.322631	0.342467	0.457031	0.122711	0.334643	0.356481	0.261643	
0.545113	0.325316	0.379505	0.436847	0.145778	0.362353	0.37331	0.255529	
0.734993	0.358983	0.381768	0.469942	0.13206	0.346982	0.364786	0.260631	
0.00219244	0.0545143	0.00717374	0.0218314	0.0849053	0.0837684	0.154866	0.192635	
0.10262	0.0412828	0.0142728	0.190016	0.104293	0.233226	0.352903	0.275397	
0.73263	0.373496	0.376548	0.480099	0.130429	0.331811	0.367043	0.270248	
0.76165	0.400332	0.414306	0.494532	0.137007	0.349321	0.369959	0.264414	
0.767476	0.414338	0.42203	0.502509	0.139224	0.345041	0.370975	0.266306	
0.754175	0.526848	0.515245	0.560502	0.168054	0.352502	0.382716	0.27032	
0.000765129	0.000682721	0.00463745	0.0393522	0.0236176	0.0240917	0.0917703	0.129842	
0.0612951	0.0133989	0.0577632	0.220086	0.0932482	0.227694	0.322611	0.258033	
0.712897	0.475603	0.453761	0.494516	0.142493	0.350156	0.391052	0.290169	
0.765137	0.543654	0.531809	0.557454	0.163306	0.352951	0.386301	0.276753	
0.766044	0.549038	0.543184	0.561621	0.165748	0.359579	0.388099	0.275453	
0.716466	0.552674	0.407262	0.473723	0.153373	0.320079	0.398086	0.30086	
0.767898	0.582127	0.554642	0.561586	0.170194	0.351257	0.39244	0.283845	
0.0108601	0.0683268	0.111578	0.020992	0.330571	0.200999	0.239219	0.0787846	
0.503437	0.154857	0.180708	0.276266	0.106472	0.417613	0.388372	0.243136	
0.766678	0.57496	0.571767	0.569051	0.172045	0.371515	0.395668	0.278966	
0.769954	0.596622	0.584828	0.572812	0.175226	0.363134	0.396219	0.284045	
0.75231	0.574951	0.617555	0.581546	0.186729	0.390425	0.406311	0.282985	
0.519051	0.239317	0.222555	0.278353	0.0899365	0.280345	0.37057	0.29464	
0.765556	0.63608	0.64277	0.58682	0.190924	0.373109	0.40774	0.295849	
0.771091	0.663957	0.658487	0.599251	0.195041	0.381789	0.409217	0.290793	
0.768297	0.673024	0.681308	0.602647	0.215863	0.39326	0.419282	0.293728	
0.00390392	0.00622505	0.0141907	0.0295264	0.0342432	0.00880456	0.0215641	0.0220732	
0.149511	0.00941211	0.0163567	0.0548926	0.0254907	0.272243	0.241083	0.170642	
0.744843	0.505336	0.579212	0.583398	0.192723	0.419519	0.410464	0.275764	
0.772959	0.701648	0.692199	0.613479	0.212384	0.402868	0.418654	0.289541	
0.774013	0.705727	0.696169	0.615611	0.214934	0.400322	0.419264	0.290901	
0.773675	0.716838	0.714596	0.631453	0.225754	0.421796	0.427119	0.288083	
0.0148804	0.0752037	0.000601293	0.0323399	0.025571	0.0778217	0.0167576	0.058833	
0.481358	0.178054	0.261705	0.355092	0.141631	0.249431	0.372909	0.303385	
0.775337	0.722165	0.708214	0.637626	0.232627	0.408209	0.428209	0.295664	
0.777365	0.726844	0.720986	0.63838	0.234213	0.420853	0.429517	0.291535	
0.778576	0.732123	0.723712	0.639957	0.235685	0.419147	0.430113	0.293216	
0.780576	0.741257	0.733942	0.654029	0.253653	0.430696	0.437637	0.294085	
0.0578894	0.0826571	0.00757498	0.0813395	0.049886	0.117321	0.175578	0.246229	
0.644673	0.368222	0.573186	0.588576	0.259226	0.400686	0.42728	0.307612	
0.780888	0.743261	0.736439	0.655499	0.256336	0.429085	0.438622	0.29715	
0.782629	0.749682	0.738448	0.65749	0.257907	0.433337	0.439806	0.29599	
0.783185	0.752346	0.739676	0.65902	0.259624	0.432967	0.440456	0.296926	
0.786158	0.761453	0.749849	0.672583	0.278416	0.442054	0.448304	0.301109	
0.00271009	0.00962221	0.092894	0.0417126	0.00237496	0.0334194	0.195393	0.231477	
0.534035	0.291044	0.476066	0.499289	0.234321	0.383819	0.425744	0.314589	
0.78693	0.762126	0.748568	0.676114	0.281853	0.437829	0.449198	0.304355	
0.789537	0.769418	0.753392	0.677548	0.28296	0.442739	0.45006	0.302592	
0.790234	0.771294	0.753876	0.679091	0.284676	0.442329	0.450463	0.303325	
0.793716	0.779528	0.762995	0.691587	0.300517	0.449418	0.455194	0.305122	
0.171735	0.0653201	0.122814	0.122735	0.0683814	0.191105	0.254962	0.270679	
0.748445	0.662659	0.725005	0.686346	0.312338	0.433696	0.457134	0.316586	
0.794877	0.78084	0.763564	0.694558	0.304034	0.447188	0.456215	0.307272	
0.795039	0.780589	0.766323	0.695978	0.305751	0.451771	0.456809	0.30557	
0.796314	0.784219	0.766399	0.698102	0.308817	0.449109	0.457545	0.307699	
0.796779	0.785448	0.768084	0.699212	0.310141	0.451371	0.457939	0.307029	
0.793936	0.763698	0.767792	0.710737	0.332855	0.449923	0.462436	0.31328	
0.452808	0.233013	0.425764	0.533069	0.233107	0.4918	0.4242	0.26865	
0.795586	0.768497	0.773775	0.711839	0.329677	0.46405	0.461985	0.306276	
0.801712	0.795947	0.778262	0.715295	0.334561	0.458419	0.463165	0.309985	
0.804148	0.799492	0.78145	0.722475	0.348248	0.460228	0.465149	0.312479	
0.0953616	0.104983	0.0674636	0.0466182	0.0322345	0.487515	0.314744	0.220711	
0.781832	0.647902	0.759555	0.714583	0.341239	0.480475	0.463327	0.30554	
0.804653	0.800553	0.783051	0.723909	0.348676	0.463688	0.465221	0.311477	
0.805159	0.80224	0.783434	0.72498	0.351147	0.462306	0.465672	0.312822	
0.789843	0.719125	0.7749	0.72764	0.360334	0.477783	0.466229	0.309978	
0.805815	0.800576	0.785557	0.727342	0.354367	0.466089	0.466058	0.312178	
0.487895	0.208827	0.424328	0.463804	0.218271	0.370507	0.416327	0.338885	
0.801951	0.785884	0.781847	0.728841	0.360143	0.459926	0.466791	0.316984	
0.806558	0.804338	0.786136	0.728767	0.356956	0.464083	0.466459	0.313872	
0.809738	0.80138	0.790033	0.73744	0.369795	0.472849	0.4675	0.314673	
0.134697	0.0327035	0.0632879	0.0615995	0.0232896	0.00134637	0.214911	0.253735	
0.688153	0.575953	0.610922	0.652772	0.313109	0.426224	0.459782	0.333391	
0.81011	0.809328	0.791493	0.740686	0.376378	0.468518	0.468814	0.31806	
0.81186	0.80967	0.793156	0.741984	0.378004	0.471772	0.468545	0.317428	
0.812401	0.807866	0.786118	0.754136	0.404072	0.472982	0.472025	0.322474	
0.0104963	0.00850663	0.07158	0.00842606	0.053292	0.0897775	0.0242045	0.0129095	
0.0913775	0.203674	0.0644613	0.0148187	0.0657934	0.274865	0.211307	0.174841	
0.779369	0.783157	0.687515	0.716008	0.346175	0.496672	0.460516	0.312704	
0.816847	0.812842	0.797562	0.756952	0.406324	0.482072	0.471031	0.320719	
0.81782	0.813237	0.801952	0.764291	0.422672	0.488865	0.472647	0.322201	
0.409932	0.232047	0.198173	0.38543	0.145818	0.45973	0.391106	0.335706	
0.818	0.795246	0.792865	0.765897	0.431012	0.495184	0.469869	0.325538	
0.819622	0.814218	0.801628	0.766835	0.427791	0.491638	0.471757	0.323586	
0.626418	0.577276	0.569022	0.666434	0.341426	0.451359	0.451037	0.299446	
0.818903	0.815902	0.803696	0.769849	0.432714	0.491014	0.47388	0.322874	
0.82105	0.815435	0.80323	0.770787	0.436045	0.496957	0.472276	0.324375	
0.821161	0.817236	0.805554	0.773432	0.44028	0.495183	0.47421	0.32419	
0.808682	0.800283	0.757522	0.762734	0.441217	0.519508	0.465262	0.326825	
0.822932	0.816543	0.803747	0.775584	0.447556	0.50374	0.472782	0.325394	
0.0934487	0.215379	0.0411235	0.155014	0.050997	0.168053	0.25793	0.213693	
0.811698	0.815833	0.781116	0.774249	0.446803	0.48938	0.477655	0.326027	
0.822849	0.8184	0.807703	0.779386	0.453791	0.500664	0.475096	0.325951	
0.822119	0.813887	0.801191	0.780821	0.468128	0.522631	0.476407	0.325545	
0.573452	0.556334	0.395943	0.513941	0.218967	0.39214	0.433908	0.344208	
0.823606	0.820951	0.809399	0.791106	0.483889	0.513588	0.477422	0.331829	
0.826519	0.822473	0.813351	0.792089	0.486128	0.51852	0.47737	0.3301	
0.826977	0.82114	0.809533	0.796041	0.499565	0.520118	0.478027	0.33467	
0.749554	0.710596	0.636614	0.691486	0.331778	0.541749	0.464831	0.312535	
0.828259	0.823762	0.816222	0.798268	0.501007	0.527774	0.478085	0.332124	
0.829061	0.823987	0.816221	0.79886	0.503948	0.527117	0.478191	0.333262	
0.830544	0.824806	0.818451	0.801967	0.515939	0.536641	0.479201	0.335223	
0.306984	0.200328	0.156253	0.185314	0.0995331	0.215762	0.345934	0.325397	
0.824505	0.80991	0.784644	0.792664	0.497611	0.524652	0.480982	0.341192	
0.830891	0.825021	0.818294	0.80354	0.520499	0.535436	0.479919	0.336507	
0.761	0.766319	0.665342	0.758308	0.366745	0.555731	0.472433	0.32067	
0.831266	0.825372	0.819818	0.804667	0.521032	0.539859	0.47988	0.335172	
0.831591	0.825071	0.819188	0.80507	0.52638	0.538599	0.480437	0.337386	
0.832138	0.82575	0.820918	0.806113	0.526861	0.541922	0.480572	0.336022	
0.799597	0.799568	0.799462	0.800975	0.529133	0.543589	0.481873	0.343983	
0.832096	0.824943	0.820441	0.806876	0.533059	0.542831	0.481115	0.338054	
0.33437	0.396333	0.455787	0.642982	0.26784	0.551177	0.446892	0.282474	
0.823841	0.820534	0.820593	0.808094	0.530631	0.549649	0.481782	0.334264	
0.833158	0.826312	0.82211	0.807983	0.534084	0.545521	0.481484	0.336736	
0.831126	0.824327	0.823542	0.811824	0.549615	0.556071	0.482886	0.338396	
0.0462652	0.0185918	0.0686049	0.0984571	0.147545	0.227876	0.246454	0.132954	
0.673809	0.596282	0.777617	0.774706	0.534413	0.557342	0.481216	0.324493	
0.835394	0.827518	0.825493	0.812695	0.551929	0.557538	0.484653	0.337292	
0.835808	0.82837	0.825916	0.813104	0.553378	0.55863	0.484551	0.337925	
0.832938	0.820966	0.825502	0.815143	0.567671	0.568879	0.488563	0.337418	
0.621857	0.476829	0.716778	0.62892	0.453553	0.550336	0.421091	0.334979	
0.836303	0.827347	0.828636	0.816594	0.569763	0.570429	0.487214	0.339871	
0.83786	0.82905	0.828679	0.817804	0.571303	0.571136	0.488095	0.339388	
0.839689	0.829843	0.829658	0.819961	0.582197	0.577407	0.489579	0.340928	
0.396707	0.389982	0.618085	0.554707	0.444723	0.601521	0.415874	0.31418	
0.834818	0.822885	0.829431	0.820225	0.590046	0.586601	0.488582	0.342236	
0.762279	0.705677	0.766217	0.767207	0.553516	0.572303	0.482077	0.335057	
0.840554	0.830066	0.831416	0.823242	0.594322	0.58614	0.491072	0.342221	
0.837291	0.832772	0.830834	0.823822	0.603303	0.591305	0.492028	0.34448	
0.801088	0.80508	0.771577	0.781136	0.493547	0.572593	0.493574	0.348384	
0.84167	0.831258	0.832421	0.825678	0.606845	0.592155	0.49278	0.345328	
0.842487	0.831808	0.833235	0.826931	0.607797	0.594399	0.492376	0.344613	
0.840204	0.820527	0.813248	0.818055	0.58882	0.592276	0.496106	0.349493	
0.843397	0.831057	0.833046	0.827074	0.610679	0.595021	0.493331	0.345757	
0.74272	0.716958	0.457888	0.705607	0.274354	0.575548	0.471615	0.322627	
0.842275	0.832037	0.832363	0.828805	0.607175	0.599297	0.492536	0.343975	
0.843207	0.832014	0.834122	0.828322	0.611399	0.597135	0.493032	0.344995	
0.843056	0.827725	0.833438	0.829878	0.619644	0.599838	0.496132	0.349098	
0.76767	0.680604	0.708365	0.797019	0.472705	0.607228	0.485439	0.331823	
0.843711	0.832742	0.837095	0.831912	0.623222	0.603933	0.495659	0.347153	
0.844049	0.832731	0.837307	0.83219	0.624389	0.604158	0.495851	0.347776	
0.844195	0.832271	0.838749	0.835362	0.63056	0.610637	0.497693	0.349105	
0.172113	0.0735319	0.101883	0.136216	0.0839534	0.199706	0.289217	0.275607	
0.811536	0.656778	0.785624	0.81048	0.572935	0.589412	0.493383	0.361397	
0.844592	0.832402	0.839699	0.835446	0.633721	0.609741	0.498054	0.350961	
0.844718	0.833321	0.839926	0.835726	0.634372	0.610645	0.498299	0.350695	
0.844055	0.82563	0.840456	0.837059	0.640997	0.614015	0.499775	0.354934	
0.782708	0.594665	0.785766	0.80665	0.582741	0.616083	0.487905	0.337578	
0.845273	0.833898	0.842294	0.838224	0.64266	0.61633	0.500289	0.35344	
0.845392	0.834152	0.842515	0.83858	0.643401	0.616649	0.500386	0.353828	
0.84594	0.834855	0.844051	0.84048	0.649379	0.620854	0.502209	0.355978	
0.376634	0.501296	0.603983	0.570003	0.483969	0.584812	0.391376	0.331796	
0.840235	0.831139	0.844035	0.839795	0.652357	0.626707	0.500575	0.357764	
0.845332	0.834715	0.845087	0.841079	0.651279	0.623664	0.501831	0.356868	
0.3073	0.288621	0.460868	0.528549	0.393555	0.527156	0.396862	0.302989	
0.841093	0.829118	0.841527	0.838373	0.653372	0.623151	0.504043	0.357831	
0.846543	0.835133	0.845077	0.841291	0.652922	0.623753	0.502983	0.35735	
0.843385	0.831838	0.843916	0.841915	0.650846	0.6313	0.502966	0.358709	
0.846381	0.835384	0.845553	0.842891	0.654925	0.627435	0.503159	0.358052	
0.371901	0.261461	0.296894	0.307759	0.12459	0.387763	0.432895	0.312981	
0.843098	0.826513	0.834671	0.831124	0.635955	0.623976	0.506462	0.362597	
0.847218	0.835853	0.846025	0.842776	0.658239	0.627326	0.504237	0.359286	
0.84526	0.82939	0.8377	0.843887	0.653784	0.634089	0.505505	0.360168	
0.847098	0.835867	0.84583	0.844053	0.659874	0.630234	0.504825	0.359658	
0.508271	0.314117	0.470516	0.65823	0.308466	0.481541	0.459628	0.365697	
0.8435	0.823341	0.842571	0.843519	0.657781	0.627177	0.505108	0.363681	
0.847538	0.836171	0.846763	0.844392	0.661906	0.629728	0.505034	0.36084	
0.830215	0.830317	0.847149	0.845457	0.666077	0.634944	0.506259	0.361901	
0.846775	0.836553	0.84729	0.84502	0.663666	0.631574	0.505482	0.361246	
0.454147	0.573234	0.688477	0.792506	0.569686	0.611805	0.496223	0.361431	
0.844043	0.834284	0.846705	0.84586	0.665353	0.631863	0.505982	0.362948	
0.848434	0.836779	0.847501	0.845564	0.664788	0.631765	0.505742	0.362043	
0.845073	0.83701	0.846048	0.84792	0.665817	0.640457	0.506271	0.362324	
0.737413	0.747511	0.712896	0.803707	0.557658	0.597985	0.505555	0.370077	
0.850539	0.837154	0.849859	0.848849	0.672931	0.639272	0.507569	0.364412	
0.850582	0.83787	0.850147	0.849128	0.67354	0.639969	0.5077	0.364353	
0.848785	0.838777	0.851587	0.8506	0.67948	0.644825	0.509464	0.366092	
0.103167	0.217663	0.295172	0.428117	0.177425	0.505018	0.409498	0.239626	
0.788363	0.827118	0.832269	0.845676	0.660112	0.650531	0.509317	0.362021	
0.851612	0.839489	0.851943	0.850892	0.679822	0.646363	0.509658	0.365596	
0.851402	0.821581	0.827128	0.844784	0.667832	0.647721	0.515079	0.369475	
0.852217	0.839031	0.851912	0.851087	0.681769	0.647561	0.511044	0.366552	
0.728458	0.620205	0.433695	0.697939	0.386706	0.593689	0.484522	0.346324	
0.85075	0.839825	0.850356	0.850939	0.681435	0.650542	0.51033	0.365787	
0.851961	0.840304	0.853255	0.85162	0.683657	0.649287	0.510812	0.366261	
0.8528	0.841425	0.855354	0.853061	0.689428	0.65593	0.515234	0.36794	
0.124196	0.150956	0.0152032	0.0289091	0.0553217	0.403809	0.263576	0.189888	
0.821819	0.813123	0.757078	0.794409	0.534829	0.646484	0.503829	0.361865	
0.853044	0.842351	0.856284	0.854265	0.69265	0.658939	0.51508	0.367883	
0.848508	0.83715	0.847628	0.848817	0.689486	0.659394	0.519875	0.372647	
0.853487	0.842037	0.856224	0.854206	0.69453	0.6599	0.516833	0.369485	
0.534079	0.593265	0.468271	0.569162	0.362342	0.588948	0.427469	0.335069	
0.851724	0.840804	0.852867	0.854237	0.693532	0.665037	0.514408	0.370116	
0.853829	0.842291	0.856576	0.855361	0.695884	0.662371	0.516081	0.369829	
0.852226	0.840875	0.854503	0.853888	0.698368	0.666175	0.523125	0.37363	
0.73737	0.787061	0.759879	0.782953	0.636203	0.658502	0.48966	0.368204	
0.855916	0.843226	0.858541	0.857159	0.702003	0.670145	0.521239	0.374503	
0.85385	0.834118	0.857965	0.85759	0.699201	0.676098	0.523779	0.377067	
0.85691	0.841097	0.858801	0.85873	0.703866	0.672834	0.522518	0.375652	
0.290713	0.142235	0.388841	0.261891	0.112454	0.582124	0.305498	0.302965	
0.822258	0.812963	0.857592	0.844132	0.673512	0.672234	0.521404	0.375765	
0.857434	0.84277	0.859772	0.858988	0.704987	0.672988	0.522918	0.375912	
0.843679	0.83648	0.856584	0.856934	0.711011	0.674729	0.527561	0.378754	
0.85698	0.843271	0.859337	0.858743	0.707337	0.673782	0.524953	0.376972	
0.388076	0.459614	0.64732	0.740646	0.606464	0.648267	0.45977	0.361633	
0.85228	0.838017	0.859366	0.860908	0.708334	0.67537	0.523875	0.378084	
0.858379	0.843684	0.859986	0.859977	0.708018	0.674477	0.524777	0.377484	
0.845813	0.84331	0.860314	0.860473	0.712704	0.677889	0.53105	0.378971	
0.601926	0.717802	0.738436	0.836922	0.630158	0.66051	0.520312	0.384311	
0.860652	0.845741	0.861997	0.862173	0.715934	0.678713	0.5306	0.380665	
0.855485	0.841605	0.850673	0.855951	0.70568	0.686532	0.527874	0.381815	
0.861589	0.846184	0.862052	0.862709	0.71661	0.681481	0.53023	0.380989	
0.812604	0.779604	0.680281	0.737679	0.451845	0.579166	0.52979	0.381271	
0.862188	0.846306	0.861216	0.862354	0.716056	0.68095	0.5317	0.381863	
0.862005	0.846794	0.862757	0.863055	0.718621	0.683283	0.531416	0.381584	
0.862465	0.846953	0.863146	0.863375	0.719846	0.683384	0.531795	0.382009	
0.863487	0.847629	0.864428	0.864494	0.724371	0.688446	0.533935	0.383597	
0.739429	0.678863	0.562249	0.605145	0.390469	0.511429	0.519623	0.381952	
0.863271	0.846917	0.862495	0.862333	0.720679	0.688557	0.537761	0.385835	
0.863752	0.847979	0.865047	0.864427	0.725168	0.689081	0.535638	0.384578	
0.631356	0.514495	0.305479	0.500785	0.271676	0.58198	0.490223	0.348893	
0.860533	0.84546	0.856751	0.860106	0.716341	0.69014	0.535058	0.384083	
0.863765	0.848316	0.86556	0.864777	0.726856	0.69022	0.535645	0.384544	
0.864294	0.84786	0.865174	0.865976	0.730112	0.69345	0.538039	0.387771	
0.187548	0.321057	0.115128	0.0927429	0.0479589	0.545667	0.362413	0.260963	
0.822624	0.840194	0.83939	0.842222	0.653141	0.693586	0.540496	0.385312	
0.864723	0.848657	0.86664	0.866253	0.731897	0.694815	0.538882	0.387764	
0.866222	0.848245	0.867008	0.868734	0.734179	0.69671	0.542391	0.390514	
0.0490968	0.0725319	0.0899449	0.0803289	0.0328346	0.265132	0.0562558	0.117505	
0.794331	0.783794	0.823493	0.822522	0.628967	0.699902	0.508805	0.385131	
0.866672	0.848761	0.867558	0.869715	0.735722	0.699119	0.541645	0.390987	
0.865352	0.842871	0.863052	0.867433	0.736028	0.701354	0.546122	0.391795	
0.86756	0.848953	0.86692	0.869553	0.73659	0.700239	0.543687	0.391484	
0.661736	0.564497	0.801222	0.769362	0.661638	0.659761	0.457846	0.377401	
0.866532	0.847959	0.868232	0.870597	0.736955	0.702177	0.542165	0.392727	
0.868132	0.848958	0.867253	0.870853	0.73806	0.702927	0.544761	0.392105	
0.868413	0.849963	0.868147	0.871061	0.738408	0.703114	0.544516	0.393033	
0.859472	0.842334	0.865307	0.871184	0.738171	0.709319	0.547004	0.393095	
0.868357	0.849688	0.867676	0.871547	0.739667	0.705242	0.545525	0.393164	
0.538679	0.43868	0.672126	0.698326	0.510098	0.555369	0.491728	0.399218	
0.865638	0.84424	0.86749	0.870908	0.738396	0.702971	0.546121	0.395615	
0.869174	0.850153	0.868446	0.871841	0.740299	0.704784	0.545932	0.393993	
0.855978	0.840112	0.863491	0.869009	0.740297	0.70809	0.548661	0.395207	
0.868555	0.850765	0.86902	0.871702	0.741581	0.705901	0.546895	0.394343	
0.463464	0.588286	0.535082	0.781859	0.50814	0.61074	0.539068	0.395185	
0.865605	0.847706	0.865745	0.872611	0.740455	0.705075	0.548713	0.396124	
0.869748	0.850895	0.869135	0.872272	0.742133	0.705822	0.547589	0.394994	
0.865999	0.851347	0.872149	0.872348	0.746736	0.707454	0.550345	0.398007	
0.0512347	0.19485	0.122991	0.356146	0.159891	0.265237	0.352593	0.321003	
0.718373	0.824615	0.789515	0.861602	0.710107	0.695184	0.556505	0.402481	
0.870722	0.850954	0.871804	0.873149	0.746827	0.707416	0.55161	0.398933	
0.870224	0.847088	0.864778	0.873511	0.747018	0.71173	0.551941	0.401171	
0.870972	0.851295	0.870805	0.873751	0.748059	0.709428	0.551911	0.399881	
0.678141	0.609366	0.543612	0.748236	0.529258	0.599884	0.541339	0.387833	
0.870304	0.848632	0.868768	0.874303	0.746517	0.707937	0.555025	0.401523	
0.871524	0.851371	0.871302	0.874371	0.748403	0.709111	0.553254	0.400612	
0.866613	0.851213	0.868148	0.86976	0.750378	0.711408	0.55312	0.404462	
0.871413	0.852244	0.871488	0.873545	0.750645	0.710521	0.553546	0.402378	
0.577026	0.623801	0.504884	0.652464	0.402685	0.53147	0.499147	0.351031	
0.872049	0.848818	0.867106	0.87518	0.746094	0.71017	0.556798	0.403273	
0.872907	0.851961	0.871347	0.875066	0.750904	0.710966	0.555023	0.402897	
0.87236	0.847859	0.863007	0.867991	0.74337	0.712312	0.555021	0.407116	
0.873445	0.851745	0.871156	0.875395	0.752836	0.712629	0.555527	0.404489	
0.707771	0.727312	0.567265	0.594254	0.291057	0.47199	0.473926	0.361327	
0.874827	0.851826	0.8687	0.872867	0.746161	0.709175	0.558252	0.405666	
0.874404	0.852259	0.87167	0.876041	0.753763	0.712176	0.556786	0.405046	
0.863638	0.837532	0.862807	0.874832	0.736046	0.722025	0.551397	0.406224	
0.874539	0.851912	0.871307	0.877538	0.753671	0.714474	0.556669	0.405612	
0.706229	0.649487	0.808338	0.79705	0.660843	0.678353	0.531394	0.386633	
0.873394	0.850502	0.871619	0.876317	0.753866	0.712815	0.559821	0.407015	
0.874817	0.852126	0.871661	0.877311	0.754225	0.71382	0.558318	0.406385	
0.866949	0.848974	0.869653	0.877793	0.752238	0.715664	0.559141	0.408251	
0.87524	0.852649	0.871533	0.878308	0.754134	0.71467	0.558949	0.407294	
0.601591	0.693725	0.750674	0.773436	0.678893	0.692545	0.546727	0.39082	
0.873066	0.850667	0.870584	0.877535	0.75434	0.715845	0.561614	0.409405	
0.876075	0.852776	0.870637	0.878833	0.755677	0.714696	0.561321	0.4098	
0.876607	0.852954	0.871643	0.879037	0.755878	0.716081	0.561525	0.410078	
0.877725	0.852533	0.864854	0.878428	0.756312	0.714639	0.566017	0.416067	
0.846897	0.810466	0.685451	0.821188	0.65506	0.700052	0.554047	0.399192	
0.878262	0.853149	0.871244	0.880275	0.758954	0.71801	0.565417	0.414973	
0.878574	0.853389	0.871321	0.88027	0.759267	0.717818	0.565529	0.415591	
0.879277	0.853391	0.871305	0.880457	0.760797	0.718948	0.567345	0.418467	
0.250233	0.419489	0.168869	0.278178	0.209277	0.26711	0.431715	0.295733	
0.872446	0.842734	0.824168	0.860047	0.726394	0.699657	0.569904	0.42433	
0.879593	0.853848	0.871823	0.880957	0.761525	0.718128	0.567908	0.419517	
0.877541	0.852914	0.870106	0.880193	0.763316	0.721353	0.567822	0.422775	
0.842629	0.826926	0.810746	0.855931	0.717182	0.694226	0.574129	0.421271	
0.880738	0.854449	0.872839	0.881591	0.764696	0.71931	0.570265	0.424042	
0.879818	0.853418	0.874155	0.880206	0.766025	0.717158	0.571893	0.428226	
0.829205	0.83134	0.848282	0.866148	0.73356	0.721757	0.567101	0.418968	
0.881645	0.854803	0.874857	0.882085	0.767177	0.718722	0.572078	0.427902	
0.868452	0.853175	0.871514	0.881198	0.768523	0.720845	0.572541	0.430225	
0.881555	0.854849	0.874383	0.882331	0.768287	0.719664	0.572638	0.428659	
0.780537	0.779794	0.843875	0.854915	0.731084	0.687854	0.544291	0.424005	
0.881656	0.855285	0.87514	0.882957	0.768478	0.719054	0.57282	0.429051	
0.881656	0.854797	0.875137	0.882048	0.769471	0.719908	0.573804	0.429828	
0.882556	0.855689	0.875347	0.882955	0.769716	0.719779	0.57372	0.430097	
0.881893	0.854478	0.875952	0.882537	0.771743	0.721413	0.57646	0.432165	
0.767827	0.76517	0.844943	0.859823	0.719314	0.705423	0.553375	0.428531	
0.883733	0.856821	0.876192	0.883975	0.773139	0.721129	0.57615	0.432928	
0.882914	0.857629	0.87707	0.883092	0.775115	0.720997	0.57935	0.435399	
0.0320165	0.168445	0.107745	0.158058	0.0685854	0.390575	0.281772	0.22297	
0.739959	0.8119	0.801029	0.8627	0.745326	0.719661	0.56784	0.437592	
0.885146	0.857545	0.87733	0.88456	0.775903	0.721582	0.578647	0.436056	
0.880675	0.857697	0.876093	0.882504	0.768168	0.725916	0.581354	0.436275	
0.88489	0.858393	0.877623	0.884238	0.775816	0.723399	0.579809	0.436245	
0.675245	0.746798	0.645016	0.809113	0.440648	0.616886	0.557911	0.443737	
0.884918	0.857649	0.876262	0.884555	0.772805	0.720732	0.580218	0.438859	
0.885534	0.858555	0.877783	0.884614	0.776613	0.722676	0.58002	0.437186	
0.885445	0.858514	0.873839	0.882818	0.770769	0.725509	0.580307	0.439015	
0.885786	0.858743	0.877967	0.884459	0.77707	0.723937	0.580209	0.437819	
0.729917	0.791403	0.584415	0.780597	0.49919	0.629641	0.572778	0.43465	
0.885804	0.858854	0.876097	0.884583	0.775446	0.721556	0.581855	0.439434	
0.886153	0.859031	0.87831	0.884812	0.777781	0.723207	0.580908	0.43849	
0.882182	0.857916	0.875725	0.882652	0.780905	0.72389	0.580704	0.441318	
0.88564	0.859394	0.878878	0.884633	0.779943	0.723658	0.580904	0.439738	
0.441192	0.541158	0.473136	0.610552	0.422217	0.581782	0.521969	0.39661	
0.884089	0.853459	0.873906	0.885188	0.773968	0.72196	0.582087	0.44145	
0.886497	0.85958	0.879291	0.885635	0.779656	0.72348	0.581454	0.440354	
0.883795	0.855713	0.878106	0.884725	0.782508	0.724956	0.583018	0.442863	
0.886163	0.859403	0.879272	0.885506	0.781528	0.724253	0.582307	0.441569	
0.5443	0.561374	0.643291	0.676518	0.460201	0.619088	0.5168	0.399468	
0.882771	0.856022	0.877838	0.885429	0.77642	0.724093	0.582864	0.443044	
0.886921	0.860325	0.879646	0.886085	0.781163	0.724535	0.582634	0.442136	
0.885703	0.859299	0.877517	0.885312	0.784353	0.725671	0.583261	0.44413	
0.849311	0.825247	0.78497	0.857346	0.66547	0.704046	0.586144	0.444148	
0.888476	0.861303	0.88077	0.886048	0.784223	0.726043	0.584982	0.445317	
0.880984	0.8594	0.876061	0.881546	0.769262	0.728354	0.586289	0.444709	
0.888587	0.861419	0.880896	0.886054	0.784613	0.726847	0.585453	0.445378	
0.884468	0.858264	0.859452	0.87486	0.74421	0.721931	0.59017	0.448575	
0.889155	0.861726	0.880947	0.885828	0.784547	0.726845	0.586301	0.445929	
0.870565	0.849215	0.840163	0.871366	0.737369	0.725962	0.583098	0.44231	
0.889024	0.861871	0.881211	0.885892	0.785536	0.727723	0.586384	0.445865	
0.889657	0.861981	0.881	0.885637	0.785297	0.727848	0.587546	0.446394	
0.889497	0.862196	0.881488	0.885941	0.786079	0.728217	0.587195	0.446535	
0.886632	0.857413	0.864925	0.880745	0.779408	0.727444	0.593569	0.449205	
0.889945	0.862313	0.881078	0.885665	0.786252	0.728419	0.588567	0.447178	
0.80558	0.76547	0.640814	0.829872	0.649813	0.707633	0.568445	0.434252	
0.88927	0.862214	0.880465	0.885643	0.7863	0.729966	0.587648	0.447164	
0.889933	0.862597	0.88171	0.885848	0.786818	0.729192	0.588228	0.447209	
0.890402	0.862997	0.879415	0.884984	0.787376	0.730655	0.591641	0.450476	
0.849771	0.832359	0.772983	0.84866	0.65998	0.716785	0.58195	0.441504	
0.890825	0.863487	0.88159	0.886008	0.789063	0.732404	0.59131	0.45013	
0.890649	0.863675	0.881075	0.886663	0.791824	0.733689	0.591765	0.453415	
0.244947	0.116203	0.280843	0.460625	0.491206	0.549353	0.468654	0.353728	
0.878048	0.848143	0.868709	0.876109	0.790618	0.731491	0.596542	0.45244	
0.891003	0.864174	0.881727	0.886021	0.792668	0.733681	0.593109	0.453485	
0.886375	0.863234	0.878236	0.884949	0.775632	0.742335	0.592129	0.453886	
0.890912	0.864897	0.881597	0.886414	0.792054	0.736332	0.593316	0.453731	
0.655036	0.723476	0.511376	0.717329	0.328497	0.519567	0.566032	0.447946	
0.889912	0.86378	0.877107	0.883737	0.786117	0.731932	0.595761	0.457007	
0.891237	0.864975	0.881596	0.8862	0.79342	0.735611	0.594077	0.454655	
0.890787	0.86325	0.87948	0.884343	0.792533	0.736868	0.59578	0.45646	
0.891432	0.865089	0.881616	0.885797	0.794041	0.736392	0.594891	0.455453	
0.671285	0.677431	0.489421	0.764569	0.479154	0.582788	0.552803	0.432525	
0.889849	0.864119	0.876959	0.885149	0.78915	0.736285	0.595766	0.457013	
0.891656	0.865607	0.881524	0.885944	0.794237	0.736764	0.595247	0.456032	
0.890211	0.865278	0.880306	0.886277	0.794321	0.737718	0.595362	0.456122	
0.891975	0.866357	0.881775	0.886188	0.794789	0.737252	0.59532	0.456113	
0.66683	0.63242	0.642983	0.794653	0.583747	0.685841	0.563779	0.453877	
0.890803	0.863953	0.878593	0.88614	0.791991	0.738016	0.59645	0.45813	
0.89253	0.866645	0.88145	0.886398	0.794801	0.737636	0.595786	0.456874	
0.891342	0.866493	0.880478	0.884557	0.797163	0.737233	0.595851	0.458314	
0.892449	0.867078	0.881826	0.886085	0.796759	0.737787	0.596059	0.45761	
0.629367	0.64675	0.520802	0.628065	0.480654	0.582425	0.483625	0.402781	
0.8915	0.864312	0.876286	0.884513	0.791356	0.737608	0.597038	0.459106	
0.892987	0.867597	0.881564	0.886496	0.796831	0.738102	0.596759	0.458179	
0.891209	0.8636	0.883027	0.886659	0.796814	0.739889	0.600102	0.457825	
0.829572	0.794841	0.849074	0.864898	0.763431	0.735955	0.579237	0.459932	
0.89442	0.867915	0.882372	0.887431	0.79814	0.740084	0.600717	0.459793	
0.893569	0.868302	0.879141	0.886345	0.799835	0.739672	0.601543	0.464041	
0.873732	0.837655	0.876643	0.88184	0.772986	0.740469	0.601187	0.453988	
0.894587	0.868955	0.88126	0.887231	0.800533	0.740192	0.60262	0.46276	
0.896195	0.866736	0.882956	0.888295	0.796335	0.739344	0.605234	0.464227	
0.884492	0.86384	0.868534	0.882246	0.777656	0.741941	0.60187	0.459901	
0.896021	0.868344	0.882336	0.888681	0.799936	0.74084	0.604896	0.4635	
0.890563	0.869554	0.870596	0.883646	0.798185	0.737076	0.605609	0.468807	
0.896274	0.869247	0.881779	0.888206	0.800864	0.740264	0.605146	0.464814	
0.895448	0.869483	0.881632	0.888404	0.800602	0.741331	0.604845	0.464333	
0.896169	0.869391	0.881965	0.888395	0.801462	0.740756	0.605032	0.464623	
0.896669	0.87015	0.881428	0.888292	0.801687	0.74017	0.606768	0.466957	
0.0553726	0.413229	0.102643	0.200922	0.0798457	0.491419	0.358927	0.28674	
0.849843	0.860873	0.834018	0.865058	0.730682	0.739664	0.59933	0.460869	
0.896971	0.870409	0.882121	0.888527	0.802894	0.740911	0.606414	0.466718	
0.897089	0.870243	0.883235	0.888545	0.804203	0.741435	0.607304	0.468044	
0.133982	0.629902	0.630227	0.585285	0.48914	0.687821	0.502042	0.378904	
0.856944	0.870544	0.8797	0.886775	0.801309	0.742046	0.605399	0.467756	
0.89795	0.870824	0.883207	0.888841	0.804252	0.741657	0.60721	0.468254	
0.897909	0.869956	0.883199	0.887899	0.804768	0.741614	0.609344	0.469178	
0.862799	0.781822	0.865438	0.866884	0.772968	0.74512	0.588166	0.46534	
0.898998	0.872182	0.883552	0.888863	0.805555	0.742713	0.608955	0.469557	
0.899311	0.871545	0.8833	0.889709	0.806224	0.742599	0.609043	0.47158	
0.889754	0.868882	0.878355	0.882489	0.797587	0.738351	0.61192	0.470919	
0.900092	0.872105	0.883777	0.889594	0.806887	0.742243	0.610003	0.471755	
0.894067	0.86824	0.871617	0.886036	0.797879	0.744878	0.612129	0.469721	
0.900033	0.872425	0.884074	0.88954	0.807191	0.742789	0.610371	0.471487	
0.839174	0.853286	0.804514	0.870032	0.724252	0.724884	0.61128	0.472301	
0.900336	0.872495	0.883674	0.889715	0.806671	0.742406	0.611142	0.472141	
0.900414	0.872655	0.884108	0.889713	0.807429	0.743033	0.611041	0.472084	
0.900671	0.872757	0.884174	0.889851	0.807557	0.742929	0.6113	0.472329	
0.901601	0.873336	0.884197	0.889891	0.80819	0.743662	0.61289	0.473772	
0.601583	0.566988	0.354146	0.65253	0.342959	0.49831	0.514941	0.404426	
0.898787	0.8668	0.874532	0.885395	0.784639	0.738673	0.613852	0.475184	
0.901821	0.873379	0.884425	0.89	0.808291	0.743472	0.613225	0.474099	
0.902563	0.873008	0.883799	0.890455	0.806903	0.743712	0.6134	0.476166	
0.894033	0.853038	0.855265	0.869973	0.737725	0.727837	0.61356	0.473502	
0.903193	0.873895	0.884799	0.890754	0.809462	0.743556	0.614665	0.476523	
0.903218	0.873824	0.885786	0.890473	0.810697	0.743583	0.616032	0.477535	
0.524732	0.594936	0.402384	0.517471	0.405963	0.680265	0.560926	0.436894	
0.900333	0.871504	0.877661	0.889083	0.806311	0.745091	0.615425	0.479345	
0.903894	0.874044	0.88515	0.891204	0.810771	0.744109	0.616015	0.478098	
0.898802	0.864055	0.880642	0.888071	0.805626	0.743335	0.615669	0.481432	
0.903883	0.874	0.885498	0.891279	0.810988	0.744118	0.616457	0.479032	
0.706642	0.594402	0.755181	0.765979	0.563387	0.729859	0.520151	0.438388	
0.90278	0.871119	0.884922	0.890242	0.810117	0.744707	0.616182	0.479272	
0.904201	0.874148	0.885647	0.891298	0.811358	0.744336	0.616636	0.47924	
0.90391	0.873448	0.884819	0.891201	0.812454	0.74561	0.617657	0.480743	
0.879865	0.820558	0.86609	0.876651	0.791168	0.737238	0.59985	0.476443	
0.904693	0.874721	0.88599	0.891874	0.812421	0.745623	0.618296	0.481938	
0.902492	0.873662	0.87647	0.889314	0.801848	0.748791	0.618775	0.480308	
0.904851	0.874723	0.886101	0.892117	0.812361	0.746269	0.618398	0.481721	
0.894044	0.863322	0.831169	0.871807	0.754791	0.730951	0.61821	0.488848	
0.904913	0.874668	0.886262	0.891931	0.812413	0.745686	0.618687	0.48259	
0.904991	0.874782	0.886308	0.892306	0.812566	0.746684	0.618691	0.481998	
0.905056	0.874811	0.88653	0.892263	0.81285	0.74641	0.618796	0.482424	
0.90529	0.874934	0.88691	0.892881	0.813217	0.747965	0.619596	0.482788	
0.46646	0.515835	0.196495	0.58878	0.254467	0.419685	0.523582	0.453626	
0.895051	0.865507	0.857607	0.886376	0.769312	0.739135	0.619867	0.489291	
0.905471	0.874987	0.887012	0.892816	0.813728	0.747567	0.619808	0.483524	
0.905514	0.875074	0.887055	0.892873	0.813814	0.747769	0.619873	0.483542	
0.905946	0.87555	0.886847	0.892885	0.814323	0.748015	0.621031	0.48579	
0.515697	0.520389	0.394466	0.57579	0.0977474	0.672394	0.548154	0.413051	
0.899523	0.87174	0.876579	0.889357	0.77413	0.749506	0.619891	0.482481	
0.906037	0.875625	0.887517	0.89299	0.814552	0.748488	0.621031	0.485486	
0.906436	0.876031	0.888169	0.892817	0.814786	0.749049	0.622407	0.487407	
0.713343	0.377411	0.592416	0.689345	0.191724	0.688194	0.467753	0.391156	
0.904449	0.867277	0.884005	0.891768	0.791146	0.750301	0.621054	0.485896	
0.906444	0.876381	0.888206	0.893047	0.815196	0.749535	0.622611	0.487336	
0.904388	0.874395	0.885184	0.89232	0.814569	0.750037	0.623768	0.490106	
0.906482	0.876532	0.888014	0.893005	0.815354	0.749754	0.623117	0.488325	
0.550335	0.669644	0.716117	0.814723	0.624509	0.733913	0.562664	0.442077	
0.90162	0.875061	0.887183	0.89288	0.813805	0.750071	0.623324	0.488101	
0.906622	0.876785	0.888281	0.893202	0.815518	0.749903	0.623342	0.488374	
0.903107	0.877661	0.88959	0.892384	0.81445	0.75097	0.624997	0.489546	
0.847537	0.874861	0.884751	0.889239	0.80122	0.748547	0.622233	0.49015	
0.906981	0.877559	0.889584	0.893147	0.815687	0.750613	0.625084	0.490138	
0.907014	0.877639	0.889622	0.893886	0.814871	0.751552	0.626306	0.491021	
0.902003	0.857274	0.885814	0.880161	0.810629	0.747719	0.627256	0.490968	
0.907222	0.878224	0.890268	0.893321	0.815868	0.751202	0.627037	0.491467	
0.901546	0.87869	0.886781	0.892807	0.810144	0.753619	0.627732	0.492107	
0.907184	0.878727	0.890255	0.893465	0.815492	0.75184	0.627267	0.491726	
0.758216	0.827498	0.761328	0.835724	0.620747	0.71825	0.629967	0.49674	
0.906502	0.877974	0.889809	0.892456	0.814936	0.750577	0.628336	0.492956	
0.907347	0.878603	0.890492	0.893265	0.816091	0.751474	0.627646	0.492162	
0.907628	0.879616	0.890272	0.893104	0.815983	0.752582	0.62949	0.493342	
0.355431	0.41271	0.305141	0.483641	0.16156	0.405031	0.551203	0.451228	
0.899527	0.871864	0.871681	0.881669	0.778467	0.744963	0.632592	0.498788	
0.907846	0.879637	0.890767	0.893014	0.816676	0.752192	0.630049	0.494183	
0.908282	0.880563	0.890961	0.892189	0.817237	0.752156	0.630896	0.496503	
0.485809	0.286716	0.284831	0.405591	0.304025	0.565299	0.455719	0.380193	
0.900632	0.863464	0.870693	0.879883	0.802131	0.749296	0.633382	0.494339	
0.90842	0.880731	0.891011	0.892477	0.81745	0.75211	0.631454	0.496491	
0.908029	0.879938	0.889875	0.891787	0.81772	0.751999	0.631216	0.49688	
0.908497	0.880798	0.891304	0.892412	0.817996	0.752175	0.63152	0.496649	
0.86539	0.779444	0.802812	0.849862	0.710869	0.715358	0.617605	0.502625	
0.908704	0.880423	0.890796	0.892065	0.816925	0.751406	0.632367	0.49806	
0.908712	0.880984	0.891348	0.892382	0.817946	0.75193	0.631933	0.497244	
0.907657	0.878485	0.890954	0.8911	0.816108	0.752502	0.633208	0.498116	
0.90872	0.881284	0.891539	0.892293	0.81819	0.752267	0.632455	0.497556	
0.8228	0.714812	0.81243	0.818483	0.679754	0.698089	0.617539	0.507113	
0.90889	0.880544	0.89132	0.891537	0.817459	0.750859	0.63306	0.499654	
0.909092	0.881646	0.891658	0.892207	0.818438	0.751793	0.63276	0.49843	
0.908318	0.88206	0.888982	0.891004	0.811235	0.752727	0.634119	0.499277	
0.909206	0.882163	0.891772	0.892316	0.818515	0.752353	0.633348	0.498786	
0.754949	0.812691	0.584124	0.743372	0.491101	0.607409	0.600726	0.497144	
0.908375	0.882095	0.888615	0.890085	0.812408	0.749308	0.634736	0.501722	
0.909363	0.882343	0.891875	0.892205	0.819242	0.751835	0.633801	0.499571	
0.90871	0.883232	0.892299	0.892466	0.817469	0.752982	0.635424	0.500702	
0.846822	0.863443	0.843773	0.872823	0.748862	0.736508	0.635307	0.502852	
0.909391	0.883463	0.89253	0.892805	0.819331	0.752163	0.636212	0.501447	
0.905604	0.88359	0.893222	0.89217	0.819611	0.751518	0.638619	0.502049	
0.908989	0.883623	0.892896	0.892713	0.819537	0.751928	0.637171	0.501704	
0.537075	0.862196	0.842689	0.844292	0.750507	0.745343	0.611525	0.492847	
0.90452	0.883431	0.892473	0.893134	0.818343	0.751987	0.636907	0.502358	
0.909505	0.883629	0.892899	0.892949	0.819406	0.75196	0.637149	0.501899	
0.908447	0.883727	0.893446	0.893008	0.81815	0.752605	0.638717	0.502498	
0.881577	0.879822	0.886521	0.88884	0.792185	0.746256	0.638071	0.505209	
0.909977	0.884158	0.893434	0.893085	0.819416	0.75182	0.639371	0.503454	
0.909837	0.884061	0.89243	0.893625	0.817581	0.752494	0.640643	0.503694	
0.910147	0.884236	0.893301	0.893437	0.81937	0.752179	0.639981	0.503592	
0.848116	0.852469	0.7531	0.823493	0.5755	0.679254	0.626214	0.506273	
0.910169	0.884	0.892903	0.892347	0.816539	0.750469	0.641473	0.50513	
0.910303	0.884243	0.893597	0.893271	0.819695	0.751775	0.640526	0.504105	
0.909375	0.884207	0.891449	0.893481	0.816332	0.752789	0.641814	0.504603	
0.910302	0.884394	0.893533	0.893684	0.819871	0.752223	0.641026	0.504335	
0.791008	0.810244	0.655244	0.781878	0.55606	0.679119	0.635206	0.499299	
0.909905	0.884002	0.891784	0.89201	0.817475	0.750165	0.643403	0.506089	
0.910535	0.884445	0.893784	0.893483	0.820226	0.751708	0.641819	0.504917	
0.9096	0.883637	0.893851	0.893703	0.820876	0.752184	0.642993	0.505763	
0.884164	0.870199	0.859768	0.87079	0.797633	0.735648	0.64192	0.50771	
0.91093	0.884498	0.894945	0.893581	0.821556	0.751291	0.644401	0.506924	
0.910685	0.884587	0.894395	0.892942	0.822111	0.749947	0.646258	0.50961	
0.877946	0.876711	0.885246	0.892533	0.819983	0.752078	0.644688	0.504913	
0.911399	0.884916	0.89516	0.893202	0.822404	0.750521	0.646154	0.509	
0.910879	0.885009	0.893872	0.892503	0.816579	0.74911	0.648893	0.511848	
0.911465	0.885083	0.89525	0.893246	0.821851	0.7502	0.647017	0.509906	
0.801649	0.816306	0.605162	0.806839	0.506814	0.72645	0.625655	0.491037	
0.909781	0.884686	0.892756	0.892856	0.821473	0.751129	0.646089	0.508729	
0.911422	0.88513	0.8956	0.893353	0.822559	0.750536	0.64682	0.509634	
0.911479	0.885529	0.895853	0.893037	0.823148	0.750002	0.648696	0.511475	
0.453237	0.474025	0.543279	0.743515	0.58334	0.647622	0.525752	0.392394	
0.905864	0.880582	0.890351	0.893768	0.821002	0.750461	0.645724	0.510856	
0.911669	0.885753	0.896051	0.893408	0.823359	0.75029	0.64841	0.511527	
0.90994	0.883779	0.892561	0.890336	0.819541	0.750581	0.652518	0.513863	
0.911898	0.885943	0.895718	0.893051	0.823055	0.750483	0.649618	0.512229	
0.837392	0.831908	0.783336	0.865747	0.691648	0.749524	0.641638	0.49876	
0.911383	0.886271	0.895031	0.893528	0.822671	0.75148	0.649797	0.511895	
0.91235	0.886139	0.895589	0.892941	0.822771	0.751056	0.650694	0.51296	
0.912315	0.886448	0.895917	0.893216	0.823366	0.751518	0.650812	0.512622	
0.908019	0.885552	0.895038	0.891456	0.822137	0.752473	0.652876	0.514055	
0.912373	0.886465	0.895817	0.89293	0.82341	0.751861	0.651605	0.513124	
0.617884	0.732165	0.836148	0.761378	0.575978	0.743127	0.576496	0.46434	
0.90895	0.885838	0.89597	0.891783	0.821271	0.753361	0.652451	0.511504	
0.912634	0.886707	0.896007	0.892956	0.823388	0.752301	0.652034	0.5128	
0.913208	0.886648	0.896161	0.892589	0.823308	0.753772	0.654667	0.513718	
0.338532	0.381137	0.205334	0.242419	0.0243846	0.58521	0.452042	0.361053	
0.898405	0.878821	0.861362	0.874439	0.760733	0.755838	0.653793	0.506118	
0.913334	0.887217	0.896211	0.892921	0.823786	0.754485	0.654976	0.513124	
0.913523	0.887227	0.896353	0.892796	0.823818	0.754354	0.655347	0.513513	
0.912692	0.887592	0.89252	0.892176	0.816249	0.756528	0.657143	0.511896	
0.913577	0.887446	0.896325	0.892947	0.823836	0.754937	0.655774	0.513198	
0.883953	0.872803	0.744589	0.846246	0.649292	0.718597	0.656683	0.520692	
0.913775	0.887354	0.895572	0.892487	0.822436	0.754026	0.656581	0.51441	
0.913734	0.887453	0.8965	0.892902	0.824015	0.754676	0.656077	0.513636	
0.914174	0.887831	0.896927	0.893065	0.824257	0.755006	0.657675	0.513896	
0.59307	0.627643	0.214262	0.577815	0.296677	0.433211	0.58483	0.475584	
0.908099	0.883842	0.864897	0.887261	0.793795	0.748923	0.659437	0.518352	
0.914197	0.887913	0.897044	0.893145	0.82466	0.754829	0.658008	0.514469	
0.914966	0.887794	0.897719	0.892795	0.82412	0.754975	0.658984	0.515156	
0.667156	0.642949	0.344424	0.775083	0.485341	0.586612	0.602222	0.527756	
0.909517	0.88593	0.882129	0.891209	0.80784	0.751259	0.65979	0.519851	
0.914937	0.888048	0.89747	0.892856	0.824793	0.754731	0.659252	0.51589	
0.912482	0.887436	0.892095	0.890867	0.821506	0.754372	0.658013	0.5157	
0.91491	0.888202	0.89758	0.892975	0.825202	0.754806	0.659101	0.515898	
0.912237	0.887181	0.891729	0.891429	0.815739	0.752887	0.661432	0.520629	
0.91489	0.888297	0.897456	0.893019	0.824954	0.754664	0.659617	0.51679	
0.900056	0.877131	0.85883	0.877318	0.746585	0.747561	0.65563	0.514036	
0.915142	0.888427	0.897849	0.892757	0.825413	0.754856	0.659593	0.516699	
0.914943	0.888608	0.897738	0.892982	0.825389	0.754744	0.660096	0.517448	
0.915164	0.888663	0.897997	0.892841	0.825715	0.754837	0.660103	0.517483	
0.914656	0.889327	0.897894	0.892053	0.825652	0.755268	0.662392	0.519869	
0.163385	0.11993	0.156061	0.0769505	0.059583	0.35365	0.344214	0.141778	
0.749438	0.746383	0.781876	0.778919	0.709824	0.726973	0.606172	0.503348	
0.914764	0.889076	0.898689	0.891894	0.826982	0.754601	0.661368	0.520242	
0.915543	0.889778	0.89889	0.892288	0.826856	0.755133	0.662256	0.520246	
0.915575	0.889835	0.898941	0.89223	0.826944	0.75506	0.662381	0.52043	
0.915922	0.890092	0.899421	0.891949	0.827359	0.755239	0.663593	0.52159	
0.858796	0.86515	0.857641	0.839016	0.782858	0.752415	0.662004	0.522148	
0.915773	0.890296	0.899356	0.891445	0.827505	0.75573	0.664643	0.52219	
0.901276	0.883814	0.886477	0.879665	0.815381	0.750431	0.664299	0.524408	
0.916267	0.89042	0.899804	0.891708	0.828043	0.755337	0.66512	0.522876	
0.916363	0.890837	0.89986	0.892134	0.82824	0.756461	0.666131	0.523605	
0.305978	0.468499	0.265513	0.590779	0.378063	0.476977	0.574496	0.45668	
0.90331	0.883786	0.876979	0.882017	0.821904	0.74823	0.67059	0.52759	
0.916631	0.890847	0.900127	0.891658	0.828684	0.755909	0.666838	0.524243	
0.915474	0.890363	0.897132	0.886624	0.826927	0.756421	0.668402	0.524206	
0.916733	0.891073	0.900362	0.891405	0.828891	0.75616	0.667296	0.524277	
0.876426	0.868113	0.847694	0.845189	0.750668	0.736497	0.664757	0.525608	
0.916561	0.891031	0.900317	0.891215	0.828971	0.755619	0.667986	0.525092	
0.916959	0.891227	0.900614	0.891254	0.82934	0.75625	0.668067	0.524745	
0.916969	0.891295	0.900694	0.891371	0.829593	0.756136	0.668255	0.525013	
0.916757	0.891529	0.901144	0.890654	0.829984	0.757093	0.670068	0.525357	
0.264991	0.205566	0.354951	0.21942	0.49644	0.51015	0.371991	0.26188	
0.834075	0.847702	0.887304	0.851076	0.809256	0.749386	0.652281	0.522947	
0.917474	0.891871	0.901343	0.891165	0.83061	0.756674	0.67017	0.526079	
0.917563	0.891928	0.901397	0.891159	0.830665	0.756773	0.670363	0.526158	
0.918077	0.892311	0.90184	0.890989	0.8316	0.757486	0.671723	0.527431	
0.712686	0.598489	0.524633	0.757175	0.506725	0.638622	0.594215	0.501506	
0.916368	0.887833	0.897044	0.889563	0.823526	0.756372	0.67405	0.529498	
0.918137	0.892488	0.901788	0.890991	0.831422	0.75748	0.672396	0.527872	
0.906731	0.876338	0.843027	0.87397	0.744209	0.756561	0.671878	0.520277	
0.918289	0.892575	0.901742	0.891021	0.831133	0.758274	0.672608	0.527222	
0.918276	0.892579	0.901816	0.890947	0.831571	0.757558	0.673057	0.528305	
0.91839	0.892664	0.902095	0.891049	0.831756	0.757979	0.673081	0.527977	
0.918695	0.892904	0.902317	0.89115	0.832055	0.758286	0.674509	0.528844	
0.806224	0.70065	0.464492	0.721444	0.364042	0.722485	0.645606	0.495615	
0.917786	0.891577	0.894526	0.890158	0.823445	0.760056	0.674504	0.526693	
0.918763	0.893006	0.902464	0.891259	0.832123	0.75866	0.674554	0.528569	
0.918163	0.892938	0.899273	0.890182	0.829674	0.757362	0.675812	0.531397	
0.918791	0.893057	0.90242	0.891187	0.832315	0.758399	0.674928	0.529359	
0.888961	0.869081	0.730217	0.838378	0.652593	0.752826	0.667005	0.517934	
0.918737	0.893211	0.901457	0.891584	0.831468	0.7595	0.674773	0.528536	
0.918856	0.893181	0.902622	0.891494	0.832539	0.758859	0.674889	0.529067	
0.91917	0.893398	0.90276	0.891069	0.833303	0.758909	0.675474	0.530828	
0.682314	0.683128	0.322086	0.533526	0.182903	0.689961	0.607762	0.463823	
0.915884	0.891912	0.88018	0.886168	0.811832	0.760679	0.673957	0.528347	
0.9192	0.893622	0.903045	0.891563	0.833468	0.759348	0.675402	0.53059	
0.919253	0.893503	0.903444	0.891021	0.833941	0.759285	0.676625	0.532048	
0.494193	0.373613	0.521203	0.642761	0.334016	0.680143	0.550226	0.4789	
0.915752	0.881768	0.894837	0.88985	0.82269	0.760053	0.674359	0.530535	
0.91944	0.893734	0.903476	0.891298	0.834161	0.759633	0.676583	0.531911	
0.917864	0.892731	0.903222	0.891048	0.832612	0.760168	0.677444	0.532868	
0.919416	0.893727	0.903575	0.891366	0.833961	0.759823	0.67696	0.532278	
0.803718	0.824154	0.86653	0.848324	0.793108	0.745461	0.636694	0.517934	
0.918845	0.893591	0.903201	0.890913	0.834378	0.759188	0.67681	0.533265	
0.919584	0.893863	0.903532	0.891318	0.834267	0.759615	0.67702	0.532706	
0.919339	0.894247	0.903753	0.891643	0.833697	0.760555	0.677364	0.533936	
0.425829	0.429511	0.492735	0.579277	0.596442	0.585113	0.408874	0.361634	
0.897266	0.888	0.897366	0.879143	0.82922	0.754825	0.67334	0.535789	
0.919814	0.894514	0.903819	0.891346	0.834362	0.76003	0.677934	0.534974	
0.919024	0.895227	0.901771	0.890338	0.829142	0.761014	0.67869	0.53634	
0.919874	0.894915	0.90374	0.891551	0.834	0.760438	0.678183	0.535381	
0.778662	0.784571	0.610348	0.732689	0.490808	0.664308	0.655017	0.539795	
0.918428	0.893827	0.901554	0.889406	0.828553	0.758563	0.678881	0.537671	
0.919854	0.894919	0.904092	0.891495	0.834283	0.760212	0.678386	0.535887	
0.919958	0.89524	0.904537	0.891259	0.834379	0.759795	0.679541	0.537768	
0.869906	0.811381	0.834668	0.850232	0.792358	0.750315	0.660841	0.5298	
0.919729	0.895151	0.904006	0.891964	0.833955	0.760526	0.679126	0.538212	
0.919268	0.893313	0.902832	0.889453	0.833429	0.758622	0.681506	0.539662	
0.920125	0.895676	0.90471	0.8917	0.834376	0.760039	0.680136	0.538859	
0.920179	0.895455	0.903607	0.891296	0.83359	0.760038	0.680889	0.54016	
0.920298	0.895857	0.904565	0.891702	0.834595	0.760141	0.680529	0.539454	
0.693688	0.715561	0.564325	0.711903	0.443012	0.621881	0.632816	0.532668	
0.918009	0.893907	0.90105	0.889149	0.824823	0.758714	0.681575	0.54228	
0.920346	0.895933	0.904832	0.891699	0.834535	0.760092	0.680843	0.540021	
0.920486	0.89633	0.904775	0.892445	0.834837	0.76085	0.681442	0.540651	
0.55936	0.694122	0.533368	0.663933	0.383725	0.62626	0.632047	0.537073	
0.916093	0.893899	0.898058	0.887153	0.821564	0.757569	0.683885	0.545611	
0.920692	0.896295	0.904929	0.892158	0.834774	0.760576	0.681908	0.541394	
0.919255	0.894695	0.902233	0.890044	0.830562	0.759964	0.680564	0.541225	
0.920758	0.896374	0.905019	0.892201	0.835268	0.760602	0.681812	0.541411	
0.913806	0.891875	0.893932	0.884662	0.813332	0.755974	0.684421	0.548909	
0.920863	0.896402	0.905064	0.892009	0.835097	0.760362	0.682263	0.542331	
0.909719	0.885877	0.885937	0.880521	0.798769	0.757755	0.679069	0.53891	
0.921018	0.89648	0.905262	0.89205	0.835781	0.760591	0.68221	0.542152	
0.921125	0.89655	0.905342	0.891958	0.835634	0.760384	0.682618	0.542998	
0.914769	0.889339	0.893724	0.884528	0.81192	0.759549	0.681153	0.541087	
0.921278	0.89661	0.905516	0.891944	0.836123	0.760631	0.682637	0.54291	
0.912314	0.886478	0.888428	0.882715	0.798823	0.752045	0.684386	0.548576	
0.92142	0.896673	0.905626	0.891935	0.835887	0.760444	0.683083	0.543664	
0.92159	0.896741	0.905754	0.891786	0.836371	0.760797	0.683039	0.543625	
0.921691	0.896821	0.905899	0.891857	0.83629	0.760624	0.683426	0.544206	
0.921799	0.896879	0.905999	0.891808	0.836561	0.760783	0.683463	0.544294	
0.922591	0.897057	0.906638	0.891615	0.836455	0.761132	0.68517	0.546535	
0.192657	0.142529	0.136087	0.200174	0.0859299	0.485673	0.344274	0.230333	
0.900648	0.845626	0.844633	0.852506	0.717496	0.748075	0.671762	0.538963	
0.9228	0.897231	0.90671	0.891141	0.837077	0.761731	0.684898	0.546631	
0.922896	0.897369	0.906896	0.891382	0.837231	0.761525	0.685248	0.547024	
0.923379	0.89746	0.907046	0.890668	0.837502	0.76234	0.686272	0.548494	
0.361734	0.334086	0.237903	0.515769	0.211139	0.378025	0.497001	0.447603	
0.907314	0.877344	0.880259	0.883343	0.782564	0.753056	0.685075	0.552942	
0.923557	0.897527	0.907144	0.89091	0.837555	0.762152	0.686509	0.54912	
0.923601	0.897544	0.907235	0.890883	0.837761	0.762276	0.686635	0.549068	
0.923875	0.8973	0.907196	0.891143	0.837483	0.762346	0.68804	0.550699	
0.534458	0.351116	0.322164	0.565223	0.159842	0.667926	0.554698	0.446773	
0.916588	0.889432	0.890275	0.886454	0.80545	0.762225	0.68601	0.546902	
0.923951	0.897556	0.907405	0.891219	0.838108	0.762643	0.688046	0.550401	
0.924162	0.897685	0.907457	0.890817	0.83859	0.763267	0.688979	0.551686	
0.82333	0.786732	0.835372	0.817423	0.609985	0.755186	0.673013	0.534984	
0.923437	0.896438	0.907159	0.890982	0.836868	0.764136	0.689602	0.551525	
0.924171	0.897626	0.907598	0.891105	0.838554	0.763576	0.689226	0.551674	
0.851983	0.87405	0.883685	0.877295	0.813914	0.757461	0.683079	0.551722	
0.923739	0.897594	0.907366	0.890954	0.838871	0.763358	0.689683	0.552103	
0.923965	0.897619	0.90783	0.891115	0.838651	0.763847	0.689773	0.551839	
0.924283	0.89771	0.9077	0.891127	0.838891	0.76376	0.689872	0.552103	
0.924389	0.897806	0.907913	0.891307	0.839037	0.764334	0.690843	0.552957	
0.484081	0.720078	0.753087	0.826923	0.675453	0.736513	0.579442	0.511124	
0.913925	0.89623	0.90563	0.891154	0.838769	0.764557	0.690307	0.553396	
0.924369	0.897897	0.907824	0.891402	0.839318	0.76444	0.690984	0.553102	
0.9157	0.896649	0.903956	0.890342	0.832648	0.764012	0.691426	0.5552	
0.924514	0.897885	0.90795	0.891413	0.839227	0.764533	0.691331	0.553535	
0.894838	0.880548	0.812451	0.873629	0.700968	0.759712	0.683171	0.548652	
0.924452	0.898067	0.907373	0.891584	0.838685	0.76514	0.691455	0.553384	
0.924567	0.898015	0.908001	0.891539	0.839399	0.764829	0.69141	0.55348	
0.920425	0.896369	0.900436	0.888981	0.829943	0.762517	0.69295	0.558031	
0.924654	0.898001	0.908061	0.891554	0.839367	0.76459	0.691672	0.55418	
0.916181	0.893189	0.886273	0.887789	0.811522	0.765083	0.69184	0.551877	
0.924681	0.898167	0.908134	0.891692	0.839612	0.764942	0.691771	0.554004	
0.916581	0.89305	0.891293	0.887908	0.819564	0.761195	0.693397	0.559393	
0.924724	0.89817	0.908289	0.891814	0.8395	0.764799	0.692042	0.554671	
0.919951	0.896176	0.902886	0.890653	0.832434	0.76585	0.692359	0.553787	
0.924711	0.898395	0.908407	0.891929	0.839872	0.765212	0.692178	0.55457	
0.885221	0.866652	0.832398	0.872656	0.760336	0.747905	0.695084	0.561442	
0.924692	0.898192	0.90829	0.89207	0.839273	0.764834	0.692989	0.555651	
0.924711	0.898622	0.908693	0.892173	0.840074	0.765358	0.692725	0.55521	
0.924794	0.898626	0.908755	0.892228	0.840014	0.76526	0.693072	0.555532	
0.924519	0.899455	0.909002	0.892674	0.840362	0.765866	0.694449	0.556467	
0.321119	0.344473	0.2056	0.481943	0.217531	0.436774	0.532253	0.466952	
0.908169	0.882235	0.874147	0.882816	0.804268	0.758417	0.698294	0.560918	
0.924795	0.899355	0.909104	0.892589	0.840328	0.765606	0.69505	0.557089	
0.924777	0.899515	0.909144	0.892653	0.84049	0.765737	0.695029	0.557116	
0.925029	0.899914	0.908708	0.892539	0.840727	0.765903	0.696656	0.559107	
0.475922	0.427226	0.339367	0.46219	0.215874	0.660721	0.560663	0.475137	
0.916001	0.891649	0.881814	0.886746	0.813469	0.764407	0.693662	0.558585	
0.925018	0.900195	0.908753	0.892637	0.841062	0.766035	0.696578	0.559156	
0.925084	0.900165	0.908774	0.892596	0.841115	0.766025	0.696763	0.55943	
0.925114	0.900563	0.907769	0.892356	0.841397	0.766514	0.697709	0.560991	
0.2039	0.31906	0.153059	0.359774	0.140772	0.306705	0.474624	0.433661	
0.892681	0.883015	0.823302	0.868149	0.734895	0.747823	0.697194	0.566253	
0.925317	0.900519	0.908255	0.892204	0.842114	0.766147	0.698012	0.561767	
0.925377	0.900582	0.908346	0.892276	0.842339	0.766282	0.69809	0.561721	
0.92548	0.900457	0.908165	0.892007	0.842983	0.765996	0.699174	0.563271	
0.63716	0.801693	0.632571	0.776404	0.502254	0.73647	0.680172	0.534309	
0.922652	0.899961	0.905331	0.891157	0.839412	0.766838	0.699021	0.561903	
0.925601	0.900556	0.908405	0.892037	0.843246	0.766241	0.699182	0.563051	
0.924622	0.900166	0.907851	0.891078	0.844048	0.765936	0.70022	0.564963	
0.848726	0.877439	0.900231	0.880275	0.821263	0.767408	0.685363	0.558374	
0.925938	0.900677	0.908345	0.891312	0.844522	0.766457	0.700632	0.56487	
0.925897	0.900604	0.907582	0.890191	0.843581	0.766475	0.701887	0.564786	
0.926013	0.90071	0.908414	0.891104	0.844854	0.766536	0.701091	0.564875	
0.92304	0.898709	0.899042	0.885908	0.823361	0.762745	0.702567	0.568036	
0.926105	0.900766	0.908478	0.891019	0.844862	0.766481	0.701376	0.565307	
0.917527	0.896823	0.886726	0.883962	0.823191	0.766511	0.70294	0.563378	
0.926145	0.900931	0.908508	0.890962	0.845097	0.76677	0.70175	0.565205	
0.908964	0.890062	0.873752	0.883481	0.817895	0.756152	0.700705	0.572768	
0.926226	0.900999	0.908534	0.890872	0.84527	0.766301	0.702056	0.5661	
0.926256	0.901172	0.908648	0.890892	0.845358	0.766871	0.70232	0.565763	
0.926346	0.901225	0.908852	0.890772	0.845567	0.766572	0.702474	0.566262	
0.889664	0.888622	0.902051	0.886459	0.842397	0.766715	0.698711	0.565941	
0.92627	0.90132	0.908769	0.89076	0.8457	0.766713	0.702686	0.566424	
0.926292	0.901353	0.909054	0.890688	0.845704	0.766756	0.702772	0.566508	
0.926477	0.901465	0.90894	0.8907	0.84585	0.766707	0.702934	0.566724	
0.923103	0.900703	0.909635	0.889913	0.845598	0.767326	0.703231	0.567159	
0.926429	0.901509	0.909217	0.890599	0.845882	0.766912	0.703147	0.566891	
0.78437	0.853014	0.884486	0.864098	0.833178	0.754576	0.678112	0.561674	
0.925744	0.901403	0.909022	0.890348	0.846352	0.766329	0.703487	0.567507	
0.926624	0.901599	0.909195	0.890572	0.846131	0.766694	0.703366	0.567172	
0.925938	0.901648	0.909621	0.890183	0.846042	0.767686	0.704326	0.568168	
0.888501	0.891644	0.889781	0.879506	0.826799	0.757368	0.700601	0.570881	
0.927196	0.901915	0.909836	0.890299	0.846867	0.766915	0.704801	0.569035	
0.924745	0.898067	0.901907	0.888964	0.836333	0.767714	0.705488	0.566836	
0.927309	0.901993	0.909993	0.890321	0.846997	0.767133	0.705	0.568815	
0.922964	0.899418	0.90131	0.887027	0.829663	0.763883	0.70668	0.573411	
0.927409	0.901953	0.910005	0.890249	0.84707	0.766943	0.705236	0.56936	
0.922862	0.900176	0.897307	0.886994	0.829029	0.767958	0.705849	0.56741	
0.927454	0.902065	0.910022	0.8903	0.847344	0.767241	0.70537	0.569183	
0.925706	0.898638	0.904153	0.887246	0.834888	0.764718	0.707539	0.572515	
0.927587	0.901956	0.910113	0.890273	0.847397	0.767058	0.705778	0.569721	
0.92213	0.899007	0.894224	0.883938	0.81243	0.767178	0.705935	0.567162	
0.927664	0.902083	0.910053	0.890266	0.847779	0.767445	0.705984	0.569568	
0.925271	0.897241	0.903511	0.886188	0.83123	0.763971	0.707989	0.572989	
0.927766	0.901944	0.910246	0.890262	0.847869	0.767226	0.706435	0.570126	
0.922399	0.896602	0.900745	0.885265	0.828244	0.769019	0.705901	0.568771	
0.927843	0.902042	0.910171	0.890283	0.848152	0.767805	0.706624	0.5701	
0.917245	0.895475	0.889061	0.883472	0.830908	0.760065	0.709463	0.573905	
0.927949	0.901982	0.910314	0.890242	0.848378	0.767416	0.707209	0.570682	
0.892182	0.89371	0.899134	0.881701	0.839226	0.77079	0.703903	0.567044	
0.927822	0.902041	0.910487	0.890299	0.848454	0.768015	0.707276	0.570532	
0.926961	0.901441	0.909973	0.89025	0.848594	0.767299	0.70769	0.57136	
0.928021	0.902057	0.910371	0.890374	0.8486	0.767798	0.707483	0.570835	
0.927083	0.901281	0.910826	0.889889	0.848496	0.767689	0.708206	0.571374	
0.92797	0.902031	0.910614	0.890265	0.848648	0.767789	0.707824	0.571059	
0.76412	0.807379	0.883696	0.858076	0.823524	0.755939	0.676095	0.56443	
0.926759	0.901505	0.909978	0.890463	0.848741	0.767363	0.708086	0.571517	
0.92809	0.902109	0.910471	0.890413	0.848755	0.767685	0.707985	0.571219	
0.927916	0.901995	0.910777	0.890451	0.84901	0.768188	0.709015	0.571563	
0.547746	0.684981	0.761045	0.771089	0.738125	0.71535	0.608922	0.541546	
0.923131	0.899807	0.909109	0.889691	0.848504	0.765949	0.709722	0.573473	
0.928374	0.901995	0.910675	0.89063	0.849285	0.767733	0.709486	0.572131	
0.928087	0.901675	0.910306	0.889668	0.84885	0.769523	0.711449	0.571842	
0.904292	0.889542	0.851597	0.857742	0.770821	0.749532	0.704742	0.575524	
0.928926	0.901926	0.91146	0.890651	0.850213	0.768846	0.71185	0.573155	
0.92698	0.892293	0.907421	0.888914	0.850885	0.770134	0.71279	0.571617	
0.929064	0.901993	0.911368	0.890652	0.850601	0.769147	0.712181	0.572984	
0.92346	0.894545	0.897026	0.887067	0.831616	0.765587	0.71252	0.578417	
0.929217	0.902072	0.911511	0.890649	0.850418	0.768926	0.712284	0.573599	
0.924395	0.898957	0.898072	0.885273	0.826946	0.767888	0.712926	0.571035	
0.929274	0.90217	0.911476	0.890658	0.850698	0.769177	0.712536	0.573441	
0.928517	0.901393	0.907282	0.88751	0.835581	0.766742	0.713328	0.575098	
0.929444	0.902247	0.911607	0.890721	0.85057	0.769185	0.712789	0.573808	
0.921201	0.899501	0.891592	0.879666	0.813711	0.76372	0.7128	0.571148	
0.92951	0.902438	0.911546	0.89074	0.850863	0.769344	0.713189	0.573758	
0.929676	0.90252	0.911643	0.890777	0.850846	0.769333	0.713346	0.574183	
0.925373	0.901487	0.900815	0.887299	0.839189	0.768267	0.715095	0.573002	
0.929702	0.902739	0.911588	0.890848	0.851048	0.76946	0.713777	0.574131	
0.905187	0.889983	0.864491	0.873429	0.807636	0.759545	0.712299	0.580675	
0.929924	0.902696	0.911393	0.890661	0.850835	0.769257	0.713994	0.575211	
0.929875	0.902924	0.911591	0.890894	0.851173	0.769669	0.71439	0.574532	
0.930109	0.902949	0.911703	0.890839	0.851233	0.769539	0.714446	0.575093	
0.93019	0.90327	0.911425	0.890708	0.851076	0.770357	0.716101	0.575458	
0.883759	0.883704	0.850547	0.864445	0.793721	0.756974	0.711936	0.583183	
0.930717	0.903309	0.911947	0.890762	0.85168	0.770015	0.716086	0.576579	
0.930741	0.90335	0.911989	0.890804	0.851758	0.770122	0.716255	0.576487	
0.930963	0.903585	0.912147	0.890809	0.852206	0.77059	0.717631	0.57727	
0.905422	0.893472	0.853253	0.849989	0.649946	0.761647	0.715761	0.573799	
0.931012	0.904012	0.911925	0.890275	0.850598	0.771312	0.718638	0.577808	
0.924193	0.896926	0.890196	0.881881	0.812549	0.764911	0.717687	0.579812	
0.931201	0.903922	0.912401	0.890557	0.852699	0.771311	0.718884	0.57843	
0.926339	0.902526	0.911112	0.89067	0.853099	0.772855	0.721019	0.576931	
0.931188	0.903935	0.912426	0.890689	0.852913	0.771757	0.719487	0.57806	
0.891313	0.886336	0.869957	0.880516	0.83582	0.768606	0.720839	0.586453	
0.931298	0.903907	0.912219	0.890412	0.852986	0.771551	0.719674	0.578953	
0.931139	0.904097	0.912195	0.890613	0.852773	0.772102	0.720026	0.578089	
0.931446	0.904104	0.912536	0.890553	0.853282	0.771925	0.720095	0.578694	
0.931449	0.904141	0.912557	0.890559	0.853343	0.771995	0.720196	0.578677	
0.931537	0.904328	0.912642	0.890426	0.853977	0.772466	0.721283	0.579105	
0.92829	0.905468	0.904549	0.886566	0.840953	0.774486	0.73045	0.582151	
0.931535	0.905023	0.912223	0.890019	0.854204	0.773562	0.724481	0.580295	
0.0409811	0.0271858	0.0291484	0.124081	0.0572783	0.0664772	0.254724	0.216829	
0.671456	0.726782	0.37399	0.604076	0.329433	0.516943	0.655107	0.550136	
0.930287	0.902655	0.902631	0.887161	0.837967	0.771292	0.72467	0.583155	
0.931829	0.904926	0.912942	0.890207	0.855979	0.773511	0.724726	0.58106	
0.930566	0.905108	0.91272	0.890289	0.855429	0.774073	0.725591	0.581118	
0.931928	0.905052	0.912909	0.890298	0.855928	0.77378	0.725113	0.581099	
0.881255	0.900041	0.908094	0.890257	0.841469	0.770611	0.722027	0.580641	
0.931935	0.905103	0.912862	0.890553	0.856034	0.773666	0.725109	0.581197	
0.931987	0.905167	0.912801	0.890383	0.855978	0.773774	0.725289	0.581536	
0.932203	0.90523	0.912859	0.890575	0.856111	0.773764	0.725304	0.581422	
0.932316	0.905425	0.912545	0.890767	0.856124	0.774028	0.725876	0.582304	
0.447084	0.398632	0.438849	0.676021	0.327729	0.703893	0.55906	0.463697	
0.923906	0.895506	0.902746	0.88974	0.845928	0.772729	0.724167	0.579294	
0.93251	0.905518	0.912706	0.890939	0.856407	0.774054	0.725995	0.582099	
0.932382	0.905428	0.91231	0.891023	0.856836	0.773963	0.726877	0.583442	
0.145406	0.446865	0.232298	0.433615	0.14741	0.712375	0.681455	0.488088	
0.904553	0.900399	0.884161	0.885155	0.835216	0.777243	0.728228	0.576717	
0.932798	0.905695	0.912696	0.891238	0.856829	0.774423	0.72708	0.582811	
0.93269	0.905497	0.912693	0.891465	0.855442	0.774324	0.72775	0.582719	
0.932901	0.905654	0.912794	0.89141	0.856964	0.774462	0.727357	0.582802	
0.910296	0.889615	0.864318	0.872568	0.771873	0.772925	0.725674	0.577055	
0.932703	0.905784	0.912511	0.891427	0.856792	0.774965	0.72762	0.582462	
0.932874	0.90576	0.912813	0.891473	0.857136	0.774704	0.727485	0.58266	
0.932056	0.904806	0.911059	0.890959	0.856692	0.773868	0.728097	0.584257	
0.932987	0.905712	0.912855	0.891466	0.857299	0.774508	0.727681	0.583112	
0.902127	0.884275	0.874632	0.879218	0.814446	0.774992	0.728957	0.577809	
0.932794	0.905785	0.912881	0.891622	0.857313	0.774906	0.728123	0.582759	
0.933046	0.905824	0.913031	0.89159	0.857574	0.774475	0.72834	0.583338	
0.933042	0.905914	0.913142	0.891706	0.857681	0.774699	0.728483	0.583193	
0.932564	0.90574	0.912888	0.891738	0.858203	0.77394	0.730275	0.584699	
0.85675	0.879466	0.887478	0.873879	0.825815	0.775464	0.720299	0.576534	
0.933048	0.906009	0.913602	0.892022	0.858409	0.774621	0.730175	0.584275	
0.933144	0.906094	0.913573	0.89206	0.858525	0.774516	0.730397	0.584333	
0.931386	0.905672	0.913736	0.892137	0.858664	0.775253	0.730967	0.584183	
0.932908	0.906144	0.913761	0.892176	0.85864	0.774818	0.730688	0.584294	
0.582197	0.672052	0.780391	0.813864	0.800465	0.739901	0.644735	0.558566	
0.927704	0.903524	0.912532	0.891244	0.858551	0.773561	0.730953	0.584823	
0.93318	0.906203	0.913746	0.892174	0.858769	0.774638	0.73093	0.584444	
0.933206	0.906282	0.913852	0.892508	0.859173	0.774734	0.731655	0.585079	
0.705705	0.616014	0.73973	0.796136	0.662357	0.741911	0.650402	0.553026	
0.931553	0.903147	0.912268	0.891505	0.85823	0.774405	0.731972	0.584908	
0.933333	0.906344	0.913942	0.892486	0.859399	0.774754	0.731929	0.585107	
0.931719	0.903296	0.910586	0.890655	0.848555	0.772891	0.732298	0.58735	
0.933426	0.906366	0.913974	0.892615	0.859323	0.774672	0.732147	0.585499	
0.914351	0.897245	0.89069	0.872946	0.797523	0.769814	0.728908	0.581944	
0.933347	0.906477	0.913957	0.892626	0.859435	0.774915	0.732321	0.585391	
0.933528	0.906478	0.914042	0.892771	0.859545	0.774697	0.732493	0.58586	
0.933551	0.906528	0.914101	0.892849	0.859764	0.774817	0.732567	0.585812	
0.933751	0.906747	0.913981	0.893298	0.859811	0.77474	0.733406	0.58703	
0.361112	0.448383	0.223854	0.325316	0.145784	0.612982	0.578563	0.459059	
0.910988	0.900747	0.886026	0.876931	0.812691	0.772693	0.731323	0.581748	
0.933777	0.906857	0.91426	0.89342	0.860215	0.775061	0.733523	0.586663	
0.93388	0.906859	0.914246	0.893468	0.860315	0.774928	0.733594	0.586928	
0.934005	0.906985	0.914346	0.893725	0.860737	0.774863	0.734251	0.587452	
0.48746	0.691352	0.445928	0.634818	0.369813	0.560344	0.663462	0.567015	
0.926951	0.90427	0.904098	0.890362	0.845437	0.771395	0.733471	0.590377	
0.934145	0.906994	0.914419	0.893829	0.861007	0.774673	0.734253	0.587853	
0.934123	0.907212	0.914564	0.894137	0.860958	0.775076	0.734725	0.588378	
0.535772	0.52914	0.524043	0.776121	0.755933	0.67193	0.638557	0.557533	
0.928912	0.903424	0.910456	0.892053	0.861523	0.772217	0.735688	0.589665	
0.934314	0.90731	0.91465	0.893991	0.861296	0.774712	0.735112	0.588703	
0.933184	0.907338	0.914051	0.893865	0.860886	0.774794	0.735492	0.589157	
0.934251	0.907391	0.914656	0.894159	0.861605	0.774807	0.735298	0.588894	
0.818875	0.884476	0.773966	0.829708	0.646802	0.733734	0.72824	0.597143	
0.933726	0.907323	0.913156	0.893768	0.859303	0.773803	0.735942	0.590475	
0.93439	0.907431	0.914597	0.894216	0.861713	0.774607	0.735506	0.589327	
0.93406	0.907035	0.91403	0.894052	0.860375	0.774462	0.736161	0.589625	
0.934462	0.907532	0.914733	0.894212	0.861809	0.774608	0.735749	0.589444	
0.909542	0.876129	0.860902	0.881832	0.768832	0.759739	0.732913	0.593488	
0.934474	0.907432	0.914261	0.894205	0.861321	0.774181	0.736302	0.590255	
0.934546	0.907587	0.914679	0.894237	0.861929	0.774448	0.736021	0.58981	
0.934142	0.907424	0.913961	0.894253	0.861514	0.774603	0.736339	0.590427	
0.934563	0.907682	0.914682	0.894329	0.862264	0.774548	0.736212	0.590098	
0.819367	0.829727	0.772273	0.807521	0.58877	0.720123	0.715142	0.577569	
0.934039	0.90733	0.913391	0.893626	0.859119	0.773377	0.737704	0.590963	
0.934704	0.907821	0.914681	0.894335	0.862399	0.774324	0.736683	0.590369	
0.93468	0.907807	0.914498	0.893861	0.862755	0.774411	0.737826	0.591336	
0.918814	0.903787	0.903174	0.880325	0.81567	0.767388	0.73569	0.590211	
0.934948	0.907997	0.914428	0.894271	0.863195	0.774323	0.73809	0.591495	
0.934842	0.907609	0.914944	0.894418	0.863169	0.774701	0.738626	0.591421	
0.927503	0.895778	0.905849	0.8919	0.857427	0.772577	0.738405	0.593279	
0.935149	0.908159	0.914747	0.894387	0.863342	0.774518	0.738997	0.591887	
0.934551	0.907571	0.914264	0.892475	0.862045	0.774082	0.7395	0.592938	
0.935134	0.908103	0.914743	0.894188	0.863667	0.774518	0.739195	0.592181	
0.928449	0.903669	0.907553	0.888849	0.846321	0.77154	0.739492	0.594505	
0.935239	0.908219	0.914586	0.894247	0.863551	0.774456	0.739457	0.592547	
0.917785	0.886481	0.898529	0.883883	0.83964	0.772734	0.736234	0.588662	
0.935183	0.908047	0.914784	0.894135	0.863907	0.774651	0.739639	0.592441	
0.935304	0.908221	0.914579	0.894057	0.863875	0.774409	0.739917	0.593065	
0.935363	0.908233	0.914727	0.894129	0.863985	0.774499	0.74	0.592967	
0.934759	0.908011	0.914704	0.893709	0.864562	0.774614	0.741094	0.594022	
0.875372	0.876702	0.905791	0.888869	0.856593	0.770815	0.733848	0.5901	
0.935696	0.908405	0.914766	0.894072	0.864519	0.774497	0.74141	0.594128	
0.935955	0.90856	0.914873	0.893839	0.864979	0.774622	0.742811	0.594654	
0.837799	0.783216	0.800654	0.797399	0.822957	0.75522	0.715071	0.580429	
0.93523	0.907868	0.913495	0.894223	0.864708	0.774629	0.743116	0.595581	
0.935938	0.908706	0.914684	0.894271	0.864986	0.774672	0.742991	0.595038	
0.882169	0.872699	0.864647	0.840286	0.821563	0.767917	0.742189	0.588887	
0.935809	0.908529	0.914703	0.893565	0.865046	0.774928	0.743834	0.595022	
0.935801	0.90889	0.914332	0.894156	0.864256	0.774371	0.744219	0.595534	
0.936148	0.908843	0.914945	0.89418	0.865328	0.774929	0.744115	0.595318	
0.936208	0.90891	0.914908	0.894251	0.865288	0.774872	0.744292	0.595451	
0.936389	0.909136	0.914875	0.894332	0.865425	0.775144	0.745432	0.596005	
0.771742	0.774272	0.775256	0.743021	0.520964	0.661868	0.692008	0.576905	
0.935189	0.907049	0.912865	0.893613	0.858468	0.773639	0.746407	0.597167	
0.936432	0.909165	0.914806	0.894469	0.865425	0.775048	0.745673	0.596221	
0.933938	0.905291	0.907491	0.891605	0.856812	0.776037	0.746204	0.59492	
0.936443	0.909171	0.915006	0.894396	0.865524	0.775255	0.745796	0.596112	
0.934917	0.906332	0.908452	0.893231	0.856725	0.773518	0.747377	0.597608	
0.936519	0.909229	0.914983	0.894489	0.86542	0.775176	0.746135	0.59636	
0.929708	0.904134	0.898689	0.888227	0.842113	0.775615	0.745707	0.594805	
0.936491	0.909323	0.915072	0.894516	0.865577	0.775438	0.746291	0.596289	
0.936589	0.909348	0.915207	0.894573	0.86548	0.775376	0.746594	0.596475	
0.932326	0.90688	0.907767	0.891691	0.849961	0.776076	0.746276	0.595935	
0.936557	0.909477	0.915238	0.894648	0.86557	0.775602	0.746709	0.596471	
0.932958	0.905766	0.906893	0.890276	0.849202	0.772703	0.747872	0.598276	
0.936648	0.909441	0.91534	0.894731	0.865522	0.775516	0.747013	0.596748	
0.930708	0.907073	0.906333	0.888386	0.841057	0.775778	0.746819	0.596263	
0.936641	0.909555	0.915414	0.89476	0.865595	0.775793	0.747164	0.596774	
0.932909	0.907879	0.910615	0.890169	0.851775	0.773098	0.748659	0.599092	
0.936829	0.909542	0.9155	0.894876	0.865476	0.775662	0.747442	0.597157	
0.919855	0.905212	0.907077	0.887801	0.848872	0.776892	0.746602	0.595607	
0.93676	0.909581	0.915665	0.894895	0.865623	0.776036	0.747552	0.597093	
0.913569	0.895229	0.90757	0.887927	0.852347	0.769958	0.745594	0.600145	
0.936893	0.90963	0.915613	0.894957	0.865539	0.775657	0.747904	0.597555	
0.936871	0.909581	0.915819	0.894947	0.865625	0.776057	0.747806	0.597487	
0.937025	0.909732	0.915775	0.895	0.865626	0.77585	0.748051	0.597689	
0.936408	0.909281	0.916	0.894765	0.865508	0.776411	0.748386	0.598067	
0.926614	0.896833	0.912624	0.890081	0.863109	0.772142	0.744725	0.598793	
0.937218	0.909952	0.916034	0.895007	0.865799	0.776073	0.748933	0.598505	
0.937288	0.909944	0.91578	0.89507	0.865755	0.775687	0.749495	0.599777	
0.922998	0.904898	0.909222	0.890785	0.857711	0.77793	0.747426	0.596417	
0.937523	0.910027	0.916171	0.895129	0.865885	0.77617	0.749572	0.599454	
0.93725	0.908824	0.916154	0.894751	0.8662	0.776477	0.750696	0.599968	
0.928001	0.883952	0.911598	0.889808	0.860224	0.773515	0.740985	0.598437	
0.937553	0.909974	0.916427	0.895069	0.86618	0.776666	0.75067	0.600159	
0.936354	0.910293	0.915824	0.895153	0.865288	0.776402	0.750445	0.601768	
0.937655	0.910204	0.916373	0.895193	0.866013	0.776597	0.750653	0.600752	
0.90979	0.903424	0.909094	0.882917	0.8389	0.778167	0.74986	0.59848	
0.937644	0.91011	0.916461	0.895142	0.866047	0.776934	0.750983	0.600669	
0.93768	0.910133	0.916388	0.895142	0.865967	0.776565	0.751186	0.60125	
0.93779	0.910235	0.916519	0.895267	0.866217	0.77691	0.751203	0.601086	
0.937818	0.910255	0.916523	0.895269	0.866243	0.776872	0.751319	0.601224	
0.937927	0.910417	0.916589	0.895389	0.866395	0.777181	0.752074	0.602129	
0.869573	0.672925	0.862517	0.832975	0.830221	0.74386	0.699626	0.589262	
0.937166	0.907697	0.916655	0.894626	0.86629	0.776644	0.752877	0.602774	
0.937906	0.910396	0.916708	0.895338	0.86647	0.777114	0.752432	0.602339	
0.917487	0.869805	0.911885	0.884636	0.858677	0.775255	0.743601	0.599665	
0.937848	0.910439	0.916735	0.895406	0.86654	0.777332	0.752583	0.602415	
0.937877	0.910482	0.916791	0.895394	0.866588	0.777151	0.752911	0.602846	
0.937935	0.910647	0.91682	0.895453	0.866644	0.777275	0.753014	0.602873	
0.937655	0.91023	0.916994	0.895376	0.866575	0.777256	0.754563	0.604356	
0.915385	0.879935	0.875373	0.876786	0.74805	0.76331	0.745405	0.603688	
0.937897	0.910785	0.917094	0.895438	0.866804	0.777018	0.754722	0.604811	
0.937886	0.910896	0.917168	0.895534	0.867128	0.777318	0.754752	0.604712	
0.937901	0.910925	0.917175	0.895551	0.867154	0.777295	0.75481	0.60483	
0.937936	0.911162	0.91722	0.895696	0.867288	0.777393	0.755444	0.605777	
