0.000000
0.000000
0.000000
0.000001
0.000316
0.046998
0.008098
0.007091
0.035086
0.040586
0.081032
0.067887
0.147270
0.048113
0.146220
0.169234
0.046122
0.144216
0.188316
0.062770
0.209360
0.199681
0.233692
0.207883
0.247104
0.204063
0.264810
0.271364
0.276289
0.271836
0.285227
0.238827
0.294222
0.298861
0.298098
0.307993
0.089139
0.165298
0.298557
0.316884
0.320699
0.351531
0.043247
0.146958
0.239068
0.360664
0.369061
0.352969
0.381268
0.075236
0.164251
0.382788
0.398940
0.403487
0.441295
0.039345
0.156766
0.413831
0.447170
0.451096
0.415315
0.457999
0.132666
0.283858
0.462581
0.467855
0.474102
0.286846
0.487356
0.496203
0.505926
0.017566
0.117454
0.463907
0.512966
0.514617
0.524914
0.037751
0.292946
0.526007
0.529962
0.531566
0.540734
0.102309
0.446183
0.542160
0.544411
0.545525
0.554991
0.076200
0.394863
0.555872
0.558531
0.559411
0.567259
0.158466
0.542776
0.568568
0.569729
0.571026
0.572001
0.574332
0.382801
0.576461
0.582168
0.586709
0.171204
0.561807
0.587654
0.588470
0.578229
0.589748
0.366105
0.587796
0.590896
0.595426
0.098196
0.507538
0.597923
0.599053
0.604009
0.034899
0.137642
0.572764
0.608044
0.612961
0.319743
0.611701
0.614634
0.497802
0.616104
0.617519
0.618906
0.610254
0.621035
0.149455
0.615345
0.622980
0.626341
0.428612
0.631474
0.633319
0.635759
0.554893
0.638188
0.638831
0.642847
0.229438
0.632020
0.643763
0.583318
0.644633
0.645465
0.646287
0.637272
0.647427
0.422232
0.646173
0.648424
0.652223
0.123343
0.589985
0.654064
0.654710
0.657135
0.525543
0.659520
0.660415
0.663658
0.466972
0.664353
0.618042
0.667379
0.669480
0.633372
0.671017
0.671706
0.664841
0.672420
0.533415
0.672308
0.673028
0.674851
0.606357
0.676928
0.677306
0.679821
0.166528
0.635193
0.680577
0.680963
0.682115
0.624262
0.684051
0.684363
0.686718
0.480484
0.686576
0.687482
0.400738
0.686063
0.688132
0.688109
0.689223
0.312030
0.683049
0.690120
0.688723
0.690930
0.445808
0.688335
0.691546
0.690290
0.692201
0.568439
0.692130
0.692827
0.693865
0.629100
0.696323
0.696661
0.698701
0.296961
0.684426
0.699422
0.693125
0.700147
0.536442
0.699996
0.700895
0.703897
0.153982
0.654180
0.705062
0.702938
0.705838
0.484826
0.705341
0.706528
0.707849
0.652479
0.710342
0.709958
0.711301
0.298340
0.697483
0.711971
0.710717
0.712672
0.538974
0.712029
0.713348
0.713815
0.636297
0.717059
0.713202
0.717731
0.619030
0.717829
0.718689
0.719122
0.721298
0.548645
0.720981
0.721959
0.455611
0.718559
0.722460
0.724084
0.241685
0.702121
0.724954
0.726751
0.095454
0.680868
0.727522
0.726751
0.728123
0.619183
0.728418
0.729131
0.729582
0.728236
0.730108
0.538028
0.728922
0.730578
0.727606
0.731095
0.552728
0.730254
0.731573
0.733048
0.227993
0.694798
0.733927
0.733432
0.734513
0.579709
0.734126
0.734994
0.734388
0.735722
0.517813
0.734936
0.736384
0.733630
0.737153
0.524363
0.735934
0.737768
0.731812
0.738215
0.652291
0.738169
0.738583
0.737333
0.739097
0.641051
0.739132
0.739977
0.740475
0.740822
0.684044
0.742535
0.742720
0.743748
0.290075
0.727460
0.744162
0.744502
0.717880
0.745991
0.746362
0.727045
0.747409
0.745809
0.747796
0.705794
0.748055
0.748331
0.748732
0.749580
0.705551
0.750508
0.751446
0.178771
0.710751
0.752096
0.751085
0.752552
0.616919
0.752000
0.752873
0.752027
0.753249
0.627824
0.752953
0.753586
0.753161
0.754098
0.498577
0.752014
0.754493
0.754460
0.755000
0.552630
0.753560
0.755431
0.755656
0.714585
0.757145
0.753326
0.757406
0.747741
0.757660
0.740006
0.757938
0.758170
0.758393
0.754918
0.758677
0.675235
0.758584
0.758942
0.759743
0.712999
0.760602
0.761595
0.370695
0.755262
0.761984
0.759597
0.762407
0.558657
0.760669
0.762721
0.762438
0.763089
0.581247
0.761786
0.763376
0.763199
0.763721
0.628016
0.763009
0.764015
0.763929
0.764457
0.546809
0.762715
0.764814
0.764891
0.734618
0.766359
0.766556
0.754813
0.767267
0.767415
0.760060
0.768069
0.765505
0.768324
0.768260
0.768474
0.769015
0.248637
0.742542
0.769371
0.770012
0.504663
0.763809
0.770274
0.770483
0.743567
0.771297
0.771664
0.767282
0.772057
0.768071
0.772239
0.737465
0.772322
0.772560
0.772696
0.773442
0.491985
0.767233
0.773589
0.773751
0.753117
0.774606
0.775143
0.515446
0.773094
0.775411
0.772204
0.775657
0.634249
0.774918
0.775858
0.776230
0.755983
0.776944
0.773957
0.777068
0.756643
0.777144
0.777291
0.777392
0.777947
0.427366
0.765268
0.778114
0.778189
0.778798
0.467211
0.770401
0.778966
0.779638
0.513918
0.774487
0.779845
0.779346
0.780073
0.639248
0.779006
0.780253
0.780338
0.769817
0.781099
0.781489
0.775228
0.781826
0.780428
0.781994
0.706059
0.781693
0.782135
0.782752
0.390743
0.772444
0.783046
0.783598
0.396023
0.774228
0.783768
0.783430
0.783919
0.730495
0.783843
0.784060
0.783516
0.784288
0.708877
0.784166
0.784503
0.783465
0.784807
0.636439
0.783418
0.785029
0.785411
0.756299
0.785918
0.785798
0.786070
0.710809
0.785394
0.786174
0.786325
0.777310
0.786839
0.786796
0.787030
0.708052
0.786629
0.787189
0.786756
0.787421
0.676007
0.786854
0.787615
0.787826
0.770979
0.788516
0.788817
0.781762
0.789095
0.788587
0.789252
0.672489
0.788437
0.789382
0.789902
0.545396
0.787326
0.790059
0.789140
0.790249
0.737494
0.790257
0.790563
0.790777
0.790201
0.790948
0.663440
0.790141
0.791103
0.791759
0.323764
0.773689
0.792007
0.792116
0.790850
0.792255
0.736607
0.792080
0.792374
0.792854
0.475386
0.783076
0.793033
0.793314
0.578943
0.788440
0.793497
0.791559
0.793584
0.791658
0.793711
0.772143
0.793842
0.793994
0.794101
0.794639
0.176944
0.700367
0.794702
0.795124
0.795174
0.795646
0.767504
0.795867
0.788219
0.796197
0.796704
0.439623
0.789301
0.796867
0.795694
0.797025
0.764369
0.797099
0.797307
0.797416
0.797823
0.335674
0.769253
0.798173
0.798251
0.798932
0.604256
0.796782
0.799072
0.774124
0.799108
0.799264
0.799374
0.799845
0.615070
0.797343
0.799925
0.799350
0.800057
0.739624
0.799908
0.800188
0.800614
0.520688
0.793620
0.800780
0.801140
0.509382
0.796230
0.801279
0.800995
0.801388
0.754491
0.801274
0.801488
0.801817
0.484927
0.794369
0.802099
0.801443
0.802260
0.657025
0.800860
0.802391
0.802810
0.762438
0.802834
0.802261
0.803203
0.803152
0.803393
0.614482
0.801188
0.803538
0.803977
0.578736
0.800479
0.804091
0.802318
0.804180
0.798364
0.804299
0.792069
0.804443
0.804576
0.797009
0.804706
0.794221
0.804841
0.804963
0.805102
0.805198
0.805899
0.227207
0.764964
0.806028
0.806196
0.806645
0.372907
0.790237
0.806809
0.806875
0.807260
0.450275
0.797917
0.807416
0.807830
0.729503
0.807518
0.807941
0.786649
0.807959
0.808080
0.808181
0.808573
0.660838
0.806746
0.808667
0.806242
0.808799
0.769246
0.808768
0.808905
0.806206
0.809010
0.800469
0.809126
0.802798
0.809251
0.806762
0.809409
0.777712
0.809499
0.809696
0.809785
0.810349
0.375831
0.796158
0.810489
0.810558
0.811073
0.452137
0.800792
0.811179
0.811244
0.811552
0.298945
0.776664
0.811792
0.811877
0.812192
0.662629
0.810785
0.812290
0.812361
0.792385
0.812844
0.812625
0.812950
0.807926
0.813049
0.805132
0.813171
0.800472
0.813295
0.813410
0.813509
0.805070
0.813580
0.813641
0.813725
0.813333
0.813823
0.776689
0.813774
0.813919
0.814202
0.800635
0.814608
0.811257
0.814695
0.810545
0.814778
0.809698
0.814872
0.811925
0.814985
0.806500
0.815105
0.811049
0.815234
0.809618
0.815377
0.807449
0.815521
0.805961
0.815616
0.815446
0.815692
0.815605
0.815775
0.766657
0.815551
0.815841
0.816114
0.671100
0.814923
0.816289
0.816425
0.787974
0.817128
0.815129
0.817249
0.811280
0.817335
0.810686
0.817429
0.814431
0.817546
0.806667
0.817674
0.817791
0.813816
0.817912
0.799156
0.817996
0.818131
0.818239
0.818573
0.791034
0.818887
0.818938
0.819400
0.775411
0.819447
0.808519
0.819926
0.819319
0.820057
0.804980
0.820125
0.820129
0.820329
0.820365
0.820721
0.819114
0.821418
0.102088
0.553490
0.817477
0.821898
0.821862
0.822013
0.811799
0.822057
0.822114
0.822184
0.822423
0.501871
0.816752
0.822529
0.822783
0.410939
0.811459
0.822946
0.822823
0.823043
0.798040
0.823033
0.823113
0.822724
0.823202
0.804557
0.823273
0.823402
0.823482
0.823756
0.799461
0.824020
0.824080
0.824000
0.824179
0.699021
0.822862
0.824261
0.824561
0.683160
0.823498
0.824662
0.822169
0.824752
0.806678
0.824809
0.824927
0.824999
0.825346
0.394382
0.809143
0.825472
0.825527
0.825796
0.552524
0.820795
0.825897
0.826147
0.623629
0.824242
0.826261
0.826096
0.826383
0.751618
0.825937
0.826473
0.826225
0.826569
0.797922
0.826554
0.826657
0.826583
0.826797
0.728811
0.826194
0.826915
0.827147
0.814382
0.827343
0.827466
0.822840
0.827648
0.827178
0.827716
0.822547
0.827788
0.815493
0.827848
0.827928
0.827988
0.828184
0.812261
0.828437
0.828786
0.761593
0.828606
0.828911
0.797544
0.828929
0.828945
0.829226
0.829272
0.829592
0.689505
0.828050
0.829655
0.826537
0.829713
0.827270
0.829789
0.822375
0.829875
0.829955
0.825864
0.830034
0.825493
0.830120
0.824052
0.830212
0.826775
0.830310
0.823490
0.830401
0.821542
0.830468
0.830524
0.830594
0.830603
0.825615
0.830940
0.831099
0.825924
0.831241
0.831290
0.823315
0.831587
0.831441
0.831680
0.821329
0.831749
0.831789
0.831903
0.831940
0.832263
0.762620
0.831841
0.832338
0.820126
0.832412
0.832505
0.832583
0.832876
0.800992
0.833071
0.833174
0.833205
0.833489
