0.8220164748512
0.849820213616653
0.623958831716408
0.153066193417877
0.452124656780414
0.150914285521513
0.808448629896145
0
0.26120885984727
0.301056462834591
0.281421972798572
0.380581772357948
0.268715654340784
0.0998851846917053
0.459134609193207
0
0.0881397391166418
0.2538219295444
0.133649644204538
0.404549434623294
0.459853065060542
0.273849208960055
0.0814724908296303
0
0.189924207624129
0.556422422540838
0.255353259490423
0.37888985587649
0.00883109073077106
0.317169464205292
0.0681489628257047
0
0.256803286695439
0.654479005051338
0.384394035109468
0.23325950055094
0.000692567652563133
0.245210390410599
0.409509003163333
0
0.198883625294
0.720750804460926
0.46960835311373
0.205255983478854
0.332895755656921
0.399005037269181
0.612990298365084
1
0.755427329880804
0.383230004153804
0.539967632332337
0.4054106041852
0.428975692584952
0.411530926684086
1
1
0.758197044602709
0.211403070629102
0.839365659329869
0.604023785698944
0.867398889798675
0.791383034955434
1
1
0.921999373457861
0.658897518855467
0.887793084796934
0.536282508391311
0.886504173285869
0.847714194758553
0.591709076516412
1
0.664902534836859
0.622354250463634
0.606875877979373
0.503463696839917
0.231657012726186
0.476506998178659
0.419294720296873
0.484728073217286
0
0.38811257949488
0.517091308345706
0.285123070549109
0.156087128947277
0.386781371928809
0.447851026169689
0
0
0.45564131509691
0.150791544121282
3.48044196741214e-05
0.362300573200587
0.0893915089236685
0.526093990644726
0.244223254738069
0
0.361011714327375
2.78182803031422e-07
0.0537083443781756
0.389924020378205
2.71793106272703e-05
0.875740462134285
0.49912004936943
0.34921254678215
0.000136589523504388
5.804295664778e-06
0.278804276086366
0.395803142778739
0
1
0.709777312082936
0.549706431813696
0.459223881964771
0.462410760009582
0.433510829940701
0.544721502363639
0
1
0.88332071876831
1
0.955050914076723
0.465383468389717
0.413532684994501
0.336404387361502
0
0.774915685650501
0.599250873730449
1
1
0.625369004578351
0.409467000357921
0.208859905944916
0.444362099023502
0.422885439787505
0.858653646356998
0.988401189541238
1
0.573518806191223
0.856854926859352
0.314971558371825
0.69744789340531
0.58501210316214
0.978924075510145
0.647457348055741
0.313427541445063
0.564581102844586
0.669644064884202
0.383205097370197
0.831379471768974
0.514144791027234
1
0.585887811908034
0.567805771469486
0.441880731697885
0.502755580221728
0
0.617740033927419
0.49216176405594
0.613630101146741
0.824223675727215
0.639074462745481
0.431732977411095
0.412066764280077
0
0.357381374184864
0.356155903926525
0.224977860746058
0.628003923188148
0.44715846644608
0.5778167183677
0.315497671128695
0
1.19261501126832e-09
0.344473264029898
0.33724340085951
0.365884749752884
0.486589572097789
0.502461392175488
0.0281137044188625
0
0
0.525649823274135
0.505599332769153
0.380280357083752
0.978044501577319
0.474508831781766
1.56533767991452e-07
0
0.024307695446882
0.563929057228992
0.799430665417477
0.392469072806776
0.832409643042441
0.275940599445277
0.402182344044307
0.699651401986423
0.304391321758219
1
0.744986517187024
0.572078245306722
0.630543705432986
0.434226684458451
0.649594478639363
0.984151991087751
0.729957374725699
0.56543259305281
0.716642315218928
0.704448402850425
0.583588195322427
0.886917435975962
0.857642406448384
0.952600299289246
0.707323664645022
0.46056833158097
0.672850533018671
0.755763593261947
0.78275232613946
0.966834905366113
0.835900299079163
0.873117055884843
0.534728889062869
0.485816157104752
0.892449203184144
0.851697965957118
0.737646548439636
0.428922632554964
0.239443813803291
0.412165414650181
0.491575730680863
0.362400889878767
0.841509872176092
0.458650994500167
0.557597091217315
4.90880613581699e-08
0
0.332071546117117
0.377400840222499
0.55707202921293
0.53885949134395
0
0.545348361405843
0
0
0.256014947721022
0.206834934932543
0.487017264089699
0.57706671819541
0.258348590578889
0.589943254471958
0
0.31804081674135
0.22627158623664
0.0980808346750022
0.527016853781626
0.547031573512144
0.504565716829071
0.57299590956539
0.290993022614146
0.850605245115755
0.233343380744537
0.526416760829921
0.550208832237864
0.558918298234727
0.580466357884439
0.753075732490447
0.953658090887076
0.998879395733227
0.503330998662197
0.545296406071494
0.550448328937729
0.798927982323973
0.999999999930952
0.656696939689798
1
0.970521807356811
0.64555597707606
0.717886008257486
0.482876974778421
0.992069550588157
0.860105660197501
0.778600850654689
1
0.99994672204438
0.800540532682416
0.550130358011733
0.495461234801456
0.611860985007026
0.737786662893684
0.437661709496701
0.630518717893413
0.489541436092097
0.34333255875511
0.311241351225318
0.380707933450906
0.490035961184295
0.482281175311827
0.475579254594075
0.50733553247258
0.0189104156785929
0.174227085192762
0
0.436123348785126
0.424259966903623
0.474297374344822
0.480343498334518
0.602027809512484
0.361785427626012
0.204109045693354
0
0.405954666668422
0.537686018121786
0.434713414405548
0.559774829746822
0.550571075538737
0.404909981487121
0
0
0.430733496570069
0.558162887833663
0.519812137015006
0.386280973716119
0.549012201017422
0.705424833875603
0.0465971790098537
0.463275667061829
0.644184808107147
0.572735545788315
0.505451198704834
0.495486454758686
0.542088049441982
0.687381003693605
0.806022089347473
0.681870632439072
0.564007207722683
0.483912771419306
0.493569211312612
0.259813013266317
0.642379301295453
0.740037552907417
0.864973230474593
0.818944085325556
0.264163313301771
0.494881245507029
0.604307236155833
0.611605142438115
0.633025845533835
0.838681360537312
1
0.338040794072734
0.452122167542436
0.57852665114314
0.424109491238839
0.529894235117895
0.737158457087692
0.608404650542835
1
0.0771928609682895
0.496054823980858
0.657514969985417
0.515582887473442
0.598876125982122
0.813713907682684
0.764488321755548
0.514941081919571
0.354184015373218
0.528288776786464
0.702822799730373
0.417361007357133
0.602728225770443
0.827764064608879
0.552996250340671
0.453955897318001
0.478514457697268
0.74616086308763
0.736329306105073
0.433843520921901
0.612368593632897
0.618613206565556
0.727859625227206
0.399707845449908
0.615543387326734
0.702345386054544
0.433167735002205
0.608679108106894
0.317878179313896
0.68450673981153
0.552778585671351
0.498936746049496
0.698331551824604
0.374356759893906
0.257752148893677
0.622687061450484
0.421008000556256
0.608639398285031
0.346151500030313
0.346022314375285
0.447584295177372
0.312448020358859
0.357083522871407
0.48458245384601
0.506246834509442
0.599503736153757
0.228813116357733
0.492550333724192
3.80604671926237e-06
0.461820853625234
0.496514799766296
0.617255948595251
0.491987567518985
0.532021187185867
0.279751746607769
0.548396901981584
1.18551912894913e-06
0.569165585239627
0.705754358059516
0.62526287138804
0.49210721135748
0.797421889246658
0.521635474555008
0.468727108596739
0.296489449919361
0.613478102532589
0.976824836427913
0.494977065556164
0.455784314829811
0.408115076623908
0.500302805413196
0.479799769665333
0.479674351529835
0.763599432299835
0.574116362745975
0.0939544480358282
0.388127286379858
0.393236061810032
0.579056689760076
0.120222464347082
0.594251757239719
0.606344173834591
0.533339527317583
0.414986246674823
0.383590399387714
0.483547763768285
0.699560620893134
7.65135199417076e-10
0.517149980472585
0.380765299715958
0.422980708457749
0.568841192489256
0.130935114352289
0.490217810340685
0.58257049213928
0.0306990559982121
0.373544175247475
0.410289702684498
0.607797327559584
0.528661696115666
0.26213909922769
0.739555212335319
0.529918238823603
0.445056896965782
0.468611267255757
0.503620918925847
1
0.487857767090611
0.638008673647917
0.99368749197051
0.363754231332349
0.656672356434729
0.645793067869959
0.591422738839943
0.612171269607311
0.489386050798654
0.759852915215943
0.819644059636331
0.595314797490808
0.616660311651174
0.490698118492216
0.454057430703757
0.739639387613141
0.450987505709986
0.999999999314871
1
0.450372030099744
0.593994579141852
0.53454731413638
0.611041380886338
0.549802389612648
0.854188684056092
0.75212117060336
0.879915482705442
0.424418124958738
0.875297010136042
0.511570816516157
0.542156759075815
0.614153872947969
1
0.307667698729916
1
0.557157007842222
0.557054630376977
0.545563235404746
0.684925119094488
0.618300092534327
1
8.39862167740943e-06
0.701633225462566
0.0839331207212631
0.426014874183708
0.183526761009905
0.635587174163328
0.859766146788658
0.589839070287559
3.81318625540524e-09
0.34223281090742
0.148510684711389
0.446522109399563
0.394148212915908
0.193392075146068
0.562316845714954
0.357336279844179
0.248490966328264
0.550715591524312
0.387806648198882
0.347239778292968
0.453715947801202
0.54379529035138
0.291891699152206
0.369525041150357
0.430592290209314
0.731193432974386
0.536680869337262
0.414418645903601
0.449715951573078
0.524713406788683
0.415289165416607
0.453357444363991
0.735547289091388
0.62056538821641
0.623962283063796
0.470127098618243
0.718951709509222
0.516722989298698
0.70834717947212
0.609177153414287
0.787558031844292
0.853672271757321
0.521090991253481
0.330947224167993
0.999961468347844
0.535678981557052
0.75265087816965
0.678811586251549
0.420408693609193
0.434156950178513
0.489024524381278
0.343685439781509
0.693539420429875
0.31700724425034
0.484938726397263
0.64548454549583
0.321106606234307
0.274470984442105
0.434465774885563
0.469273628238978
0.572230204874957
0.41203996165669
0.832507799400097
0.724786129900513
0.553962994208014
0.371537062904966
0.455964861979173
0.164934753210716
0.575390802079481
0.540465145155088
0.91894680376815
0.673087276243378
0.640955716881276
0.600972818819505
0.492451010341448
0.576545021572675
0.406805761073415
0.434430397389261
0.553073394052477
0.492516090722558
0.508365896631379
0.478269058922243
0.503766594554553
0.429809175198014
0.513273596321064
0.419916479170629
0.641860767572455
0.654984576362787
0.299039087297324
0.546076530213285
0.509271084574477
0.538252153676306
0.682026416813176
0.750868310985116
0.531730767237793
0.703579959182551
0.322334588265832
0.442200211883349
0.600433689270156
0.42972642032473
0.510583759831479
0.405559350927732
0.618402337280151
0.688655741798673
0.496326475702586
0.378220347141697
0.534756158810594
0.417013620608965
0.619212231125698
0.446432457403576
0.508907104598827
0.755314795381814
0.78007985430965
0.480967245383587
0.601332853152505
0.397654980799375
0.469735343414105
0.5467392748599
0.347878892276567
0.575061500837369
0.362734588254791
0.478638118049539
0.565294037042107
0.275035758392598
0.626958393389571
0.19465117103935
0.562612571810272
0.70711789434407
0.47678399625842
0.419007239459303
0.102880280175196
0.670920057830243
0.305197230340542
0.341678652088263
0.0595277859799075
0.512379146981136
0.174483158136527
0.376819815417258
0.463651889869056
0.370935961853316
1.2800874520286e-08
0.413154824740298
0.125718727045473
0.288604533911643
0.626787089125359
0.391333045403146
0.494775187393802
0.463805372882491
0.16187404815183
0.0946410390077047
0.630721836244671
0.586793444309875
0.888119641164365
0.460983096807197
0.527325000555631
0.562562029340442
0.365368001131567
0.390798633684918
0.57806951814106
0.396067861990359
0.672577374351289
0.515710871065808
0.63803120776208
0.588208557873923
0.316694141837345
0.465943790026535
0.561656929733778
0.588539698738657
0
0.355264915959837
0.550266531518269
0.461283319327438
0.227808128138079
0.57259855482408
0.36487889354628
0.805996911597239
0
0.377372650945168
0.54475931306082
0.489392122906064
0.75937848596009
0.999588546579525
0.671437200953715
0.636310206877496
0
0.503621154880027
0.647760787797879
0.495444753402567
1
0.810873789006412
0.760570877868915
0.496169954726685
0
0.78008715340565
0.79191902466242
0.85248658944417
1
0.502169615493209
0.614687656092047
0.654010746084733
0
0.744994645305875
0.592388869227499
0.735680418322942
1
0.468244716785204
0.596242650209826
0.876368526670902
0
0.999994870661211
0.698744017079624
0.987135056687316
0.791092405115732
0.734356751192175
0.549603483482707
0.929318030064093
0.657789832761663
0.543446852995304
0.557814113498359
0.727233639082059
0.458913558041229
0.370960816154285
0.314652879239103
0.667722535321755
0.250321897293134
0.358243869877633
0.475644014864004
0.500048159045773
0.245057926361911
0.270345514037421
0.169859083541028
0.64018521435753
0.184673015452281
0.252929725840081
0.369747506840552
0.263657332811486
0
0.643180834656369
0.269436064720557
0.644239913127084
0
0.439626324572782
0.283373353715577
0.0986382538938072
3.84617709234803e-10
0.822477177667066
0.480190661440308
0.5407456394842
0
0.382427585293509
0.257306386324377
0.566561299951461
2.46678893362993e-09
0.666965711554294
0.497861013222385
0.698267828377907
0
0.420310074558115
0.376614048087791
0.439887609950535
0.409370803585384
0.397915265879962
0.420820487272525
0.739929837675176
0.556233856015894
0.412020342135638
0.199600386339654
0.376349314859958
0.583516560510273
0.245711858234055
0.611623035662761
0.542345908607774
0.977419924361512
0.394452897336326
0.379521142707545
0.246718056942739
0.695778210348634
0.616617890023144
0.369376258077743
0.515385200065702
0.496044363543439
0.287839688636757
0.333250924146571
0.309294631178899
0.739982150786089
0.463078796171073
0.17610590178219
0
0.334157937871003
0.179932311823753
0.562839338372617
0.472626717816442
0.891955039533973
0.574325029771715
0.270736372224487
0.319284729504435
0.392096664076349
0.561156459445627
0.805993688501596
0.867809829828871
0.560933092935868
0.501202329581993
0.759046902690953
0.942699327701256
0.369154856623637
0.493894148548538
0.62145778110109
0.714098758413099
0.481036045430895
0.426960811412383
0.782987261970563
1
0.412949291104335
0.524318347988088
0.284638589291968
0.650301780748549
0.352670166166676
0.339934837881509
0.341844252464739
1
0.777773041878679
0.983670078778218
0.0994092632931934
0.596763998301967
0.385836996024458
0.414873816962581
0
0.269294218323861
0.595882935567757
0.994267648349547
1.90318454870765e-08
0.816244479587867
0.116209253692028
0.449315158320454
0
2.17483823565432e-06
0.643072907223787
0.86462621974713
0.752546544116278
0.921000878217944
0.539607532835444
0.615919899015803
0.00554706051864874
0.062958555045164
0.450658428650271
1.34135852855997e-09
0.572612650756647
0.700860205463565
0.396666646601973
0.372014185201949
0.369491064967873
0.583976632321222
0.341899147723574
0.0970705453617828
0.415587743704461
0.443902163814715
4.12101625983879e-06
0.44327048409314
0.31124098022949
0.626113198553069
0.50688003155153
0.264470375681121
0.384667256055544
0
0.0784511296648079
0.4547929076468
0.308617361250078
1
0.502213850529906
0.155432928099145
0.139582227964973
0
0.52168990773197
0.451011067233393
0.479164606909775
0.541023673550515
0.292867233650731
0.239073249175833
0.696752927004802
0.655212742307147
0.739339123927463
0.761325340060217
0.520310930665993
0.57606405110264
0.291350098123949
0.537046465499805
0.582895003888279
0.999951764002178
0.545606713293572
1
0.883843067846222
0.430020110616389
0.0944488680502186
0.345469686296983
0.788903787130485
0.614533893709648
0
1
0.742466850831783
0.472390705712423
0.164148587378961
3.97520307901015e-06
0.380994712264701
0.352557901679101
0
1
0.405348469068252
0.497800810983102
0.129812198196517
0.0476249718877204
0.0929476758010391
0.142495123486236
0.214578676436982
0.973334700361203
0.683133265128592
0.939466148571358
0.387875131713103
6.3782327104092e-06
0.343439423415361
0.573248738958532
0.864385336773139
0.627198742649209
0.856645023485663
1
1
0.326181763312491
0.881395495926612
0.595071512097312
0.332769098277849
0.636754853018992
0.737654847019694
1
1
1
0.547024263056469
0.999999999159403
0.596833041349493
0.954808029830897
0.775708867583818
1
1
1
0.123969637726648
0.836830442100425
0.00536338687644031
0.888777380229354
0.949413781950521
0.909616625690884
0.562320143276872
0.999774853353549
0.0973843660482685
0.366260918171785
0.0546211100311549
0
0.275109251527581
0.483204667317609
0.667792916271379
0.674825884680258
0.0974670138275245
0.252047181230124
0
0
0.26802353698852
0.150322314051595
0.361190566402238
0
0.377777191055282
0.493933279058832
0.538458547734466
0.535979263080278
0.226335848573716
0.334336265922132
0.543325771295754
0.467515403639593
0.678239364474505
0.359490027813588
0.354392860252154
0.422430950840485
0.34008503877121
0.224345813135994
0.538778979670808
0.781620264624572
0.533740379421152
0.300686934591479
0.478615225933395
0.57038403430565
0.364954145593549
0.45240329549065
0.342393094844885
0.999990855309157
0.999892202835397
0.549608772221118
0.595015202663242
0.81318460946476
0.453261493837539
0.547444278975518
0.3444653295082
0.776766232782013
0.949291012865544
0.374443015924128
1
0.99269285906292
0.167171055360707
0.23971093471445
0.189341583413866
0.230979163188806
0.649087918811697
0
0.627748112422787
0.86618586846811
0
0.264706409310425
0.000210976866926469
2.71987011705759e-09
0.789512251444615
0.832925864059404
0.498666691428215
0.459156488933838
0.469748877036665
0.32554339395313
0.0634950418680609
0.000549558107061946
0.999798895749878
0.92742422438071
0.4709375917916
0.543258429582482
0.692845498451969
0.633248106133803
0.280694598573058
0.666585215202066
0.999993194838248
0.867251547761999
0.458402485772512
0.614312313516502
0.303829274012508
0.702141818717308
0.289826185121148
0.702357006716134
0.99999884568353
0.5188604860245
0.546638674468306
0.835980971596218
0.432074984113946
0.628278362412896
0.509997523516377
0.682915693560935
0.424382057051324
0.657617395129173
0
0.933027877206728
0.344385239401241
0.710849771653227
0.222412453940974
0.259285700902976
0.312117027023801
0.91407580272214
0
0.57312004651874
0.307972604222132
1
0.244526419200429
0.154142958606657
0.334598259693182
0.999557145126757
0
0.380257075643948
0
0.517016683519443
0.664817756216453
0
0.440217485345209
0.322714708743664
0
0.706353690840664
0
0.517050107814878
0.783676688472372
0
0.287219787550201
0
0
0.633234774556769
0
0
0.530802019932542
0.228923657647736
0.177658550603177
0
0.308974695635143
0.0486217274684711
0
0
0.890666063889815
0.848488788603775
0.143380035070181
0
0.536349022578064
0.642125832850133
0.289705618157757
0
1
0.910593693530457
0.380557221991108
0.073591373166937
0.525492496833344
0.95147797512629
0.637387083267582
0
0.672421796894539
1
0.688918529541458
0.24962223662535
0.330855958282846
0.951046339134308
0.702711791413867
0.0840292794075522
0.258088855684671
1
0.999908370023953
0.539217404636473
0.222571110064388
0.99388857317544
0.718295383038885
0.411710872168183
0.0750455042392004
0.786028255940372
0.999990187850349
0.433976546606848
0.444331318100723
0.999999928974572
1
0.90765553346456
0.0243830730261558
0.814683609073932
0.99758925399381
0.792756948215021
0.354223510319157
0.512483619586752
1
0.779619316787892
0.203967221916943
0.459390846945602
0.837871933661061
0.829062579001388
0.126296026913436
0.663775433304252
0.676111346655987
0.758453414869207
0.0685307641771407
0.140798593791766
0.821929288011658
0.901292545891391
0.116653428318189
0.122133933666125
0.397721028761603
0.710049649999849
0.674624238058928
0.318384029491526
0.617989357336806
1
0.229006079741635
0.123260307168556
0.469189590382292
0.605389397785894
0.0710096996931674
0.264488759781428
0.595672150586286
0.999827579517438
0.174317219373699
0.0597422754417925
0.0539052054568279
0.999999025027814
2.53318296251114e-07
0.186150677365817
0.443901543888558
0.993625336911789
0.84912793266583
0.00404785070568783
0.331692693618384
0.999999985218294
6.77301295080762e-08
0.572791982521428
0.159106916785358
0.696460266643644
0.960766324405435
0.000269593516673173
0.870229912053715
1
0.097739841623271
1
0.000111981535793984
0.548029564325021
0.8686526203407
0.448030345946237
0.175211447969022
0.84186120587522
0.3682488278066
1
0.259948705051642
0.344312880381522
0.998591043883678
0.831042372038811
0.0115965538460722
0.26078244948135
0.127683295395223
1
0.0450361235649324
0.424213334873017
0.999519329179562
1
5.27638930818968e-05
0.0350816834662127
0.639219564690286
0.393388503212406
1.26499976399362e-05
0.28532625034752
0.766826689203491
1
1.977622940051e-06
0.231836951347942
0.760150285410286
0
0
0.0805939297924204
0.437719357207809
1
1.57203817156746e-07
0.535916295105115
0.570548672766227
3.14214396169051e-09
0
0.0617859072318412
0.136110036204709
1
0.193515707313742
1
0.160535464304109
0.375416792272522
0
0.15569942363567
0.087242086620348
1
0.683253097534358
1
0.45188495989042
0.69941485657591
3.89055540614036e-09
0.281276468827495
0.000365937810268546
1
0.869245986927757
0.918787817561689
0.837828922264651
0.675947126979486
0.811577884233698
0.269366367654877
3.40654575512209e-05
1
0.906382151453872
0.629966235906633
0.568274825800703
0.759884960153753
0.779023111031003
0.630759097890841
0.000779687121757584
0
0.841613195563162
0.608964820414959
0.102572931087252
0.648323195957685
0.726311745914011
1
0.0308178989325714
0.230940151175613
0.421642868929021
0.673427771137289
0.107206884445795
0.520856682479277
1
0.211316936687774
0.00565182347576322
0.795705003966426
0.852773622439531
0.660011221029903
0.573257060678624
0.443139969142064
1
0.358890183838365
0.179197741799943
1
0.575174533920452
0.50828607502324
0.74272906322542
1
1
0.59672506170464
0.694945769246202
0.249792966422095
0.35835546268822
0
0.599463048230667
1
0.80656308392733
0.999643493622356
0.77450567335139
0.0171576092595094
0.363202880403873
0.266962445005613
0.0301243187929486
0.974906050950683
0.217503814129071
1
1
1.81750808931146e-09
0.532182879728418
0.848981825207291
2.87448502841064e-09
0.255448480051178
0.0298977882548575
1
1
0
0.222124670265581
0.999975558396328
6.89507066695944e-08
0.188554958755853
0.00757145780101964
1
1
0.547047095297019
0.257925517482607
0.417631055222166
5.61890359633462e-07
2.16343890779993e-05
0.460487869678568
1
1
1
0.291438865791559
0.189065955073092
2.2405645485529e-06
0.36138796697219
0.539652907449329
0.80978668403223
1
1
0.234812594762398
0.406409233823712
0.000177474579309154
0.59673683037244
0.116214672030339
0
0.786029735673452
1
0.165722116288615
0.560786605228207
0.000545079140618766
0.33039115708087
1.13022729279153e-09
0
0.391121334306897
1
0.803737287950598
0.762534628590243
0.273571763220506
0.0943235367650659
0.00106111638392783
0
0.0493960198859245
1
1
1
0.178710053007137
0.0645403576600854
0.00564563828137123
0.494181164734789
0.0783520838220721
1
1
0.999995949804521
0.209004185703749
0.385829675698302
0.317262642725843
0.664436102791383
0.326504648502495
0.830973949333837
0.999999857264226
0.999988261747001
0.114408168623099
0.139000255200241
0.443843599455843
0.478717101302277
0.36303607747645
0.535796033692809
0.271551390989583
0.893074492118738
0.00952609438752741
0.00625685108969687
7.41001935527404e-10
0
0.252114641811678
0.112176352650589
0
0.584048651046385
0.163522323124407
0.0123353268988567
0
0
0.307186150232911
0.00451729476190665
1.80081135146606e-08
0.272250601729889
1
0.66355123127427
9.78753413191302e-07
0
0.258136349804
0.235866111127723
0.322638651501637
0.346783466699367
0.985577701584066
0.999333567204394
0.0654229620647337
0
0.540155579942821
0.621064807872301
0.249174879425634
0.665261925034154
0.924605949846858
0.989675560954392
0.173177178377179
0.0308776516155418
0.602229721564841
0.69981361683793
0.275930262462387
0.129764559052328
0.876695798405462
0.966844584839119
0.302053617390121
0.413602209815855
0.278734829561261
0.253439398726764
0.751030060260175
0.0583211598759793
0.714272274321011
0.84868881638854
0.481810634682154
0.100148741498352
0.42494628775416
0.317556237780138
0.109047906071953
0.0129804845167793
0.0712817109993123
1
0.834309903759496
0.0293456387206651
0
0.543369640786118
0
0.0582186247296031
1.0630927705921e-09
1
0.979103077881973
0.228883381120695
0
0.585020591671349
0
0.751335390946966
0
0.278528787980585
0.983431955695118
0.898046966642615
0.100394643904817
0.507387075473792
0
1
0
0.000128707578241242
0.999990524040198
0.907397778018522
0.0557827834171759
0.834705352270284
0.162165727209427
1
0
0
0.956441512435571
0.961221168245133
1
0.790611854805385
0.836233661237512
1
0
0
0.810248359034423
0.705250164007117
0.615373529950741
0.630077417481355
0.731981542889064
1
0
0
0.510854269526535
0.150399720450503
0.543681458193821
0.0936334747170379
0.322210696106455
1
0.206737571934359
0
0
0.796848061662362
0.999999415799055
0.107790090357659
0
0.683104669674631
0.953340811936129
0.886876147006844
0
0.963777511324036
0.999999926383318
0.127542410732351
0
0.770409816858735
0.989885309213985
1
0
0.967437801967329
1
0.240943741814297
7.51706064055763e-08
0.480116529572739
0.98558477277478
1
0.0393839167623189
0.0152999281368926
0.928364812632086
0.618302695217913
0.161812140901562
0.20043081901268
0.787685820732536
0.998942833859838
0.0415718865373388
0.0102769012287254
0.652700594893696
0.902447814120407
0.170170405497371
0.0245951919430013
0.453946688536938
0.746715920300481
0.0456588427795788
3.81617131191173e-06
0.819880372459957
0.999835314222968
0.16877691943893
0.105955429402059
0.441358455685484
0.871364712569144
0.299315683717893
0.00352293999450526
0.619726055476582
0.42935242524043
0.085089019268597
0.203731233987989
0
0.949140210667148
0.788368639065981
0.0140100023204824
0.47415448527468
0.537906539948386
0.117328445041497
0.24999322947183
5.52026731187669e-07
0.801913270523847
0.543127486060401
0.110462869121174
0.224728959642635
0.925465018517265
0.385677924747593
0.472993062012494
0.107606080665353
0.921663176020431
0.421266658204343
0.400159717756385
0.0127356258201887
1
0.989821416485424
0.968057569856049
0.0012453402489457
0.522285444653191
0.999974989794265
0.846549194860403
5.57833877768418e-09
1
0.99983048194076
0.999915607929356
4.80249223336514e-08
0.782768048095998
0.999985138513709
0.999924820142836
0
0.741564941389094
0.99996469320049
0.997717577173304
0
0.559180805933278
0.901038691990342
0.999997738875574
0
0.216929406241955
0.210348797156049
0.799089852680282
0.155639442780202
0.04671208383226
0.456718584723537
1
0
0.198886667764173
0.0127141366073336
0.665944326448264
1
0.08584867959059
0.19638213384991
1
0.220149499327298
0.00102401211534061
0.0310170866513317
0.774696617724655
1
0.666319693556732
0.370162396047085
1
0.999861906178279
1.05585151726213e-06
1.59451794069755e-08
0.550971637160416
0.999999639355585
1
0.215753167683098
1
0.962010528260165
0
1.42408187551704e-08
0.531236187934232
0.74791395371228
1
0.223850301788198
0.864804313636359
0.631068324884017
0.602231091553115
4.69855433091199e-09
0.425292315740065
0.5456874076997
1
0.177855115957426
1.34561430405736e-08
0.624411264926305
0.982914768176726
0.24530912703993
0.145352664874659
0.544219277365973
1
0.0416078155315477
0
0.889724633106698
0.84018695055119
0.118746821425477
0.0257969836590395
0.512580518897534
1
0
0
1
0.996926666512487
0
2.07200221164881e-05
0.19439017348565
1
0
0
0.575691550624752
0.501673005319661
0
0.0898014794630094
0.536359643494787
0.999860370778105
0
0
0.504391178133953
0.555651586624377
0.739145344276203
0.277919780440339
0.921456737159195
0.985285499352647
0
0
0.603279329189293
0.9949568524348
1
0.565869582367996
0.787105882591027
0.822259571736266
0
1
0.524324330748654
0.795286217900964
1
0.949699052618214
0.349105549677678
4.89299180331039e-07
0
1
0.0333320306594425
0.697882572807347
1
0.806900985657395
0.237981933500058
0.00110664460090938
0.615582507413008
1
0
0.487598900525106
0.787354845609465
0.597610569097352
0.16594260073486
0.275259108919175
1
0.999924381899051
0
0.273315821660919
0.357149906929068
0.410314482556559
0
0.224854782605748
1
0.448017480628732
0
0.294386986528634
0.0184230623673694
0.574217090263046
0
0.486559620559634
1
0.0131872191233798
0.258427841230122
0.023635316066968
0.031023467023916
0.745132237120071
0
0.624602814969312
1
0
0.568897366538258
0.0228193082806381
0.43553649698005
0.787835995973315
0
0.795507851158604
1
0.0383403949571601
0.505063169685935
0.245152956923295
0.231055666568838
0.668962067778148
0.567299856495359
0.878196224459139
1
2.72050751488868e-07
0.468675214648125
0.698361026589905
0.309648615425757
0.382397275614424
0.000138381260129469
1
0.220577770351994
0.289211248786358
0.861200142245288
0.302518392937716
0.329464394867198
0.268867348866863
0.292064292697155
0.803848850276324
0.290070509329361
0.342549490425389
0.999999928862769
0.281137453420919
0.155967355990246
0.284152875103412
0.25488431519282
0.805610793243398
0.329519153834614
0.360978281381746
1
0.499783494286111
1.1549477735077e-09
0.291597548849582
0.265645067025625
0.626158505171049
0.582828739663373
0.418541610291292
1
0.6902473868007
0
0.518893521147453
0.22742852385307
0
0.53840919870725
0.142052723945843
0
0.741489658190213
0
0.349590173976285
0.112201795803492
0
0.635167582631166
0.631375560631696
0
0.998895996912559
0.770773740054218
0.441035706133811
0.0388008570562898
3.3465163071999e-08
0.963452035702448
0.731132104812519
0
1
1
0.498546482271031
2.88075383351554e-05
0.196643438483723
0.423667431822571
0.719345806810539
0
1
1
0.5252146927506
0.112786372973431
0.221259153345197
0.279342555819968
0.543980533518627
0
1
1
0.978091526673157
0.201277019586772
0.461359523881306
0.701158989388336
0.632510002319686
0.369418745927689
0.416961137108822
1
0.51092935009469
0.318207547957579
0.42467053244606
0.771242706688229
0.520464083436758
0.199336247261591
0.368184348404105
1
0.69750963840892
0
0.641196487731599
0.622719741014755
0.845933972458109
0
0.297564120614845
0.397291076144307
0.766998294121234
0
1
0.515182822164393
0.818305077087542
0
0.173008531723886
1.15139102007188e-06
0.847182782468306
0
1
0.0154302773654822
0.700652422895473
0.278768657925
0.108087314681749
0
0.960894207250721
0.551965994504574
0.939410801879572
0.443845291206655
0.685051322612394
0.999999998276575
0.141169023453596
0
0.79315181990509
0.563342887494195
0.735754217482177
0.602027851889065
0.622437140306124
1
0.309353758842419
2.47056457750456e-06
0.350294601972798
0.471918125856395
0.99999994818997
0.429258575611464
0.539982829445958
1
0.478491702571089
0.207762060589479
0.548615266885359
0.242568488001447
0.971071892822355
0.212491098558414
0.0947535370871518
1
0.490193594312906
0.244079800322115
0.762639762838942
0.351660456141157
0.673292174120517
0.21510937574168
0.252680866654098
0.990142525931739
0.227756373133406
0.196473497671298
0.656893584039844
0.589446233587107
0
0.472584565291307
0.522409664559549
0.973014223726213
0.645759586839401
0.420721926743002
0.662165808575574
0.422995609570822
0
0.962813930562152
0.737064241276072
0.392032690007696
0.712075380490017
0.665640994158799
0.501296956403222
0.549992295061708
0
0.819683480221036
0.303219479406471
0.175980620735244
0.773944630295242
0.746823820063231
0.417589257506685
0.474877339335133
0
0.0513866165625914
0.225669346655162
0.118548254757965
0.864167150438182
1
0
0
0
1.06178635149902e-07
0.220656917580282
0.108358090484857
0.75338970035579
1
0
0
0.0659224024369657
0
0.410116292820349
0.210278055763907
0.499715141689217
0.834770078812266
3.1639821820102e-06
0
0.253774765616076
0.626526675123055
0.783684655374614
0.442337966310053
0.60029274939447
0.600597106872339
0.0576278138024677
0
0.764809002090358
0.75558509024207
0.998866335148982
0.834814190812549
0.663777177633545
0.167444805696024
0.712436202971319
0
0.893794283793251
0.211013883890391
0.946190045066688
1
0.282242227998067
0.192739901950951
0.999829130214032
0.699393450466542
0.268247221072681
0.00383210437417675
0.692945965238595
0.807427976481711
0.0545353256102395
0.120212374297181
0.647516600636826
0.641446787721558
0.37394999285306
0
0.50468599473194
0.522819280056739
0.060216316376714
0
0.193502827457593
0.451896267498852
0.918019421199491
0
0.302799655873809
0.556090519887538
0.0497654785440071
0
0.359389628000315
0.221002677201261
1
0
0.102419607636668
0.577681860386504
0.373822577222117
0.0105245271845071
0.531836545233196
0.604738354443953
0.99367614771178
0
0.0186850784106474
0.708116659674445
0.455567253991269
0.108238088114183
0.991546503594265
0.778910379202006
0.586661817045244
0
0.00257167847715401
0.594638667566426
1
0.439512755183069
0.915094864808788
0.488531207652722
0.393894346952424
0
0.000310516867937755
0.39333186059664
1
0.362374928067435
0.917872460806894
0
0.617528211944744
1
2.51605574513429e-06
0.401353756337754
1
0.595226812591006
0.498526322450452
0
0.608584342536702
1
0.0902020151086865
0.198373716975267
1
0.701768885173311
0.376501774192825
0
0.562591658597793
1
0.253128579846415
0.742757256267973
1
0.819463172141556
0.551786095377279
0.378370786490728
0.837511568061316
1
0.551108721217017
1
0.755865047018811
0.999890930593979
0.507931373421954
0.668165844186615
0.665513436080697
0.621099431164796
0.601779027038256
1
0.500565935776012
0.914087380517623
0.278194617220681
0.97388185112084
0.513084604725647
0.444294554156901
0.551203968453955
1
0.375807858711932
0.720773169923776
0.331028247464074
0.422503453575849
0.373895979542871
0.48332852951806
0.288956238513266
1
0.405641081952592
0.658785539187154
0.642359455211095
0.0655906221786992
0.0622842947465006
0.670766953357574
0.434945157858571
0.930072215783946
0.136521256201439
0.785810306746599
0.355235071435716
0.381798360243839
0.00800972117187873
0.542854755421145
0.705522198032369
0.545816167153328
0.118384942668483
0.606044461543018
0.360586205619944
0.0777287389991966
0.37530156095703
0.555220526843651
0.551144976470129
0.391044010520711
0.31942789246923
0.659103246618375
0.242947667437842
0.299189310135745
0.603157672251178
0.281124179245502
0.662292085847993
0.488696630297493
0.822164034305574
0.241824004782441
0.296045108247005
0.525949280971927
0.413941943470416
0.333630586931471
0.472217983280942
0.7105942188767
0.979303993099895
0.0563999258879714
0.510171891874344
0.366010256564619
0.168712920954428
0.468319821374859
0.640051385403344
0.528602225401499
0.725135796922159
0.042095836255943
0.515953717973737
0.242911406942574
0.160460922516994
0.474146497300878
0.56515683680085
0.520726720117783
0.0866540341253458
0.0460338329954302
0
0.310211105634485
0.0835581903192785
0.0633883192859141
0.703233893295042
0.0934264356805357
0.344303621034887
0.00590733115930683
0.175686173108061
0.0129432167185211
0.0487156361103953
0.427602143540528
0.142598622876189
0.178103614526592
0.999999506306652
0.741241603830658
0.520595752408375
0.0270279932642485
0.00555859875084474
0.326044004418612
0.310123479480669
0.523258750088224
1
0.858564149443819
0.5194269167424
0.162987929368037
0.192047310178216
0.582545855845663
0.776393591733733
0.905659969138388
1
0.512634927811058
0.325526039703323
0.631351138193653
0.357067826718464
0.336495235589359
0.769539179032664
0.83224511702578
0.552647054167143
0.196233839467823
0.21598296117976
0.941969443135282
0.667229746554127
0.299824982392923
0.599178135323164
0.675517095918203
0.164344903820616
4.59978364500443e-08
0
0.947072756044813
0.747407463687478
0.213812618706972
0.237740808725531
0.056537770324232
0.169656517923509
0.437123497589935
2.22774927478489e-05
0.930514889685517
0.733012252062067
0.255135361973204
0.0537387531026002
0.364229971290046
0.442780721134039
0.824475567053338
0.00626416689470248
0.787516599069024
0.68224993955744
0.598833928626183
0.133095090861517
0.669385980469604
0.658576516205537
0.918944671311794
0.470117337649795
0.549106345341569
0.781272027858154
0.999523600883648
0.496466882718441
0.924653490980745
0.465419735004194
0.807807037679934
0.828343118365424
0.120368426475188
0.455084831742708
0.666049970473516
0.894864255721905
0.658458962116336
0.167334133180323
0.605900815921937
1
0
0.488290860323579
0.815883256003215
0.540135663519452
0.403879999766162
0.424435786428574
0.522892039832821
0.726605767337621
7.72136724913418e-09
0.359300422287686
0.999999863655721
0.767695772913931
0.511179635321913
0.575691131904719
0.444936544243645
0.477093849076195
1.50958080677313e-08
0.510319608870427
0.821693154857112
0.998619681419307
0.267405129607472
0.412548622898442
0.387551466066582
0.317810742319832
7.148469538245e-10
0.602070741159471
0.714536141333937
0.766447001159924
0.335188119348217
0.588660400634172
0.334066649308315
0.290493995862061
0
0.386998946184486
0.53196516052896
0.71469106247094
0.0701048976249326
0.672802122993524
0.199048138703947
0.360648457589347
0
0
0.204514690505302
0.778946842798508
0.825950483062871
0.603809338141106
0.188823442958328
0.859525567530176
0.403348506942008
0
0.107401820040374
0.459359565162394
0.679589363531118
0.601572189329291
0.403297440055528
0.985248333685115
1
0.00318968320457961
0.00672264497639263
0
0.56782377013965
0.689991776016661
0.899019443133798
0.389937771697763
0.973769223408878
0.288932481803859
0.225298961448378
0.216561183433183
0.0781036841303501
0.72361400273239
0.981315429138831
0.00874568101255731
0.371304800227837
0.71780044825794
0.579898795754654
0.529481958931671
0.345049581198107
0.593003140661657
0.999992672990188
0
0.440098821128093
0.642529605585697
1
0.535910456454171
0.764496574957394
0.380183574000832
0.564073253176218
1.30554319436031e-08
0.486852186656188
0.294915517911372
0.52659778303775
0.862096319593884
0.807417164858463
0.189231508003451
0.392420770745611
0.414609776841202
0.55361078146694
0.158385816009871
0.334501048115245
0.31057897332674
0.548290797850613
0.27511058566821
0.217685474297323
0.553887249013727
0.769022258781601
0
0.214382430771705
0
0.439433138904824
0.474319324317815
0.374752998834704
0.45923429294302
0.602982518069166
0.208690877213263
0
0
0
0.535424329356454
0.451348054560256
0.183225531578683
0.310926160434197
0.282934738602645
0.248354047221569
0
0.258710229504276
0.489586124925885
0.726685365000811
0.353480139866135
0
0.420633087994446
0.871849689919212
0
0.501218217488788
0.473501411645385
0.287778367663281
1
0
0.363467197205817
1
0.599232882708373
0.999999246707378
0.286049357403833
0.481318940745807
1
0.369894118221791
0.37600453524192
0.573786979843753
1
1
0.211683010291916
0.591798697591406
0.842633794650759
0.659428729877397
0.123437554583928
0.160158753499973
0.915604298485408
0.613846284283924
0.397202306335766
0.665950954446556
0.4077777289028
0.764673157114418
0.249107203306033
0
0.155122778265537
0
0.459410570317685
0.595994741049191
0
0.695464546204269
0.528233507149875
0
0
0
0.660194977511188
0.444751508300682
0
0.434380856474648
0.350079691626393
0
0
0
0.886692142195016
0.338599412115971
0.18015500385514
0.45188712817048
0.717495481484832
0.441813175811336
0.343693700134068
0.418435910438876
0.947943979661461
0.370481388303345
0.410585837352397
0.71477800523001
0.913355134918618
0.736693125627181
0.979921970877062
0.882060949941726
0.705088841490647
0
0.550623853232933
0.719277812400378
0.895786148994322
0.474950462525405
1
1
0
0.018665837420403
0.432982822458462
0.641250511828208
0.901151410714892
0
0.618566179618169
1
0.137816909886684
0.644607564183533
0.275268577943231
0.487761120449536
0.502109939434401
0
0.289212363206171
0.999999999403983
0.55142914072243
1
0.127464525168778
0.234706503675016
0.418166561837456
0.421661365289384
0.247893834457931
0.995147746204494
0.376514628726943
0.611715038984698
0.240781341280064
0.0645056611271691
0.332392119117589
0.529378380682135
0.560441033687302
0.608961624823258
0.426296912181321
0.306368614615323
0.497022766405843
0.0247850493824925
0.140237962612768
0.883359779609947
0.83003060519356
0.503257002812631
0.45138934718324
0.130598901024335
0.986429155398496
0.0464408803558049
0.0723902527386257
0.608929341627887
0.77306514525227
0.701664714122409
0.499111537446899
0.259249932279533
0.777617892028041
0.491327653247955
2.07146989005327e-08
0.55090013831915
0.211111006640591
1
1
0.402371163467085
0.568053932825181
0.629596096540843
7.14465057385177e-09
0.341886328802688
0.0759641903483097
1
1
0.437074442742322
0.421038578667509
0.944216378531069
0.247704699596548
0
3.26629248026164e-07
1
1
0.671205658896153
0.344289117271935
0.685117183085419
0.422620534472715
0
1.49163807445954e-07
0.704359701076412
0.819233287574892
0.839804020540987
0.539797315626164
0.353749284699705
0.39313577780465
0.381753487295324
0.139228936779015
0.0880098058514514
0.50557452737738
0.555633891440354
0.667138926467134
0.28057186923186
0.783599241555686
0.763415155930038
0.621183848861782
0.262172422209496
0.518920102477138
0.293622963241584
0.970380319621152
0.710429186742047
0.346063235300363
0.566364031807205
1
0.71699521793124
0.514027220423687
0.0575378821958106
0.598867650487987
0.933230974769876
0.387551254137601
0.403339837685623
0.90465456708538
1
0.561616066042935
0
0.34203982155776
0.737067901270709
0.454203045963881
0.00852048691494183
0.642346921878057
1
0.554554973996183
0
3.90930795378746e-06
0.45804824089921
0.208785882024088
0
0.299992480905471
0.477462476254564
0.220831415813459
0
3.93190097895878e-09
0
0.240158967672909
0
0.138206756194853
0.19511802700653
0.202079090327331
0.423146402750094
0.071387969712172
0.00625461531472918
0.516090757324149
0.658556728792328
0.495085982998336
0.210863526223814
0.477845958993037
1
0.573506812147097
0.387024586008105
1
1
1
0.425120079496414
0.493862923052855
0.760793579712726
1
0.965214192836137
0.919213455858644
1
1
0.84451909515386
0.667816887215896
0.795413698857882
0.839052027840185
1
0.0841461257442589
0.87875225086406
1
0.904331307753468
0.489377370300492
0
0.398429762758128
0.459420161909209
0
0
0.918531564813403
0.542460790064437
0
0
0
0
0
0
0.355206887946671
0.419868839617139
0.0728784299687257
0
0
0
0
0
0
0.412710428900693
0.918052649180195
0.0845004844202816
0
0
0
0
0
0.523762191790886
1
1
0.436875373858414
0.119805921557201
0.164936116685485
0.747010692847077
0.23441100076662
0.562851822729151
1
1
1
1
1
1
1
0.52282720025639
1
1
1
1
1
1
1
0.485858424099727
0.557913087832785
1
1
1
0.664230794173936
0.825023694663231
1
0.521793352966325
0
0
0.391599952092452
0.163199332308508
0
0
0.437055509609601
0.48226969981774
0
0
0
0
0
0
0
0.335182498438247
0
0
0
0
0
0
0
0.116726162147882
0.22562562515131
0
0
0
0
0
0
0
0.900901444099288
0.222936482981584
0.550962963437607
0.834827826385964
0.594069801913436
1
0.623341145109156
0
1
1
1
1
1
1
1
0.28365308960731
1
1
1
1
1
1
1
0.77366465327241
1
1
1
1
0.373037327711003
1
1
0.845347216225332
0.540328489315321
0.986938983546203
0.4777629193133
0.0292328949000024
0
0
0.754313888940578
0.584905893756311
0
0
0
0
0
0
0
0.211152458591468
0
0
0
0
0
0
0
0.0461236558553341
0
0
0
0
0
0
0
0.256392336954312
0
0
