0.00221418	0.00549059	0.00319555	0.0148662	0.00926586	0.00168213	0.00331735	0.012585	
0.0022629	0.00563582	0.0032666	0.015218	0.0094847	0.00170648	0.00338419	0.0127696	
0.00278212	0.0072013	0.00402596	0.0189744	0.0118257	0.00196491	0.0040943	0.0146821	
0.0147756	0.0486217	0.0207876	0.0985028	0.0663472	0.00751951	0.0196687	0.0506323	
0.00915593	0.0222612	0.000158191	0.00921146	0.0101809	0.0178288	0.00148572	0.0347158	
0.0526838	0.118717	0.121548	0.201037	0.15254	0.0399931	0.0579184	0.15015	
0.0400005	0.0568622	0.0144169	0.109453	0.041524	0.0292169	0.0376428	0.0244389	
0.0151409	0.146661	0.0807246	0.116937	0.09649	0.0373086	0.0138494	0.0826442	
0.100133	0.235292	0.144505	0.293031	0.277694	0.0497455	0.0616955	0.169166	
0.00729076	0.0186983	0.0312252	0.0897085	0.128054	0.0797512	0.0860963	0.0887275	
0.00749495	0.0104699	0.0430161	0.0159333	0.0708848	0.0727	0.0766184	0.122916	
0.117297	0.181	0.196215	0.388304	0.306744	0.0734053	0.0882313	0.18336	
0.132013	0.259663	0.189551	0.426849	0.349346	0.064755	0.0885845	0.182736	
0.151693	0.227794	0.215504	0.488671	0.373725	0.100625	0.105358	0.188696	
0.0852139	0.255526	0.178177	0.230054	0.225589	0.0903051	0.135164	0.17688	
0.162806	0.255424	0.221649	0.509785	0.404793	0.11057	0.120226	0.194286	
0.0025687	0.0567131	0.0148185	0.0292002	0.121148	0.0856632	0.0983323	0.173267	
0.0773711	0.115176	0.103166	0.0946729	0.0851105	0.159917	0.155535	0.167795	
0.188817	0.238038	0.239818	0.532592	0.418769	0.167331	0.14052	0.195968	
0.191819	0.253147	0.246504	0.5617	0.451775	0.170661	0.156999	0.204296	
0.213167	0.252877	0.254875	0.565609	0.457191	0.21721	0.172616	0.204941	
0.0376923	0.103883	0.143517	0.12039	0.0484034	0.10205	0.198722	0.172666	
0.200259	0.253802	0.266771	0.56808	0.448857	0.236589	0.208296	0.214108	
0.239911	0.27425	0.254025	0.522332	0.39281	0.286592	0.210101	0.211063	
0.237421	0.27042	0.277183	0.599853	0.51055	0.291394	0.22322	0.218824	
0.290502	0.28076	0.297349	0.627048	0.5834	0.487476	0.327208	0.2324	
0.0147948	0.0252993	0.0138488	0.0217191	0.000714338	0.0145785	0.0355732	0.0893846	
0.11494	0.183329	0.157018	0.0744614	0.0626472	0.0315021	0.00113762	0.0170999	
0.258871	0.298158	0.322853	0.420224	0.338105	0.312911	0.260756	0.203352	
0.302047	0.294003	0.313898	0.636099	0.588139	0.488198	0.327507	0.230158	
0.309274	0.299292	0.309567	0.636512	0.598591	0.500809	0.333546	0.238604	
0.31257	0.30176	0.315697	0.644484	0.609662	0.504861	0.336076	0.237155	
0.351386	0.321768	0.318493	0.632591	0.597958	0.551538	0.362754	0.254099	
0.203377	0.212736	0.270521	0.285604	0.164778	0.217514	0.217891	0.174961	
0.344492	0.322419	0.33984	0.63242	0.603302	0.534444	0.366108	0.245529	
0.355394	0.325008	0.331653	0.656414	0.650008	0.563023	0.370293	0.251733	
0.402747	0.34709	0.347929	0.662799	0.6682	0.61058	0.399432	0.261591	
0.0307216	0.0489866	0.0126101	0.0597511	0.0277472	0.0121413	0.0266752	0.0257702	
0.266464	0.209844	0.235234	0.287469	0.220759	0.428397	0.379489	0.290675	
0.40365	0.345008	0.347983	0.644978	0.666748	0.623107	0.417038	0.273681	
0.416034	0.357399	0.363158	0.654612	0.659721	0.612928	0.412752	0.265678	
0.4267	0.361837	0.355713	0.669612	0.685451	0.631578	0.41794	0.272725	
0.427866	0.361815	0.360451	0.671334	0.690061	0.633338	0.421489	0.273251	
0.466099	0.378537	0.372143	0.667925	0.692768	0.661641	0.445163	0.286668	
0.0237334	0.0625791	0.0595887	0.0424752	0.0882725	0.0910409	0.0643519	0.0334206	
0.192499	0.130491	0.207408	0.147253	0.0780067	0.135814	0.160089	0.139708	
0.441991	0.369678	0.388401	0.598306	0.549356	0.566642	0.422606	0.276068	
0.4682	0.380238	0.381452	0.677935	0.710361	0.66171	0.448328	0.285942	
0.472936	0.383062	0.381066	0.678209	0.711184	0.665301	0.449455	0.287223	
0.50721	0.403064	0.401956	0.678076	0.715524	0.673994	0.470428	0.300048	
0.0195641	0.0773008	0.0151437	0.0261419	0.00941919	0.0204054	0.018741	0.0560464	
0.316475	0.337839	0.193482	0.323	0.148606	0.256078	0.281327	0.266728	
0.513158	0.40944	0.395264	0.671667	0.708107	0.679582	0.471355	0.307947	
0.51566	0.410133	0.409565	0.683073	0.726322	0.681059	0.481664	0.308936	
0.521606	0.413957	0.408947	0.682611	0.729035	0.687178	0.482642	0.311162	
0.554392	0.436466	0.431164	0.682096	0.735003	0.701814	0.511054	0.334743	
0.0643153	0.0759803	0.0500055	0.066691	0.103799	0.123608	0.0743194	0.0560044	
0.448585	0.277353	0.402568	0.630492	0.668073	0.621597	0.467594	0.32041	
0.558589	0.438352	0.43642	0.683413	0.739519	0.705099	0.510126	0.333664	
0.558135	0.433598	0.432469	0.680195	0.735602	0.702937	0.518147	0.34493	
0.563886	0.448289	0.441197	0.684443	0.740745	0.70701	0.517058	0.339925	
0.565879	0.452061	0.440906	0.684041	0.740237	0.707439	0.5187	0.342409	
0.583248	0.472939	0.453389	0.684838	0.743955	0.713764	0.530926	0.354546	
0.25701	0.383561	0.325323	0.459739	0.352761	0.291791	0.30458	0.320219	
0.585152	0.498404	0.476404	0.685	0.738409	0.700301	0.549509	0.373115	
0.333752	0.357023	0.159917	0.275605	0.309873	0.255843	0.222315	0.231759	
0.60427	0.519697	0.461678	0.678449	0.743989	0.720996	0.54692	0.377955	
0.603198	0.515483	0.475729	0.686266	0.748407	0.719997	0.552287	0.378327	
0.604933	0.519004	0.474544	0.685846	0.747984	0.721195	0.553031	0.380772	
0.535189	0.335731	0.495739	0.67904	0.745023	0.692537	0.542352	0.367308	
0.605112	0.517998	0.480147	0.686213	0.750343	0.721447	0.553371	0.379358	
0.607159	0.521356	0.476522	0.686117	0.748272	0.722109	0.554764	0.384269	
0.608027	0.528699	0.480319	0.686505	0.750062	0.722572	0.554903	0.382586	
0.60875	0.530501	0.480466	0.686577	0.749964	0.722788	0.555308	0.383487	
0.615534	0.548153	0.489011	0.68776	0.751675	0.724144	0.558899	0.389309	
0.488575	0.343011	0.458696	0.631401	0.671073	0.688214	0.570165	0.457152	
0.620448	0.559681	0.50109	0.68411	0.748417	0.728483	0.571028	0.410919	
0.224956	0.12163	0.389237	0.4688	0.552622	0.495468	0.259879	0.15931	
0.503457	0.302066	0.506731	0.667476	0.727762	0.68866	0.5511	0.380112	
0.626068	0.582439	0.510831	0.687327	0.75576	0.729585	0.571274	0.405372	
0.628314	0.60045	0.508259	0.687675	0.754393	0.730113	0.571517	0.407749	
0.633723	0.611571	0.51361	0.689698	0.757312	0.730768	0.572413	0.410359	
0.0787024	0.0919608	0.279039	0.416171	0.38059	0.504686	0.442122	0.308149	
0.57804	0.49278	0.521707	0.682391	0.760496	0.735618	0.580006	0.409884	
0.63422	0.610153	0.517484	0.689471	0.75917	0.732208	0.574177	0.410573	
0.634757	0.615917	0.515389	0.690077	0.758044	0.73271	0.574648	0.412612	
0.635727	0.61715	0.517832	0.690114	0.759308	0.732863	0.575077	0.412193	
0.632181	0.599995	0.516348	0.690121	0.756689	0.735088	0.579155	0.420469	
0.636246	0.622732	0.517861	0.690651	0.758997	0.734444	0.577006	0.415586	
0.257143	0.046234	0.480515	0.564934	0.559769	0.502659	0.399111	0.299764	
0.633895	0.557644	0.531339	0.688891	0.76274	0.729361	0.575831	0.411262	
0.639677	0.625852	0.522463	0.691097	0.761266	0.734294	0.577342	0.414781	
0.642933	0.639762	0.528354	0.692507	0.759984	0.736693	0.581033	0.423738	
0.445749	0.28493	0.473349	0.610428	0.649818	0.654425	0.540627	0.382874	
0.651266	0.649918	0.536508	0.694968	0.764655	0.736002	0.582056	0.422542	
0.65173	0.653102	0.536531	0.694791	0.764912	0.738255	0.583143	0.423947	
0.621998	0.666018	0.538391	0.691806	0.754057	0.725131	0.584661	0.424519	
0.652754	0.659284	0.540475	0.69676	0.765069	0.735491	0.583997	0.424852	
0.14174	0.326147	0.108177	0.220673	0.183865	0.29913	0.380655	0.307054	
0.617543	0.656256	0.521626	0.677044	0.742791	0.743232	0.583237	0.426059	
0.655865	0.659981	0.540303	0.696396	0.766482	0.73923	0.584598	0.425964	
0.644909	0.668397	0.546888	0.677298	0.734691	0.725312	0.588977	0.430515	
0.6556	0.662888	0.543952	0.696285	0.765407	0.738378	0.586357	0.427414	
0.500012	0.660372	0.339171	0.377816	0.330278	0.479505	0.483971	0.378703	
0.657778	0.667895	0.541238	0.694954	0.763159	0.740295	0.584547	0.427118	
0.657255	0.667455	0.547136	0.697218	0.766493	0.740231	0.587696	0.428833	
0.658481	0.669316	0.546882	0.698072	0.767553	0.741452	0.587301	0.42882	
0.661382	0.681234	0.553752	0.69971	0.768811	0.743823	0.590566	0.43223	
0.171608	0.177093	0.294529	0.271281	0.21085	0.389953	0.468839	0.382228	
0.658714	0.675596	0.557249	0.691718	0.760771	0.742701	0.590011	0.431925	
0.663771	0.682793	0.555848	0.700118	0.769844	0.745123	0.590748	0.432255	
0.431747	0.542204	0.435629	0.460421	0.447934	0.520122	0.543914	0.431964	
0.66211	0.686643	0.557847	0.698027	0.766141	0.743092	0.593095	0.435641	
0.665897	0.690345	0.556912	0.700452	0.769305	0.745577	0.591603	0.434512	
0.666304	0.690055	0.559781	0.701607	0.770976	0.746315	0.593125	0.435757	
0.670767	0.701791	0.563276	0.701267	0.77058	0.747143	0.594741	0.439563	
0.0534678	0.103107	0.00913418	0.00517828	0.0263883	0.0256314	0.00722597	0.0797116	
0.491014	0.619739	0.430471	0.41013	0.430386	0.568529	0.552381	0.42386	
0.671042	0.700578	0.566777	0.702256	0.772457	0.748732	0.596804	0.441101	
0.672183	0.702593	0.566815	0.703974	0.774007	0.749288	0.596597	0.441242	
0.674099	0.709027	0.571818	0.704573	0.774757	0.749962	0.600178	0.445275	
0.169079	0.270033	0.0845152	0.262074	0.240016	0.346352	0.323124	0.267055	
0.656784	0.716963	0.551029	0.689739	0.752496	0.742763	0.591443	0.442612	
0.674684	0.711399	0.572095	0.70674	0.776309	0.751329	0.59934	0.445283	
0.669713	0.723384	0.579449	0.704609	0.77433	0.749545	0.604072	0.452652	
0.381879	0.686937	0.355264	0.548679	0.581898	0.692666	0.559384	0.407738	
0.677231	0.726242	0.581794	0.70966	0.779692	0.755416	0.603643	0.45235	
0.678258	0.727658	0.58382	0.710794	0.780302	0.754014	0.603931	0.453131	
0.672606	0.737239	0.584099	0.709768	0.780497	0.758408	0.605679	0.456301	
0.425647	0.663368	0.461375	0.622048	0.686128	0.696834	0.590544	0.435812	
0.679417	0.738652	0.5918	0.713628	0.783708	0.755065	0.606376	0.457747	
0.680813	0.739602	0.591949	0.713303	0.783808	0.756427	0.606731	0.458184	
0.683262	0.745693	0.598259	0.714546	0.785977	0.757389	0.608847	0.461646	
0.126962	0.272887	0.0821074	0.296112	0.40648	0.482519	0.441443	0.291834	
0.668889	0.724187	0.578687	0.711314	0.778194	0.757045	0.607553	0.462748	
0.683508	0.748391	0.597589	0.715045	0.785829	0.75817	0.609098	0.462354	
0.617259	0.527974	0.559121	0.685342	0.749714	0.725409	0.604192	0.454187	
0.684028	0.74771	0.60019	0.715194	0.787055	0.757291	0.609771	0.462943	
0.684277	0.751075	0.599254	0.715568	0.786313	0.758423	0.610044	0.463714	
0.684881	0.751409	0.601	0.715711	0.787337	0.758003	0.610355	0.464008	
0.684654	0.755606	0.601246	0.716216	0.78514	0.759668	0.612831	0.468747	
0.583671	0.528627	0.528866	0.649797	0.709198	0.707229	0.598838	0.448149	
0.688108	0.761595	0.606307	0.717498	0.789039	0.758058	0.613603	0.469401	
0.68854	0.762194	0.60705	0.717699	0.789352	0.758694	0.613585	0.469456	
0.689947	0.768182	0.611374	0.71739	0.789166	0.758078	0.616453	0.473637	
0.0946628	0.0627368	0.0125029	0.205505	0.0659285	0.441158	0.427743	0.201905	
0.4153	0.72548	0.322194	0.418741	0.425946	0.644493	0.551386	0.413965	
0.689666	0.770366	0.61077	0.718853	0.788764	0.760036	0.614901	0.472762	
0.691157	0.770259	0.613252	0.719775	0.791047	0.759479	0.616388	0.474176	
0.691696	0.774647	0.616106	0.720903	0.791241	0.759813	0.616786	0.476271	
0.153835	0.330163	0.12658	0.253643	0.200435	0.3384	0.386421	0.295874	
0.655541	0.767651	0.570363	0.679362	0.735478	0.737148	0.618525	0.4791	
0.692301	0.774576	0.617512	0.721543	0.792135	0.759641	0.617981	0.477681	
0.692584	0.775225	0.61793	0.721742	0.792406	0.759911	0.617947	0.477761	
0.693362	0.779454	0.622205	0.723165	0.793298	0.759767	0.620203	0.481283	
0.173632	0.624343	0.181573	0.327542	0.368388	0.59531	0.460247	0.333057	
0.681207	0.78377	0.611637	0.720321	0.788292	0.763952	0.616816	0.479162	
0.69357	0.780789	0.622757	0.723979	0.794098	0.76146	0.61972	0.481122	
0.629658	0.778682	0.583643	0.713287	0.77776	0.74233	0.622023	0.487366	
0.693065	0.781953	0.624286	0.725462	0.794577	0.759705	0.620615	0.482843	
0.506344	0.738115	0.563144	0.676267	0.74751	0.764848	0.615412	0.475374	
0.693184	0.783009	0.62631	0.724701	0.795025	0.762427	0.621046	0.483184	
0.587023	0.661227	0.592955	0.720755	0.783687	0.739974	0.619411	0.494262	
0.693751	0.784832	0.626519	0.726459	0.795381	0.760945	0.621591	0.485061	
0.691829	0.774062	0.631524	0.725673	0.797681	0.761896	0.622162	0.484527	
0.694432	0.78501	0.62859	0.726256	0.796354	0.761496	0.621939	0.48495	
0.692546	0.781102	0.630943	0.728747	0.794623	0.762147	0.623965	0.489157	
0.644487	0.54987	0.639025	0.719994	0.800171	0.753849	0.616782	0.479225	
0.694301	0.790433	0.634957	0.728331	0.797568	0.762985	0.624353	0.488516	
0.694931	0.794399	0.637714	0.729913	0.799651	0.76187	0.625361	0.491895	
0.1468	0.09997	0.347267	0.427642	0.272055	0.390915	0.343241	0.129026	
0.651186	0.709337	0.644524	0.724747	0.793526	0.750803	0.619631	0.483746	
0.695892	0.793738	0.640762	0.730321	0.800115	0.762867	0.626658	0.491939	
0.690561	0.756818	0.638387	0.732875	0.791191	0.763114	0.629568	0.496248	
0.695171	0.796491	0.640826	0.731383	0.799044	0.763246	0.627431	0.493035	
0.696041	0.791959	0.644393	0.731268	0.801058	0.763706	0.627729	0.492835	
0.695813	0.798228	0.642829	0.732066	0.799816	0.763617	0.628038	0.493887	
0.696191	0.798088	0.644197	0.732137	0.800488	0.76383	0.628254	0.493926	
0.696804	0.800567	0.64839	0.733782	0.801021	0.764429	0.63064	0.496454	
0.403038	0.596438	0.382901	0.496562	0.599222	0.578009	0.48577	0.409724	
0.696167	0.803927	0.647024	0.734761	0.800587	0.762414	0.628151	0.497414	
0.697637	0.802886	0.648714	0.734924	0.801631	0.764334	0.63005	0.49713	
0.566358	0.385801	0.520437	0.52459	0.589033	0.625671	0.574127	0.455177	
0.698333	0.79734	0.650224	0.73107	0.800917	0.763435	0.63226	0.499126	
0.69857	0.802158	0.650007	0.734544	0.802487	0.764432	0.631124	0.498053	
0.694785	0.80243	0.652434	0.733367	0.79362	0.764625	0.63398	0.503125	
0.697868	0.80509	0.651817	0.735723	0.800817	0.76485	0.63248	0.500346	
0.472719	0.188114	0.525166	0.468719	0.591995	0.642408	0.571298	0.42534	
0.700943	0.788921	0.655738	0.733503	0.804205	0.762392	0.633122	0.501091	
0.7001	0.804242	0.654173	0.736098	0.803676	0.764352	0.632893	0.500858	
0.694829	0.800907	0.651724	0.730754	0.800518	0.764115	0.633501	0.504875	
0.700295	0.808088	0.655224	0.735408	0.803704	0.765289	0.633627	0.502674	
0.215387	0.120953	0.323003	0.45066	0.474173	0.475151	0.45149	0.383951	
0.693431	0.793714	0.654396	0.737007	0.800413	0.757664	0.634031	0.504337	
0.700528	0.807829	0.657664	0.737461	0.804699	0.7646	0.634397	0.50363	
0.695126	0.808154	0.657232	0.732081	0.805357	0.771387	0.633657	0.504232	
0.700954	0.808947	0.660031	0.736116	0.805786	0.767766	0.634351	0.504118	
0.386962	0.698797	0.397621	0.622287	0.674883	0.672959	0.618318	0.508688	
0.696786	0.810433	0.660806	0.740605	0.804894	0.762853	0.636609	0.508318	
0.701104	0.811125	0.663916	0.737988	0.806978	0.768364	0.635586	0.50691	
0.701517	0.812235	0.665019	0.739544	0.806988	0.766884	0.636455	0.50864	
0.700887	0.81168	0.672677	0.74047	0.809461	0.77011	0.638697	0.51394	
0.0579918	0.0673601	0.0663084	0.120632	0.106759	0.146509	0.32465	0.309489	
0.409009	0.497682	0.520457	0.597714	0.69835	0.658861	0.618285	0.507656	
0.701966	0.810764	0.671682	0.740579	0.807718	0.768017	0.640657	0.517213	
0.703641	0.817637	0.67487	0.741987	0.809183	0.769191	0.64072	0.51684	
0.704798	0.82121	0.679269	0.743062	0.810089	0.769626	0.642092	0.520873	
0.186358	0.0596149	0.36637	0.405558	0.410946	0.36746	0.335595	0.19412	
0.686142	0.771068	0.667796	0.730093	0.801952	0.750401	0.639161	0.514494	
0.706044	0.819968	0.681621	0.743098	0.810462	0.76961	0.644263	0.522102	
0.70761	0.821912	0.685564	0.743582	0.808587	0.772345	0.646924	0.52671	
0.121342	0.0552494	0.154783	0.219354	0.26888	0.345233	0.29101	0.149919	
0.6499	0.640271	0.62475	0.704635	0.777939	0.705773	0.614788	0.505723	
0.709034	0.822812	0.689743	0.744784	0.810873	0.77165	0.648636	0.528385	
0.706726	0.823578	0.693904	0.745064	0.811005	0.77331	0.64861	0.530629	
0.698872	0.756181	0.633164	0.721555	0.785826	0.759236	0.6461	0.527416	
0.711073	0.824817	0.695939	0.746394	0.812249	0.77273	0.650013	0.532847	
0.710908	0.82582	0.696443	0.746675	0.811797	0.773501	0.650566	0.533116	
0.713476	0.825169	0.699076	0.748254	0.811627	0.773697	0.652151	0.536007	
0.0613887	0.0500657	0.081561	0.299983	0.290724	0.264157	0.300006	0.261736	
0.669169	0.779699	0.665112	0.731176	0.773122	0.766472	0.644728	0.524801	
0.713265	0.828633	0.699659	0.748078	0.811035	0.774804	0.652269	0.536085	
0.715072	0.823837	0.703368	0.748624	0.811007	0.772697	0.651511	0.538914	
0.683094	0.795841	0.66352	0.720996	0.745786	0.759181	0.64698	0.5339	
0.7161	0.830454	0.705962	0.749503	0.812078	0.775994	0.65338	0.539754	
0.718178	0.831079	0.702494	0.748215	0.809548	0.778419	0.654949	0.54385	
0.707522	0.808187	0.683786	0.749789	0.807214	0.764294	0.652676	0.543241	
0.718423	0.831746	0.710122	0.750517	0.811481	0.77772	0.656329	0.544758	
0.716265	0.835715	0.711661	0.746378	0.809571	0.777205	0.653508	0.545059	
0.71909	0.835015	0.712019	0.750162	0.812205	0.778883	0.655869	0.545469	
0.321423	0.130878	0.347414	0.455028	0.389563	0.422852	0.414743	0.449455	
0.715503	0.816239	0.710446	0.752045	0.809948	0.773755	0.654547	0.548594	
0.719735	0.833445	0.71385	0.75154	0.812932	0.779081	0.656231	0.546723	
0.723611	0.823893	0.710633	0.750275	0.809576	0.778963	0.658272	0.552552	
0.721924	0.833477	0.714811	0.751605	0.812353	0.779777	0.657457	0.549229	
0.3465	0.211092	0.56999	0.58096	0.531883	0.444015	0.36682	0.423456	
0.710963	0.806821	0.714453	0.752886	0.812276	0.775231	0.654816	0.549926	
0.72138	0.834202	0.717295	0.752789	0.813174	0.780191	0.657646	0.549923	
0.717542	0.835533	0.718314	0.754118	0.812611	0.780174	0.656592	0.556231	
0.592571	0.749179	0.674733	0.711493	0.783653	0.741626	0.637987	0.527015	
0.7246	0.834989	0.721349	0.755126	0.813139	0.7818	0.659842	0.556926	
0.713262	0.831166	0.685368	0.746535	0.807747	0.784875	0.657834	0.553752	
0.724654	0.835239	0.722442	0.755101	0.813722	0.782695	0.659825	0.556869	
0.720645	0.831419	0.667558	0.745307	0.793161	0.769678	0.665382	0.557667	
0.725127	0.835351	0.722015	0.755917	0.813751	0.782248	0.660919	0.557551	
0.725512	0.835947	0.722713	0.755574	0.814018	0.783061	0.659909	0.55765	
0.725608	0.835768	0.723168	0.756527	0.813897	0.782644	0.661259	0.558326	
0.725873	0.835987	0.723728	0.756496	0.814094	0.782962	0.660993	0.558472	
0.727616	0.83723	0.72526	0.757708	0.814485	0.784093	0.662611	0.560828	
0.690229	0.672109	0.620335	0.73494	0.781184	0.764681	0.65682	0.574619	
0.730795	0.833247	0.729321	0.758196	0.815002	0.78475	0.662978	0.56293	
0.694566	0.754953	0.634581	0.743126	0.794767	0.772924	0.668291	0.56593	
0.730338	0.837636	0.729161	0.758708	0.81409	0.785086	0.664224	0.563745	
0.72224	0.835422	0.71889	0.752202	0.817601	0.788221	0.661306	0.561289	
0.731253	0.837307	0.729767	0.758189	0.815403	0.786263	0.664002	0.563734	
0.614311	0.786001	0.473715	0.648059	0.713608	0.712157	0.661626	0.543005	
0.731456	0.837748	0.727535	0.757561	0.813454	0.784759	0.666341	0.565155	
0.73173	0.837663	0.730018	0.758379	0.814936	0.785918	0.664961	0.564393	
0.732236	0.838598	0.732065	0.757954	0.812389	0.787203	0.664943	0.564494	
0.711916	0.815264	0.681058	0.714901	0.777197	0.764093	0.664138	0.555847	
0.73491	0.837825	0.735844	0.758955	0.814961	0.786752	0.667173	0.566416	
0.735039	0.837979	0.736081	0.759042	0.814985	0.786969	0.667262	0.566617	
0.736715	0.838633	0.73885	0.758911	0.815017	0.787836	0.668994	0.568801	
0.303787	0.323524	0.2762	0.489357	0.50522	0.646815	0.563824	0.477904	
0.729713	0.830501	0.732249	0.757483	0.814236	0.788923	0.666848	0.566032	
0.73678	0.83835	0.740802	0.759332	0.815756	0.788405	0.668722	0.568353	
0.720057	0.82208	0.711327	0.748549	0.802053	0.777215	0.666043	0.570608	
0.737967	0.839037	0.741277	0.759154	0.815729	0.78792	0.669053	0.569107	
0.65648	0.752382	0.712378	0.738437	0.789103	0.765369	0.650286	0.554974	
0.737364	0.838111	0.743383	0.759797	0.816233	0.788614	0.669684	0.569018	
0.73878	0.839611	0.743206	0.75956	0.816195	0.788571	0.669373	0.569504	
0.738625	0.838929	0.744773	0.759971	0.8165	0.788778	0.670144	0.569776	
0.733296	0.835072	0.736067	0.757773	0.815454	0.784754	0.662895	0.567253	
0.739495	0.840108	0.74523	0.760168	0.816629	0.78898	0.669768	0.570137	
0.598637	0.630699	0.663978	0.700551	0.786247	0.688367	0.595926	0.508447	
0.738663	0.837247	0.746781	0.75996	0.817431	0.788845	0.671205	0.570401	
0.740161	0.840704	0.746737	0.760636	0.816829	0.789491	0.67007	0.570578	
0.740582	0.840193	0.747922	0.760728	0.817376	0.789673	0.671052	0.57107	
0.742435	0.841421	0.750914	0.761678	0.817532	0.791065	0.671802	0.572447	
0.24089	0.0511324	0.401305	0.381771	0.396582	0.325474	0.316932	0.285858	
0.718132	0.806795	0.74284	0.743218	0.81179	0.780434	0.668071	0.567161	
0.742778	0.840816	0.752072	0.7614	0.818437	0.791033	0.672552	0.572692	
0.743418	0.841853	0.755379	0.762514	0.816989	0.793105	0.673551	0.574818	
0.216033	0.0848956	0.187902	0.201247	0.352032	0.355136	0.292229	0.260653	
0.717955	0.799588	0.722313	0.726142	0.787132	0.774453	0.666331	0.568035	
0.74476	0.841221	0.75647	0.762263	0.819486	0.792547	0.674227	0.575292	
0.742737	0.838588	0.755437	0.761129	0.818145	0.797412	0.675051	0.57462	
0.744952	0.840478	0.757202	0.762389	0.81973	0.794577	0.674702	0.575166	
0.496603	0.774432	0.553939	0.563706	0.655975	0.718503	0.627137	0.554485	
0.741835	0.841698	0.757896	0.761721	0.8178	0.790371	0.675149	0.577777	
0.745143	0.841132	0.758369	0.762819	0.819762	0.793316	0.675042	0.576182	
0.74404	0.83885	0.761829	0.764652	0.822314	0.796019	0.674975	0.575425	
0.656998	0.82791	0.744683	0.731927	0.787154	0.773933	0.664335	0.579226	
0.746574	0.840126	0.763214	0.764618	0.821067	0.794601	0.677111	0.577898	
0.746707	0.840088	0.763582	0.76496	0.821404	0.794889	0.676956	0.577805	
0.747569	0.840338	0.767017	0.76614	0.821566	0.795574	0.67811	0.579947	
0.119232	0.172748	0.519951	0.543612	0.646753	0.496574	0.429871	0.40211	
0.727176	0.819155	0.753532	0.764555	0.825599	0.796015	0.675711	0.575015	
0.747799	0.839746	0.76779	0.766534	0.822555	0.796269	0.678098	0.579575	
0.745218	0.830887	0.757583	0.763925	0.818834	0.793208	0.676376	0.582304	
0.74842	0.840675	0.768111	0.766356	0.822062	0.79652	0.6783	0.580583	
0.660706	0.681097	0.720983	0.741983	0.793947	0.741911	0.636161	0.553875	
0.747811	0.839014	0.769783	0.767058	0.82282	0.7976	0.678928	0.580373	
0.749101	0.841361	0.769164	0.766538	0.822708	0.797305	0.678605	0.581226	
0.749101	0.840767	0.770615	0.767024	0.823077	0.797768	0.679223	0.581457	
0.749871	0.840479	0.771436	0.767783	0.821693	0.798695	0.678519	0.583378	
0.702439	0.760025	0.725892	0.730919	0.808288	0.767446	0.654174	0.567364	
0.751621	0.841235	0.774303	0.767309	0.823427	0.799593	0.680718	0.584676	
0.73642	0.838608	0.767193	0.756216	0.80954	0.799679	0.677054	0.581983	
0.751406	0.84139	0.775044	0.768258	0.823416	0.800164	0.680507	0.584498	
0.742837	0.836746	0.771824	0.745287	0.809926	0.793773	0.681754	0.58823	
0.751972	0.841173	0.7756	0.767276	0.824061	0.799852	0.68138	0.585436	
0.722285	0.837473	0.756752	0.733964	0.774635	0.790275	0.663969	0.577786	
0.752033	0.841753	0.776435	0.768868	0.823509	0.800708	0.680954	0.585503	
0.738803	0.803058	0.771702	0.756047	0.823437	0.796795	0.68068	0.583343	
0.752281	0.84019	0.777818	0.76839	0.825506	0.800916	0.681905	0.586137	
0.543344	0.605559	0.568789	0.717388	0.690928	0.719469	0.608419	0.528857	
0.750784	0.839954	0.77658	0.768531	0.821355	0.801146	0.681511	0.587056	
0.752722	0.841535	0.778132	0.768601	0.824547	0.801278	0.682016	0.586597	
0.750957	0.839498	0.77928	0.771211	0.825383	0.801887	0.683059	0.587694	
0.714251	0.810605	0.689238	0.718116	0.778393	0.781808	0.663748	0.574576	
0.75247	0.841549	0.780345	0.770857	0.825749	0.803787	0.683138	0.5881	
0.74938	0.840394	0.779299	0.7703	0.82479	0.801216	0.684402	0.590503	
0.752722	0.841833	0.78095	0.771109	0.825813	0.803116	0.683582	0.588861	
0.637591	0.786149	0.736982	0.73407	0.812566	0.805323	0.677665	0.582485	
0.752783	0.841225	0.781279	0.770267	0.826624	0.804438	0.683851	0.588636	
0.752949	0.841903	0.781537	0.771115	0.826033	0.803749	0.684082	0.589544	
0.753373	0.841733	0.781964	0.770957	0.82658	0.804276	0.684196	0.589321	
0.754291	0.841553	0.78359	0.77147	0.826787	0.805372	0.685394	0.591211	
0.209526	0.08436	0.454491	0.546808	0.629415	0.368266	0.27198	0.287047	
0.704424	0.775414	0.765357	0.764206	0.832465	0.796458	0.676095	0.581952	
0.754545	0.841606	0.784178	0.771446	0.82791	0.805865	0.685581	0.590898	
0.754924	0.842216	0.786045	0.77226	0.827586	0.80887	0.685974	0.591303	
0.35835	0.15996	0.236146	0.295032	0.403827	0.388328	0.459568	0.399356	
0.746397	0.823087	0.762612	0.766861	0.818882	0.794558	0.683083	0.589543	
0.754901	0.841899	0.786686	0.772863	0.828445	0.808264	0.68639	0.591714	
0.755956	0.841649	0.787053	0.77167	0.8289	0.80935	0.686792	0.592787	
0.741321	0.834344	0.768542	0.767365	0.815069	0.800456	0.683593	0.591467	
0.756303	0.841837	0.788833	0.773432	0.829261	0.809032	0.687407	0.593353	
0.75638	0.84206	0.789131	0.773584	0.829235	0.80954	0.687345	0.593243	
0.756867	0.842065	0.791584	0.775031	0.828642	0.810972	0.687777	0.594382	
0.235208	0.518178	0.252856	0.380218	0.321274	0.443046	0.348419	0.29652	
0.751271	0.839198	0.781847	0.7667	0.821695	0.809402	0.684124	0.592126	
0.75741	0.842173	0.791901	0.774774	0.829488	0.811599	0.687792	0.59451	
0.75505	0.839933	0.791507	0.774553	0.828329	0.809525	0.688429	0.597857	
0.757334	0.841798	0.793178	0.775091	0.829835	0.811302	0.68856	0.59629	
0.460844	0.55438	0.278671	0.517033	0.503806	0.630161	0.423064	0.292063	
0.754999	0.837304	0.785007	0.775081	0.822995	0.812781	0.682845	0.591935	
0.75757	0.842322	0.794178	0.77586	0.82955	0.812467	0.688256	0.596212	
0.743651	0.830258	0.79321	0.774395	0.835147	0.814782	0.687463	0.593874	
0.757596	0.84188	0.794523	0.775898	0.830863	0.813153	0.688368	0.59591	
0.688713	0.777195	0.763041	0.76785	0.805582	0.79553	0.67121	0.587797	
0.757808	0.842463	0.795134	0.776444	0.829344	0.813181	0.688276	0.596772	
0.758048	0.842231	0.79513	0.776384	0.830834	0.813759	0.688585	0.596364	
0.758389	0.842586	0.795455	0.776574	0.830301	0.813728	0.688647	0.596746	
0.758896	0.842222	0.796847	0.77738	0.831487	0.815631	0.689576	0.597338	
0.211999	0.0325159	0.206935	0.354553	0.51239	0.410243	0.331599	0.259134	
0.693425	0.782288	0.758496	0.771422	0.813686	0.797106	0.674512	0.59077	
0.760066	0.843093	0.797506	0.777954	0.830417	0.815434	0.689418	0.597783	
0.760055	0.84321	0.7977	0.778002	0.830816	0.815644	0.689558	0.597769	
0.760792	0.844019	0.799776	0.779764	0.830427	0.816493	0.68946	0.598684	
0.236373	0.0798369	0.437344	0.596749	0.564876	0.344375	0.29273	0.245767	
0.713578	0.773642	0.776449	0.770508	0.835995	0.795774	0.676365	0.58366	
0.761296	0.844245	0.799884	0.779698	0.83163	0.816634	0.689864	0.598366	
0.76156	0.844306	0.80027	0.779924	0.831402	0.81686	0.689824	0.598461	
0.761904	0.842976	0.801802	0.781052	0.833071	0.818157	0.690661	0.598249	
0.197145	0.166306	0.114671	0.247064	0.307604	0.406499	0.311562	0.181234	
0.738071	0.817314	0.740577	0.768965	0.809075	0.800703	0.667151	0.584101	
0.762898	0.843738	0.802493	0.781517	0.832125	0.818627	0.690233	0.598621	
0.762855	0.843792	0.802725	0.78151	0.832343	0.818557	0.690587	0.598822	
0.763569	0.844518	0.802567	0.782677	0.83059	0.819781	0.68963	0.599557	
0.752916	0.834637	0.738612	0.755108	0.814139	0.801969	0.686918	0.593066	
0.763687	0.844568	0.804043	0.782788	0.832176	0.819287	0.691003	0.600122	
0.764106	0.844186	0.802371	0.78367	0.833013	0.820917	0.690355	0.599996	
0.76062	0.840345	0.773006	0.775843	0.826027	0.814288	0.693141	0.599824	
0.764445	0.844595	0.804148	0.783784	0.833404	0.820089	0.691266	0.600547	
0.76415	0.844259	0.804065	0.784376	0.828523	0.820062	0.689119	0.60139	
0.764874	0.844874	0.804731	0.784304	0.832497	0.820439	0.691013	0.600964	
0.749684	0.826441	0.735627	0.740079	0.802755	0.797635	0.686086	0.591764	
0.764983	0.844463	0.804503	0.783729	0.832988	0.819795	0.692036	0.601347	
0.765275	0.844975	0.804687	0.784626	0.83254	0.820956	0.690895	0.601169	
0.765304	0.844836	0.805155	0.784557	0.832918	0.820576	0.691467	0.601435	
0.766048	0.844891	0.805696	0.785455	0.833077	0.821329	0.691472	0.602028	
0.723317	0.795809	0.539448	0.678629	0.747878	0.76244	0.659396	0.556439	
0.766442	0.843901	0.802951	0.78329	0.833163	0.819361	0.692996	0.603017	
0.766288	0.844737	0.805939	0.785181	0.833406	0.820922	0.691997	0.602439	
0.761776	0.843413	0.767599	0.779194	0.821299	0.825398	0.682719	0.595049	
0.766468	0.844946	0.805849	0.785695	0.833385	0.821808	0.691517	0.602258	
0.766436	0.84177	0.793212	0.779482	0.830491	0.815211	0.693733	0.60308	
0.76688	0.844672	0.806408	0.785446	0.833969	0.821038	0.692247	0.602905	
0.761468	0.839004	0.783589	0.778092	0.818645	0.823693	0.679131	0.594884	
0.767279	0.845042	0.806599	0.78599	0.8337	0.822405	0.691616	0.603052	
0.733259	0.757523	0.776035	0.764292	0.825073	0.776105	0.666332	0.581125	
0.767569	0.844293	0.8068	0.785828	0.835031	0.821573	0.692377	0.603412	
0.767878	0.84494	0.806995	0.78612	0.833657	0.822008	0.691922	0.603968	
0.768231	0.845145	0.807507	0.78621	0.834592	0.822198	0.692382	0.603908	
0.769429	0.845057	0.808209	0.786573	0.834179	0.822837	0.692063	0.60508	
0.72445	0.772438	0.777219	0.776477	0.83652	0.79516	0.674809	0.589758	
0.769789	0.845434	0.808957	0.78676	0.835001	0.823035	0.692654	0.605087	
0.770767	0.845993	0.810352	0.787316	0.834963	0.82284	0.693329	0.605895	
0.326906	0.321741	0.649299	0.721271	0.788107	0.71035	0.620271	0.562179	
0.762304	0.830042	0.808242	0.786825	0.837614	0.823523	0.692617	0.605262	
0.771082	0.845797	0.810559	0.78737	0.835528	0.823181	0.693321	0.605866	
0.767919	0.838897	0.806862	0.787194	0.832088	0.822066	0.6894	0.604701	
0.771424	0.846025	0.810893	0.7876	0.835111	0.823567	0.693112	0.606097	
0.741413	0.791341	0.79237	0.781876	0.837536	0.804095	0.681905	0.595452	
0.771479	0.845669	0.811146	0.787753	0.83579	0.823464	0.693519	0.60609	
0.771976	0.845968	0.811413	0.78789	0.835395	0.823788	0.693314	0.606382	
0.772028	0.845961	0.81165	0.788011	0.835627	0.823765	0.69356	0.60643	
0.772973	0.845088	0.812443	0.788877	0.835003	0.824142	0.693028	0.607562	
0.735935	0.787081	0.78696	0.776527	0.835013	0.800151	0.676477	0.592798	
0.773815	0.846259	0.813322	0.78902	0.836044	0.824447	0.694186	0.607733	
0.774597	0.846359	0.814186	0.790349	0.836174	0.825817	0.693586	0.608452	
0.093436	0.372176	0.185427	0.189934	0.271138	0.401921	0.408876	0.238168	
0.741281	0.83328	0.761539	0.742348	0.804219	0.804616	0.695192	0.60493	
0.775299	0.846419	0.814868	0.789694	0.836388	0.824923	0.694504	0.609286	
0.775376	0.846574	0.814989	0.79011	0.836337	0.825355	0.694225	0.609192	
0.776069	0.846759	0.815966	0.789462	0.836111	0.824484	0.695394	0.610637	
0.762628	0.844958	0.777467	0.773685	0.817557	0.822791	0.679577	0.595546	
0.776538	0.847181	0.816505	0.790823	0.83639	0.825647	0.694695	0.610302	
0.776508	0.845595	0.817296	0.791372	0.837642	0.824914	0.695297	0.610909	
0.748375	0.817701	0.793757	0.787401	0.825635	0.816827	0.683279	0.602287	
0.77757	0.847398	0.817782	0.791796	0.836901	0.825723	0.695042	0.611221	
0.77821	0.848109	0.818603	0.791703	0.836928	0.826378	0.695677	0.611744	
0.681367	0.661229	0.449745	0.688754	0.616419	0.610357	0.56242	0.553165	
0.779157	0.845556	0.814149	0.792221	0.836091	0.822002	0.693556	0.613004	
0.778662	0.848044	0.818936	0.792059	0.83724	0.826041	0.695646	0.612177	
0.757654	0.830286	0.813587	0.788908	0.83471	0.826735	0.69527	0.612135	
0.778787	0.847642	0.819163	0.792233	0.83742	0.826499	0.695852	0.612362	
0.753283	0.833499	0.808226	0.790963	0.8327	0.821541	0.693633	0.613493	
0.778986	0.848207	0.819206	0.792467	0.837159	0.826484	0.69595	0.612759	
0.756666	0.82642	0.812862	0.783177	0.836462	0.823811	0.696156	0.61288	
0.77944	0.84777	0.819389	0.792206	0.837668	0.826671	0.696388	0.613154	
0.755751	0.843489	0.79762	0.741754	0.786363	0.825561	0.690715	0.60223	
0.779384	0.848264	0.819662	0.792668	0.836711	0.827396	0.696324	0.613062	
0.779729	0.848131	0.818767	0.791386	0.837195	0.826312	0.697368	0.61404	
0.779628	0.848267	0.819636	0.792564	0.837247	0.827015	0.696818	0.613566	
0.780161	0.848591	0.818061	0.7923	0.837668	0.828179	0.696781	0.613722	
0.774552	0.84577	0.776085	0.783004	0.829816	0.819708	0.699024	0.611255	
0.780368	0.848601	0.819898	0.792381	0.8377	0.82761	0.697564	0.614447	
0.779611	0.848869	0.820626	0.791568	0.835336	0.828038	0.698161	0.614783	
0.780284	0.848765	0.820311	0.792762	0.837203	0.827813	0.697806	0.614591	
0.764017	0.841698	0.807241	0.717355	0.797493	0.816816	0.696172	0.614281	
0.780479	0.848795	0.820043	0.792074	0.837815	0.827518	0.698133	0.614966	
0.780431	0.849063	0.820097	0.792802	0.837276	0.828266	0.697606	0.614641	
0.780617	0.848964	0.820417	0.792869	0.837722	0.827867	0.698146	0.615098	
0.780652	0.849014	0.820469	0.792905	0.83774	0.827948	0.698122	0.615113	
0.780972	0.849269	0.820879	0.793142	0.837945	0.828177	0.698414	0.615714	
0.781114	0.847757	0.802222	0.782692	0.83536	0.824889	0.702074	0.621382	
0.782048	0.849137	0.820709	0.792537	0.838445	0.827944	0.699567	0.617668	
0.0711338	0.0353162	0.0499282	0.0996223	0.217469	0.321585	0.380884	0.1161	
0.618202	0.795775	0.422296	0.611347	0.644334	0.778673	0.632737	0.496938	
0.781166	0.849885	0.817237	0.793072	0.837111	0.829309	0.697761	0.616601	
0.782193	0.849513	0.821834	0.793308	0.838572	0.82859	0.699114	0.617639	
0.781989	0.850228	0.822072	0.793343	0.837989	0.829156	0.699139	0.61784	
0.781369	0.84883	0.817639	0.791153	0.837926	0.827479	0.700008	0.617281	
0.782188	0.850039	0.822445	0.793417	0.838465	0.828955	0.699456	0.617937	
0.782548	0.849195	0.818803	0.793369	0.839062	0.829605	0.698973	0.618037	
0.782575	0.849934	0.822328	0.793513	0.838691	0.829167	0.699352	0.618012	
0.776448	0.847721	0.760966	0.786225	0.831256	0.823629	0.700864	0.616158	
0.782621	0.849986	0.822266	0.793482	0.838822	0.828952	0.699641	0.618227	
0.782794	0.850063	0.822442	0.793681	0.83871	0.829309	0.699392	0.618265	
0.782818	0.850069	0.822627	0.79365	0.838854	0.829208	0.69957	0.618362	
0.783317	0.850422	0.822965	0.794013	0.839183	0.829657	0.699648	0.618885	
0.704694	0.81942	0.505987	0.630284	0.712398	0.744815	0.66654	0.554207	
0.782989	0.850097	0.8192	0.79165	0.838475	0.828066	0.700706	0.619427	
0.783422	0.850415	0.823155	0.793865	0.839406	0.829469	0.699972	0.619169	
0.781788	0.851328	0.819182	0.791517	0.833365	0.83059	0.698351	0.617761	
0.783365	0.850741	0.823513	0.794219	0.839116	0.829915	0.699828	0.619204	
0.77456	0.839129	0.778036	0.748302	0.812596	0.810499	0.696193	0.606159	
0.783647	0.850485	0.823736	0.793685	0.840036	0.82932	0.700459	0.619561	
0.783709	0.850955	0.823937	0.79431	0.839498	0.829987	0.700166	0.619653	
0.783789	0.8508	0.82422	0.794193	0.840055	0.829807	0.700473	0.619708	
0.781644	0.848481	0.821566	0.79417	0.838485	0.82996	0.699628	0.620584	
0.784039	0.851144	0.824148	0.794372	0.839828	0.830084	0.700457	0.620104	
0.599653	0.606802	0.749396	0.74956	0.834738	0.756518	0.659099	0.57544	
0.782154	0.848886	0.824687	0.793788	0.84135	0.829512	0.701065	0.61927	
0.784054	0.851061	0.82463	0.79429	0.840317	0.830067	0.700741	0.619966	
0.784493	0.851876	0.825084	0.794405	0.840763	0.830549	0.701272	0.620631	
0.251326	0.434503	0.520769	0.574462	0.790098	0.614723	0.564696	0.516607	
0.774479	0.846172	0.821893	0.790021	0.842163	0.829259	0.701591	0.619297	
0.784623	0.85183	0.825599	0.794154	0.841108	0.830709	0.701584	0.620633	
0.782906	0.85189	0.823509	0.79478	0.840667	0.83167	0.701616	0.622043	
0.784565	0.851927	0.825218	0.794839	0.841095	0.831228	0.701672	0.621239	
0.423186	0.763005	0.634009	0.468812	0.667285	0.742771	0.646481	0.596997	
0.782551	0.851955	0.824485	0.788298	0.840558	0.830454	0.702044	0.622014	
0.785032	0.85211	0.825528	0.794354	0.841424	0.83124	0.701891	0.62149	
0.784862	0.851153	0.82595	0.794398	0.839805	0.832545	0.70203	0.622699	
0.777164	0.847265	0.812318	0.751668	0.820447	0.820299	0.69872	0.619671	
0.785572	0.85181	0.826219	0.794686	0.841499	0.832095	0.702449	0.623024	
0.784854	0.853178	0.814219	0.794663	0.84031	0.833807	0.700372	0.622017	
0.78564	0.852098	0.826135	0.794872	0.841499	0.832477	0.702228	0.623021	
0.782077	0.850878	0.822438	0.791582	0.839809	0.830876	0.702696	0.62316	
0.785625	0.852095	0.826517	0.794779	0.841741	0.832301	0.702378	0.623116	
0.782092	0.851721	0.808977	0.790796	0.833706	0.835208	0.699989	0.621237	
0.785712	0.852236	0.826359	0.795115	0.841669	0.83284	0.702263	0.623176	
0.781092	0.850894	0.821868	0.786607	0.837127	0.830624	0.703018	0.624813	
0.785872	0.852297	0.826692	0.794923	0.841972	0.83263	0.702591	0.623633	
0.769816	0.847095	0.806997	0.7609	0.806715	0.831658	0.694528	0.612545	
0.785999	0.85229	0.8268	0.795496	0.841881	0.833569	0.702529	0.623347	
0.786325	0.852402	0.826986	0.795192	0.84217	0.83323	0.702759	0.624075	
0.786251	0.852328	0.827167	0.795678	0.842385	0.833693	0.702899	0.623794	
0.759337	0.825116	0.802044	0.787137	0.835296	0.825011	0.697611	0.624581	
0.78665	0.852426	0.827074	0.795714	0.842185	0.833667	0.702829	0.624284	
0.786424	0.85227	0.827465	0.795779	0.842707	0.833805	0.703099	0.624026	
0.786781	0.852535	0.827446	0.795902	0.84246	0.833891	0.703035	0.624271	
0.786528	0.851848	0.82817	0.796329	0.843386	0.83428	0.703525	0.624376	
0.720732	0.785351	0.775244	0.786171	0.83119	0.816931	0.688316	0.61638	
0.78763	0.852801	0.828207	0.796647	0.842734	0.834516	0.703366	0.624911	
0.78762	0.852824	0.828374	0.79668	0.842922	0.834555	0.703454	0.624853	
0.788064	0.853101	0.828917	0.797167	0.843117	0.834911	0.703655	0.625117	
0.763797	0.832503	0.817559	0.79428	0.846372	0.829293	0.700726	0.619991	
0.787795	0.852809	0.82972	0.797528	0.843821	0.835203	0.704104	0.625242	
0.722432	0.79772	0.780424	0.788056	0.833265	0.819684	0.689443	0.616867	
0.788788	0.853569	0.829675	0.797875	0.843266	0.835479	0.703923	0.625735	
0.788797	0.853584	0.829873	0.797876	0.843457	0.835512	0.704012	0.625673	
0.789281	0.853913	0.830365	0.798279	0.843633	0.83595	0.704155	0.626031	
0.782857	0.846621	0.792895	0.789752	0.840868	0.824793	0.700597	0.625324	
0.789542	0.854139	0.830545	0.798328	0.843847	0.83591	0.704609	0.627061	
0.768142	0.838017	0.791297	0.78499	0.832704	0.827521	0.690948	0.613621	
0.789958	0.854571	0.830818	0.798961	0.843614	0.836455	0.704354	0.627171	
0.783767	0.850294	0.8292	0.795492	0.844	0.835883	0.703821	0.625767	
0.790035	0.854558	0.831171	0.79884	0.844022	0.836555	0.704401	0.62706	
0.780663	0.851861	0.823653	0.796767	0.839803	0.8347	0.700891	0.626328	
0.790142	0.854784	0.831042	0.799257	0.843861	0.836669	0.704279	0.627249	
0.783958	0.851024	0.825456	0.787481	0.84079	0.833092	0.703103	0.625493	
0.790218	0.854915	0.831328	0.798928	0.844041	0.836636	0.70448	0.62746	
0.787933	0.855041	0.819341	0.796387	0.838047	0.836124	0.699974	0.625843	
0.790294	0.855144	0.831126	0.799515	0.843916	0.836905	0.70428	0.627637	
0.781502	0.852	0.80225	0.785235	0.833536	0.8299	0.702634	0.623113	
0.790198	0.855289	0.831525	0.799365	0.844208	0.836542	0.704625	0.62777	
0.790215	0.855698	0.831075	0.799585	0.843845	0.837155	0.704423	0.62806	
0.790336	0.855644	0.831553	0.799626	0.844218	0.836778	0.704592	0.628086	
0.789029	0.857144	0.828808	0.799354	0.842323	0.838247	0.704153	0.628909	
0.790294	0.856185	0.831245	0.799776	0.843995	0.837251	0.704516	0.628391	
0.721348	0.830941	0.701803	0.719488	0.77168	0.813811	0.69823	0.615088	
0.790202	0.85569	0.831205	0.799394	0.844246	0.836043	0.704909	0.628478	
0.790514	0.856074	0.831623	0.799832	0.844313	0.836887	0.704673	0.628464	
0.790611	0.857135	0.831719	0.800283	0.844464	0.837681	0.704676	0.629041	
0.376122	0.632938	0.326054	0.448581	0.578489	0.732168	0.648632	0.550326	
0.783403	0.854773	0.822058	0.795378	0.84035	0.8334	0.705778	0.63034	
0.791132	0.857189	0.831883	0.800324	0.844755	0.837166	0.704965	0.62942	
0.789864	0.856664	0.831659	0.801321	0.845578	0.837538	0.704524	0.628696	
0.791032	0.857309	0.832206	0.800895	0.845262	0.837394	0.704841	0.629177	
0.548017	0.635763	0.630133	0.66594	0.698331	0.749187	0.68125	0.615347	
0.789443	0.855739	0.830276	0.799279	0.843393	0.836232	0.705065	0.630938	
0.791454	0.857547	0.832306	0.800854	0.845132	0.837302	0.704965	0.629669	
0.791597	0.857819	0.832822	0.801382	0.845528	0.837964	0.705121	0.630056	
0.440046	0.44198	0.450911	0.68455	0.764197	0.679679	0.53678	0.412627	
0.784344	0.851086	0.82654	0.802253	0.844411	0.835372	0.7012	0.62931	
0.791752	0.857972	0.832775	0.801698	0.845464	0.838018	0.704931	0.630357	
0.79099	0.857072	0.833308	0.800046	0.845654	0.838114	0.7053	0.629691	
0.791762	0.858021	0.833069	0.801467	0.845769	0.838178	0.705157	0.630276	
0.755396	0.841006	0.810152	0.741694	0.776389	0.813622	0.674357	0.60566	
0.79156	0.858344	0.832918	0.802179	0.845156	0.838397	0.70442	0.630332	
0.791774	0.858213	0.833071	0.80195	0.845707	0.838349	0.704928	0.630366	
0.792048	0.858372	0.833741	0.800665	0.845389	0.83857	0.70565	0.631038	
0.778965	0.856948	0.826927	0.780305	0.820048	0.832652	0.697545	0.626751	
0.792285	0.858787	0.833606	0.802406	0.846206	0.839152	0.705331	0.631048	
0.792794	0.859163	0.833411	0.803042	0.845057	0.840024	0.704941	0.631863	
0.788979	0.852927	0.827275	0.790855	0.840851	0.833498	0.704051	0.628077	
0.792998	0.859134	0.833932	0.803033	0.846293	0.839665	0.705552	0.63197	
0.792512	0.859419	0.832447	0.802572	0.845992	0.840874	0.705303	0.632302	
0.793218	0.859368	0.833833	0.803036	0.846401	0.84016	0.705512	0.632145	
0.604911	0.783756	0.554427	0.613489	0.658525	0.769123	0.68925	0.610942	
0.791298	0.858182	0.830811	0.802405	0.844905	0.837999	0.706134	0.633023	
0.793468	0.859279	0.833947	0.803304	0.846598	0.839845	0.705691	0.632389	
0.794241	0.859632	0.834242	0.802966	0.846109	0.840968	0.705902	0.633215	
0.432882	0.552493	0.433584	0.0790288	0.192167	0.578093	0.650734	0.588012	
0.790699	0.855949	0.830077	0.789522	0.837004	0.835809	0.706503	0.633058	
0.794397	0.859685	0.834428	0.803508	0.84657	0.840711	0.706089	0.633285	
0.793903	0.8579	0.832108	0.789903	0.837056	0.836837	0.706318	0.633803	
0.794538	0.859615	0.834561	0.803377	0.84686	0.840538	0.706224	0.633464	
0.793663	0.860034	0.833484	0.798434	0.840809	0.83956	0.704511	0.632409	
0.794626	0.859754	0.834734	0.803729	0.84677	0.840636	0.706103	0.633443	
0.794464	0.858017	0.832987	0.797368	0.843947	0.838153	0.706468	0.633537	
0.79487	0.859626	0.834933	0.803608	0.847057	0.840475	0.706437	0.63375	
0.783661	0.850528	0.796832	0.788241	0.823736	0.836443	0.686877	0.61329	
0.795144	0.860063	0.834884	0.804094	0.84698	0.840862	0.705941	0.633576	
0.795184	0.859626	0.835225	0.803828	0.847322	0.840453	0.706752	0.633811	
0.795409	0.860083	0.835247	0.804152	0.847168	0.84073	0.706442	0.634022	
0.795466	0.860099	0.835369	0.804129	0.84729	0.840745	0.706539	0.634025	
0.796382	0.86054	0.835592	0.804523	0.847375	0.841046	0.706697	0.63476	
0.26876	0.139789	0.41575	0.594394	0.621433	0.444476	0.427958	0.392064	
0.771322	0.828829	0.824507	0.799934	0.848538	0.833489	0.704828	0.628399	
0.796417	0.860469	0.835903	0.80438	0.847811	0.840996	0.706948	0.634625	
0.796581	0.860661	0.835832	0.804518	0.847681	0.841015	0.706904	0.634817	
0.796897	0.860384	0.836259	0.804488	0.848399	0.84113	0.707191	0.635126	
0.293923	0.0907442	0.34351	0.630243	0.658278	0.536684	0.513669	0.376078	
0.755383	0.829433	0.817613	0.801714	0.842177	0.834531	0.703369	0.634368	
0.797298	0.861092	0.836214	0.804579	0.848035	0.841185	0.707226	0.635633	
0.79738	0.861053	0.836318	0.804566	0.848133	0.841214	0.707301	0.63565	
0.797906	0.861127	0.836425	0.804599	0.848047	0.841627	0.707465	0.636511	
0.456556	0.419061	0.376751	0.602886	0.652936	0.637969	0.544724	0.455921	
0.792438	0.854787	0.830738	0.801797	0.847925	0.838925	0.707629	0.633238	
0.798014	0.861069	0.836748	0.804515	0.848368	0.841556	0.707777	0.636473	
0.798057	0.861229	0.833341	0.804223	0.847827	0.843082	0.706074	0.635332	
0.798243	0.861191	0.836756	0.804628	0.848475	0.841966	0.707493	0.636335	
0.778172	0.853275	0.788998	0.772376	0.822054	0.827886	0.704865	0.628553	
0.798114	0.861077	0.837003	0.804238	0.848716	0.841375	0.708105	0.636577	
0.798352	0.861249	0.836925	0.80475	0.848463	0.842185	0.707651	0.636472	
0.798405	0.86123	0.837126	0.804668	0.848771	0.841972	0.707852	0.636549	
0.798765	0.861513	0.837302	0.805082	0.848759	0.842617	0.707734	0.636659	
0.467595	0.673473	0.432936	0.30281	0.348003	0.495512	0.450168	0.429945	
0.792033	0.858763	0.828675	0.765816	0.825559	0.832021	0.706361	0.634452	
0.798819	0.861476	0.837649	0.804787	0.849251	0.842278	0.708085	0.636777	
0.798864	0.861527	0.837599	0.80504	0.849155	0.842448	0.708019	0.636811	
0.799237	0.861783	0.83795	0.804841	0.849251	0.842375	0.708515	0.637341	
0.659955	0.784734	0.624472	0.469532	0.560882	0.725746	0.608516	0.560354	
0.797722	0.861497	0.834936	0.802392	0.846661	0.842783	0.706386	0.635891	
0.799248	0.861831	0.837875	0.805354	0.849422	0.842649	0.708316	0.637221	
0.799649	0.861678	0.837993	0.804404	0.849911	0.841567	0.7089	0.637612	
0.799543	0.861836	0.83822	0.805191	0.849851	0.842229	0.708607	0.637454	
0.519995	0.786422	0.499221	0.612763	0.605253	0.784494	0.634338	0.542215	
0.797529	0.862124	0.833303	0.803564	0.845654	0.843893	0.707381	0.636961	
0.799665	0.862068	0.838205	0.805456	0.849711	0.842671	0.708504	0.637533	
0.799896	0.862123	0.838302	0.805948	0.849696	0.843131	0.708394	0.63772	
0.248852	0.497068	0.600321	0.262872	0.305397	0.585354	0.559213	0.52826	
0.789541	0.857558	0.837138	0.779408	0.838074	0.838189	0.707696	0.635826	
0.800193	0.86204	0.838568	0.805932	0.850341	0.843002	0.708542	0.637667	
0.800963	0.862516	0.838304	0.805908	0.85012	0.843456	0.708261	0.638027	
0.532868	0.425586	0.225516	0.464418	0.510671	0.463271	0.507257	0.495996	
0.796138	0.856875	0.820439	0.800937	0.848492	0.838592	0.707911	0.635188	
0.800804	0.862392	0.838819	0.806002	0.85061	0.843451	0.708587	0.637948	
0.80147	0.862018	0.839211	0.805919	0.851214	0.843334	0.708683	0.638548	
0.64425	0.841148	0.80493	0.755646	0.797073	0.830132	0.692634	0.626469	
0.800862	0.862118	0.840153	0.805962	0.850128	0.84408	0.708578	0.638137	
0.801691	0.862126	0.839738	0.806095	0.850881	0.843708	0.708682	0.638397	
0.769399	0.856574	0.833396	0.797566	0.846129	0.84054	0.709905	0.640903	
0.80177	0.862375	0.839731	0.805967	0.850931	0.843504	0.708916	0.63873	
0.801795	0.861573	0.840138	0.806218	0.851161	0.843921	0.708727	0.63832	
0.802105	0.862155	0.839978	0.806118	0.851056	0.843704	0.70884	0.638556	
0.800414	0.861484	0.839361	0.806345	0.850254	0.844166	0.708249	0.638602	
0.802242	0.862376	0.839994	0.806286	0.850914	0.843907	0.708757	0.63865	
0.734463	0.814952	0.825592	0.790174	0.848577	0.835395	0.703619	0.628922	
0.802382	0.861756	0.84044	0.805978	0.851356	0.84383	0.709035	0.638519	
0.802739	0.862367	0.840195	0.806535	0.850851	0.844187	0.7087	0.638676	
0.802965	0.86227	0.840447	0.806367	0.851153	0.844072	0.708955	0.638715	
0.804026	0.86244	0.840401	0.806934	0.85099	0.844839	0.708565	0.638851	
0.183195	0.166506	0.177219	0.177051	0.293557	0.347026	0.324043	0.274437	
0.785495	0.847036	0.787947	0.761031	0.826289	0.827656	0.701388	0.629467	
0.804089	0.862332	0.840797	0.80642	0.851686	0.844328	0.709334	0.639064	
0.804234	0.86241	0.840848	0.806804	0.851577	0.844642	0.709096	0.638996	
0.804725	0.862345	0.840825	0.806624	0.852188	0.844392	0.70959	0.639303	
0.431376	0.700851	0.345164	0.397781	0.443126	0.59787	0.459482	0.417659	
0.800428	0.861715	0.827665	0.79974	0.843494	0.84439	0.704155	0.635781	
0.804747	0.862576	0.840838	0.807137	0.852155	0.844744	0.709385	0.639258	
0.805074	0.862912	0.840554	0.807223	0.852025	0.845162	0.709538	0.639918	
0.636368	0.664194	0.75426	0.757076	0.795054	0.778243	0.688114	0.603828	
0.804224	0.86024	0.840746	0.80704	0.852861	0.844507	0.710259	0.639131	
0.805236	0.862677	0.840841	0.807275	0.852382	0.845121	0.709798	0.639791	
0.806506	0.862083	0.840562	0.807584	0.852102	0.84608	0.709855	0.640459	
0.777237	0.842994	0.765697	0.744338	0.819459	0.819421	0.694589	0.623147	
0.806459	0.862198	0.841378	0.807131	0.852537	0.845739	0.710753	0.640741	
0.806615	0.862271	0.841345	0.807643	0.85258	0.846105	0.71057	0.640571	
0.806671	0.862283	0.841386	0.807602	0.852642	0.846065	0.710647	0.640625	
0.807125	0.862141	0.841659	0.807776	0.852962	0.846172	0.710959	0.640698	
0.62403	0.72479	0.606543	0.756792	0.733745	0.779221	0.66837	0.585438	
0.806046	0.86152	0.839307	0.807627	0.850665	0.84635	0.710063	0.641448	
0.807292	0.862374	0.841707	0.807866	0.852745	0.846363	0.710834	0.640963	
0.805122	0.862594	0.83711	0.804463	0.851449	0.844177	0.712401	0.641231	
0.807348	0.862501	0.841866	0.807685	0.852899	0.846084	0.711227	0.641133	
0.741239	0.835236	0.737357	0.633909	0.702917	0.811882	0.666136	0.610016	
0.807251	0.862243	0.840921	0.806747	0.851246	0.847171	0.710215	0.640672	
0.80745	0.862493	0.841895	0.807909	0.852839	0.846396	0.711087	0.64109	
0.807767	0.862375	0.842232	0.806034	0.8527	0.845837	0.711548	0.64153	
0.807622	0.862471	0.842043	0.807647	0.853035	0.84628	0.711255	0.641234	
0.804302	0.862341	0.834086	0.781451	0.833737	0.843582	0.705287	0.638003	
0.807716	0.862626	0.841929	0.807969	0.852848	0.846634	0.711103	0.641138	
0.807834	0.862654	0.842038	0.807798	0.853144	0.846269	0.711451	0.64127	
0.807893	0.86271	0.842016	0.807984	0.853113	0.846456	0.711375	0.641252	
0.808617	0.86305	0.842216	0.807403	0.853458	0.845723	0.712233	0.641607	
0.801071	0.858525	0.827128	0.787315	0.837057	0.84224	0.699842	0.635358	
0.808797	0.863087	0.842245	0.808224	0.853572	0.846358	0.711912	0.64157	
0.808773	0.86311	0.841994	0.808555	0.853749	0.846133	0.712615	0.641578	
0.805002	0.857068	0.826162	0.802594	0.849256	0.844438	0.707458	0.639907	
0.809559	0.86322	0.842666	0.808717	0.853836	0.846539	0.712316	0.641931	
0.809012	0.861611	0.84285	0.802307	0.852329	0.844359	0.712608	0.64183	
0.80977	0.863151	0.84283	0.808568	0.854067	0.846387	0.712491	0.641987	
0.800205	0.859144	0.836347	0.806204	0.850962	0.84557	0.709081	0.640971	
0.809972	0.863208	0.842754	0.808789	0.854048	0.846493	0.712373	0.642051	
0.79231	0.855348	0.837069	0.805322	0.854584	0.843412	0.712083	0.639465	
0.809985	0.863213	0.842911	0.808756	0.854252	0.846458	0.712565	0.642001	
0.810254	0.863314	0.842834	0.808814	0.854138	0.846474	0.712511	0.642207	
0.810326	0.863277	0.842936	0.808867	0.854324	0.846516	0.712586	0.642101	
0.804217	0.86185	0.841189	0.808574	0.85345	0.845775	0.712518	0.643122	
0.810473	0.863428	0.842928	0.808918	0.854235	0.846462	0.712617	0.642303	
0.76548	0.84856	0.833767	0.80617	0.854201	0.846013	0.712201	0.638777	
0.810447	0.863359	0.84293	0.809002	0.854451	0.846688	0.712685	0.642099	
0.810645	0.863591	0.842996	0.808993	0.854332	0.846464	0.712737	0.642418	
0.810811	0.863576	0.843005	0.809063	0.854418	0.84663	0.712737	0.642319	
0.810889	0.863976	0.842981	0.80904	0.854529	0.846381	0.713116	0.642866	
0.778263	0.853338	0.81423	0.800123	0.843767	0.848593	0.710543	0.637951	
0.811437	0.86395	0.843166	0.809333	0.854596	0.846898	0.713015	0.642642	
0.811796	0.864006	0.843321	0.808877	0.854931	0.846365	0.713485	0.643044	
0.804133	0.85925	0.820027	0.797617	0.84228	0.847715	0.708906	0.63758	
0.81204	0.86405	0.843468	0.809498	0.854961	0.846996	0.713342	0.642923	
0.8123	0.864342	0.843397	0.809611	0.854604	0.847426	0.713592	0.643239	
0.432422	0.640965	0.70802	0.35885	0.502819	0.668988	0.603699	0.570618	
0.808285	0.86171	0.843494	0.794276	0.849933	0.843497	0.712907	0.642544	
0.812543	0.864278	0.843616	0.809572	0.855049	0.847224	0.713683	0.643256	
0.812914	0.863888	0.842385	0.810124	0.855654	0.847401	0.713173	0.642862	
0.812801	0.864173	0.843605	0.809812	0.85529	0.847332	0.713532	0.643156	
0.781053	0.845765	0.72009	0.76983	0.819984	0.827728	0.710787	0.628288	
0.812676	0.864198	0.843258	0.809056	0.855016	0.846568	0.714177	0.64354	
0.812842	0.864227	0.843834	0.809672	0.855295	0.847135	0.713746	0.643315	
0.813208	0.864426	0.843859	0.809877	0.855322	0.847461	0.713829	0.643396	
0.695935	0.80588	0.643896	0.648415	0.739803	0.797359	0.697196	0.591572	
0.812763	0.863721	0.842161	0.807819	0.855088	0.845667	0.714711	0.643564	
0.813428	0.864379	0.844002	0.809741	0.855568	0.847173	0.714051	0.643533	
0.813401	0.864552	0.843414	0.810038	0.854732	0.848388	0.713167	0.642835	
0.813518	0.864495	0.843974	0.810168	0.85558	0.847631	0.713819	0.643388	
0.77112	0.845285	0.781313	0.732281	0.806623	0.829095	0.705351	0.627476	
0.813943	0.864315	0.843668	0.809085	0.855603	0.846864	0.714664	0.643965	
0.813815	0.864473	0.844039	0.809935	0.85575	0.847359	0.714201	0.643674	
0.808088	0.862598	0.84306	0.810232	0.85677	0.847651	0.713756	0.64235	
0.813842	0.864458	0.844206	0.810075	0.855971	0.847471	0.714154	0.643502	
0.660198	0.775174	0.792676	0.802338	0.845006	0.833523	0.70627	0.636373	
0.812585	0.864115	0.84346	0.810184	0.855485	0.847401	0.71407	0.644022	
0.814029	0.864573	0.844125	0.810119	0.855868	0.847484	0.71415	0.643648	
0.814505	0.864473	0.844369	0.810009	0.856197	0.847442	0.71435	0.643666	
0.614589	0.702837	0.780438	0.79984	0.837756	0.834597	0.700121	0.625318	
0.812165	0.863381	0.843571	0.810516	0.855324	0.847601	0.7141	0.644117	
0.814626	0.864605	0.844309	0.810133	0.856047	0.847499	0.714324	0.643792	
0.812799	0.863792	0.844648	0.810391	0.856645	0.847655	0.714372	0.642914	
0.814535	0.86463	0.844545	0.810247	0.856229	0.847586	0.714362	0.643595	
0.789956	0.846882	0.833408	0.808798	0.852867	0.845111	0.711336	0.643767	
0.814701	0.864681	0.844476	0.81033	0.856024	0.847695	0.714296	0.643915	
0.814682	0.864738	0.844706	0.81037	0.856307	0.847659	0.714483	0.643665	
0.81484	0.86481	0.844697	0.810414	0.856216	0.847728	0.714436	0.643838	
0.814474	0.864405	0.844834	0.810819	0.856904	0.847779	0.714819	0.643489	
0.800882	0.849347	0.831004	0.808448	0.852539	0.843613	0.709953	0.643351	
0.815228	0.865063	0.845129	0.81088	0.85658	0.848033	0.714669	0.644096	
0.815511	0.865278	0.84507	0.810871	0.856421	0.847894	0.715388	0.644899	
0.123936	0.302014	0.404575	0.449034	0.605095	0.665256	0.573304	0.480596	
0.788047	0.854099	0.834308	0.808244	0.855672	0.84808	0.712016	0.640365	
0.815853	0.865365	0.845262	0.811095	0.856711	0.848118	0.715173	0.644615	
0.816394	0.865346	0.844824	0.8115	0.857192	0.848093	0.714307	0.645047	
0.810779	0.860747	0.840683	0.806288	0.854966	0.84321	0.715088	0.642121	
0.816442	0.865396	0.845404	0.811451	0.857272	0.84814	0.715176	0.645073	
0.816164	0.865925	0.845433	0.811286	0.855372	0.848755	0.715924	0.645244	
0.816363	0.865643	0.845576	0.811593	0.856617	0.848434	0.715507	0.645158	
0.813359	0.85735	0.82962	0.743402	0.81942	0.828502	0.710542	0.644295	
0.817045	0.865411	0.845568	0.810817	0.857084	0.847689	0.715614	0.645445	
0.816666	0.865566	0.845614	0.81146	0.856938	0.848171	0.715566	0.645283	
0.816733	0.86538	0.844941	0.810581	0.855146	0.848171	0.713973	0.646034	
0.816805	0.865586	0.845588	0.811742	0.856928	0.848339	0.715324	0.645512	
0.78144	0.850296	0.830261	0.775111	0.837548	0.835963	0.707039	0.635452	
0.816997	0.865431	0.845639	0.811361	0.856877	0.848331	0.715869	0.645574	
0.816357	0.865601	0.845394	0.811931	0.856764	0.848184	0.71547	0.646125	
0.817201	0.865689	0.845624	0.81167	0.856857	0.848305	0.715742	0.645854	
0.816504	0.864871	0.846054	0.811903	0.857701	0.848314	0.715325	0.645923	
0.817326	0.865478	0.845867	0.811801	0.857235	0.848335	0.715589	0.64589	
0.583638	0.728912	0.7884	0.79783	0.83974	0.830769	0.7099	0.641425	
0.814504	0.865061	0.845048	0.811948	0.85645	0.847941	0.715681	0.646659	
0.817539	0.865686	0.845782	0.81186	0.857089	0.848278	0.715622	0.646073	
0.817976	0.865891	0.845912	0.811824	0.857095	0.848264	0.715974	0.646372	
0.54835	0.669381	0.739099	0.772703	0.833676	0.815246	0.669735	0.585079	
0.813745	0.864249	0.844665	0.812317	0.856671	0.848289	0.714929	0.646595	
0.81806	0.865988	0.845894	0.811975	0.857054	0.84833	0.715872	0.646503	
0.814359	0.86455	0.846166	0.81221	0.857808	0.848338	0.715786	0.646051	
0.817947	0.865991	0.846078	0.812077	0.85724	0.848381	0.715878	0.646446	
0.801891	0.859742	0.842912	0.811728	0.85557	0.846695	0.714121	0.648526	
0.817983	0.866108	0.846138	0.812168	0.857133	0.848359	0.715822	0.646768	
0.809223	0.859348	0.844281	0.810394	0.856446	0.848172	0.715842	0.646785	
0.81809	0.866027	0.846257	0.812189	0.857177	0.84849	0.715937	0.646853	
0.803696	0.862463	0.826004	0.802843	0.848357	0.84328	0.716822	0.649411	
0.817938	0.866165	0.846311	0.812178	0.857089	0.848175	0.716105	0.647363	
0.818212	0.866223	0.846124	0.812296	0.857009	0.848808	0.715609	0.646951	
0.81812	0.866221	0.846454	0.812301	0.857123	0.848473	0.715899	0.647218	
0.818269	0.866195	0.846446	0.812159	0.856844	0.848149	0.716495	0.648114	
0.816792	0.864305	0.823503	0.808501	0.851193	0.849445	0.710203	0.640446	
0.818388	0.866318	0.846688	0.812439	0.856941	0.848604	0.716127	0.647926	
0.818316	0.866428	0.846715	0.812482	0.85688	0.848309	0.716133	0.64869	
0.817839	0.865353	0.838523	0.81051	0.853593	0.849749	0.715074	0.646741	
0.818709	0.866584	0.84684	0.812681	0.856907	0.848718	0.715993	0.648458	
0.818839	0.865771	0.843459	0.811111	0.855907	0.847245	0.717615	0.648818	
0.818789	0.866514	0.846844	0.81257	0.85684	0.848602	0.716384	0.648676	
0.818417	0.864329	0.837284	0.811323	0.852987	0.850601	0.714335	0.646443	
0.819002	0.866485	0.846787	0.812714	0.856819	0.848878	0.716238	0.648569	
0.817867	0.865349	0.842556	0.810308	0.85596	0.846865	0.717464	0.648701	
0.819041	0.866467	0.846787	0.812634	0.857018	0.848675	0.716516	0.64872	
0.818097	0.865647	0.843367	0.810747	0.852461	0.850787	0.714821	0.646775	
0.81932	0.866542	0.846741	0.812869	0.85683	0.849075	0.716369	0.648611	
0.817825	0.864387	0.840706	0.801423	0.853775	0.84571	0.716546	0.648489	
0.819526	0.866535	0.846624	0.812846	0.857173	0.848817	0.716575	0.648858	
0.818518	0.864705	0.844211	0.804104	0.852698	0.849818	0.711191	0.643422	
0.81967	0.866573	0.846714	0.813204	0.857221	0.849157	0.716354	0.648723	
0.818798	0.86345	0.843879	0.799796	0.851963	0.8448	0.714838	0.645767	
0.819984	0.866587	0.846751	0.813025	0.857311	0.849077	0.716713	0.648866	
0.795993	0.841549	0.8345	0.807371	0.854575	0.84287	0.704128	0.643805	
0.820229	0.866464	0.846517	0.813369	0.857448	0.849159	0.716346	0.649129	
0.819561	0.865995	0.846836	0.813378	0.857842	0.849213	0.716666	0.648567	
0.820339	0.866545	0.846765	0.813397	0.857612	0.849223	0.716501	0.648949	
0.820843	0.866563	0.846911	0.813412	0.857582	0.849388	0.716779	0.649262	
0.293515	0.545938	0.752828	0.786568	0.843432	0.792743	0.686434	0.601392	
0.805793	0.860817	0.84623	0.813416	0.859072	0.848844	0.716296	0.647564	
0.820983	0.866493	0.847075	0.81345	0.857766	0.849393	0.716758	0.649136	
0.82093	0.866456	0.846598	0.814018	0.857971	0.84939	0.71641	0.64956	
0.805319	0.85901	0.846236	0.812839	0.858873	0.848562	0.716675	0.647302	
0.821503	0.866567	0.847009	0.813926	0.858204	0.849453	0.716596	0.649368	
0.821272	0.866816	0.847364	0.813521	0.858004	0.849323	0.717425	0.649345	
0.81827	0.8656	0.845746	0.814348	0.857671	0.849115	0.715807	0.649865	
0.821503	0.867046	0.847302	0.81379	0.857983	0.84943	0.717195	0.649602	
0.820798	0.866627	0.847336	0.814309	0.858969	0.849588	0.716537	0.649388	
0.821637	0.866959	0.8474	0.814035	0.858409	0.84952	0.716942	0.649529	
0.639573	0.757205	0.799277	0.811153	0.846526	0.839244	0.711461	0.64647	
0.819618	0.86661	0.846752	0.814381	0.857815	0.849323	0.716901	0.650204	
0.821787	0.867132	0.847329	0.814128	0.858284	0.849491	0.716942	0.649704	
0.82211	0.867307	0.847624	0.813977	0.858221	0.849632	0.717481	0.649791	
0.487733	0.434528	0.630748	0.738703	0.754498	0.711471	0.57602	0.485132	
0.814735	0.860297	0.84334	0.81449	0.856768	0.848261	0.714463	0.649849	
0.822286	0.867483	0.847559	0.81415	0.858132	0.849687	0.717338	0.650031	
0.821703	0.867679	0.847674	0.814392	0.858768	0.849863	0.717138	0.649892	
0.810696	0.860518	0.841931	0.813711	0.856814	0.848368	0.716661	0.651471	
0.82238	0.867965	0.847705	0.814461	0.858548	0.849778	0.717146	0.650259	
0.822696	0.868012	0.847452	0.813811	0.858152	0.849408	0.718009	0.65062	
0.822561	0.868067	0.84773	0.814275	0.858406	0.849667	0.717583	0.650476	
0.809461	0.859426	0.838917	0.809495	0.850301	0.84976	0.712186	0.647611	
0.822552	0.868309	0.847741	0.814506	0.858066	0.849932	0.71738	0.650626	
0.822505	0.868108	0.847956	0.814315	0.858598	0.849462	0.717735	0.650594	
0.822794	0.86842	0.847891	0.814481	0.85823	0.849791	0.71756	0.650759	
0.822795	0.868417	0.847948	0.814481	0.858316	0.849727	0.717633	0.650794	
0.823325	0.868801	0.848067	0.814445	0.857983	0.849814	0.717868	0.651211	
0.347864	0.624941	0.419361	0.606401	0.615088	0.738348	0.688086	0.63161	
0.805396	0.864981	0.841613	0.812573	0.854113	0.845954	0.718087	0.652624	
0.823272	0.868756	0.848265	0.814521	0.858178	0.849557	0.717934	0.651393	
0.823414	0.86881	0.848246	0.81456	0.858133	0.849698	0.717872	0.651355	
0.823605	0.868728	0.848533	0.814716	0.858472	0.84924	0.718084	0.651789	
0.132246	0.288631	0.185275	0.416875	0.393472	0.570948	0.572714	0.34247	
0.787824	0.859349	0.812917	0.799266	0.830782	0.848807	0.7155	0.647235	
0.824142	0.868854	0.848625	0.814705	0.85823	0.849742	0.717953	0.651665	
0.824169	0.868881	0.848694	0.814732	0.858324	0.849604	0.718061	0.651793	
0.824801	0.868846	0.849005	0.814652	0.858318	0.849857	0.718167	0.651957	
0.511656	0.648222	0.632253	0.729922	0.77828	0.824367	0.711483	0.645543	
0.81837	0.866849	0.846301	0.814373	0.857762	0.84938	0.718526	0.652793	
0.824835	0.868941	0.848956	0.814727	0.858352	0.849819	0.718231	0.652091	
0.822773	0.867691	0.849018	0.815032	0.859238	0.849804	0.718182	0.6516	
0.824844	0.868839	0.849138	0.814835	0.858609	0.84987	0.718239	0.651997	
0.785838	0.847609	0.835201	0.812422	0.852309	0.845029	0.716971	0.653338	
0.824864	0.868983	0.849012	0.814853	0.858361	0.849842	0.718325	0.65242	
0.825017	0.8689	0.849207	0.81496	0.858671	0.849988	0.718349	0.652149	
0.825121	0.869	0.849201	0.814975	0.858591	0.849986	0.71837	0.652314	
0.825402	0.868823	0.849484	0.815476	0.858929	0.850259	0.71856	0.652453	
0.390038	0.277891	0.494645	0.706145	0.60169	0.620411	0.628363	0.539729	
0.808449	0.855951	0.841606	0.814682	0.85396	0.846561	0.717267	0.653798	
0.825613	0.869126	0.849504	0.815549	0.858683	0.850201	0.718582	0.652786	
0.826258	0.86846	0.84961	0.81584	0.858168	0.850539	0.718558	0.652787	
0.81762	0.86246	0.828201	0.790509	0.837499	0.842606	0.716375	0.650971	
0.826408	0.86911	0.8498	0.816127	0.858771	0.850039	0.718825	0.653263	
0.825477	0.86887	0.849329	0.816213	0.85852	0.84959	0.718388	0.65355	
0.826376	0.869238	0.849781	0.816372	0.858808	0.85	0.718771	0.653362	
0.824922	0.867522	0.849795	0.805872	0.85353	0.847605	0.718084	0.652867	
0.826522	0.869237	0.849964	0.816289	0.858871	0.849897	0.718804	0.653399	
0.826495	0.869259	0.849886	0.816516	0.85879	0.850035	0.718795	0.65343	
0.826613	0.869273	0.849966	0.816435	0.858926	0.849842	0.718885	0.653529	
0.826637	0.869269	0.849988	0.816557	0.858897	0.849941	0.71885	0.653519	
0.827083	0.869131	0.850121	0.816402	0.859178	0.849438	0.719257	0.653884	
0.823003	0.86412	0.835622	0.791124	0.83044	0.849191	0.712418	0.647481	
0.827108	0.869223	0.850224	0.816867	0.859106	0.849888	0.719031	0.653821	
0.82715	0.86923	0.850241	0.816846	0.859148	0.849806	0.719107	0.653898	
0.827526	0.869232	0.850347	0.817016	0.859119	0.849854	0.719261	0.654229	
0.828639	0.866147	0.845927	0.810118	0.853042	0.846044	0.719884	0.65681	
0.828353	0.869023	0.850247	0.817221	0.859589	0.849302	0.719468	0.654861	
0.18882	0.157088	0.0704524	0.15358	0.175914	0.315548	0.367551	0.227524	
0.797438	0.845032	0.771996	0.754343	0.771057	0.848981	0.710603	0.637012	
0.828418	0.869139	0.850148	0.817504	0.858912	0.850273	0.719173	0.654572	
0.828539	0.869203	0.850516	0.817506	0.859295	0.84979	0.719609	0.654952	
0.828572	0.86921	0.850523	0.817608	0.859288	0.849878	0.719556	0.654939	
0.829001	0.869152	0.850577	0.817783	0.859198	0.850005	0.719633	0.655156	
0.821304	0.856308	0.803996	0.790485	0.836251	0.840314	0.719338	0.649898	
0.829078	0.869088	0.850258	0.817594	0.859163	0.849575	0.720029	0.655429	
0.829052	0.869162	0.850579	0.817783	0.859251	0.84986	0.71979	0.655278	
0.825517	0.863879	0.832129	0.806336	0.849215	0.8505	0.7145	0.649662	
0.829213	0.869058	0.850546	0.817988	0.859317	0.850159	0.719534	0.655096	
0.829251	0.869152	0.850605	0.817913	0.8593	0.849902	0.71983	0.655343	
0.829318	0.86912	0.850629	0.818033	0.859352	0.850021	0.719751	0.655287	
0.829791	0.86908	0.850597	0.818271	0.859545	0.849865	0.719997	0.655573	
0.688819	0.738957	0.536712	0.509009	0.551804	0.768666	0.609906	0.522276	
0.828889	0.867261	0.845322	0.814942	0.856292	0.850661	0.717701	0.653034	
0.82987	0.869027	0.850649	0.818493	0.859645	0.850059	0.719861	0.655458	
0.830485	0.86913	0.850652	0.81862	0.859464	0.84995	0.720223	0.655829	
0.708386	0.79513	0.65449	0.536179	0.60001	0.749785	0.63463	0.565958	
0.830073	0.868221	0.847987	0.815589	0.857292	0.849321	0.718659	0.654717	
0.83061	0.869095	0.850646	0.818826	0.859616	0.850031	0.720123	0.655803	
0.830797	0.8686	0.850629	0.817769	0.860242	0.848832	0.720534	0.655658	
0.830751	0.869022	0.850776	0.818779	0.859958	0.849745	0.72025	0.655812	
0.80472	0.85507	0.830037	0.804535	0.843574	0.849363	0.71559	0.648653	
0.83083	0.869079	0.850469	0.818994	0.859642	0.850086	0.720152	0.65587	
0.830538	0.868708	0.850916	0.818816	0.860165	0.849808	0.720436	0.655722	
0.831003	0.869059	0.850728	0.818938	0.859894	0.849979	0.720295	0.655833	
0.83092	0.869083	0.850483	0.818992	0.859947	0.849497	0.720568	0.656205	
0.831092	0.86914	0.850711	0.819008	0.85996	0.849774	0.720422	0.656009	
0.715385	0.805162	0.837382	0.81327	0.860198	0.846983	0.719449	0.649871	
0.830436	0.868461	0.851	0.818907	0.860206	0.849872	0.720552	0.655747	
0.831165	0.869085	0.850831	0.818992	0.860032	0.849809	0.720462	0.655947	
0.831297	0.869276	0.850663	0.819145	0.859857	0.850104	0.72048	0.656133	
0.376378	0.508328	0.75228	0.784261	0.825939	0.773229	0.693362	0.593601	
0.823833	0.864178	0.85016	0.818895	0.860739	0.849135	0.721135	0.655046	
0.831489	0.869237	0.850834	0.819168	0.860046	0.850056	0.720625	0.656065	
0.831592	0.869214	0.850997	0.819343	0.860269	0.849922	0.720952	0.656222	
0.649722	0.829688	0.771021	0.757404	0.783875	0.825998	0.710724	0.622807	
0.830751	0.869025	0.850448	0.818552	0.859281	0.850696	0.720866	0.655965	
0.83178	0.869243	0.851044	0.81929	0.860203	0.850165	0.72095	0.656218	
0.830294	0.869292	0.849933	0.818687	0.859509	0.849484	0.721816	0.65716	
0.831838	0.869388	0.851078	0.819244	0.860128	0.85002	0.721193	0.65649	
0.745175	0.824878	0.783363	0.755135	0.79996	0.839549	0.708542	0.638091	
0.831579	0.868561	0.850772	0.819071	0.860145	0.850662	0.720943	0.656044	
0.831965	0.86924	0.851161	0.819346	0.860264	0.850236	0.721147	0.656399	
0.832195	0.869615	0.851421	0.818021	0.859851	0.84978	0.721307	0.65689	
0.832087	0.869395	0.851322	0.819173	0.860304	0.850127	0.72123	0.656602	
0.823198	0.857842	0.816625	0.721686	0.782578	0.836615	0.7001	0.632798	
0.832171	0.869122	0.850888	0.819044	0.859982	0.850795	0.720934	0.656422	
0.832139	0.869327	0.851259	0.81941	0.860377	0.850398	0.721176	0.6566	
0.832528	0.869695	0.851483	0.819379	0.860324	0.850037	0.721677	0.656948	
0.500164	0.570627	0.47051	0.447872	0.483439	0.640737	0.389791	0.284404	
0.829315	0.8638	0.843781	0.813797	0.855215	0.848282	0.714077	0.650972	
0.832663	0.869792	0.851335	0.81969	0.860423	0.850338	0.721458	0.657144	
0.831162	0.867999	0.849942	0.819302	0.860809	0.850751	0.722032	0.656138	
0.832636	0.869816	0.851371	0.819689	0.860537	0.850481	0.721598	0.657002	
0.820654	0.85743	0.843568	0.818951	0.858792	0.846951	0.718695	0.657259	
0.832835	0.869852	0.851366	0.819782	0.860463	0.850394	0.721494	0.6572	
0.83283	0.869885	0.851435	0.819737	0.860615	0.850504	0.721632	0.657054	
0.832933	0.869922	0.851458	0.819779	0.8606	0.850467	0.721601	0.657139	
0.833082	0.869681	0.851445	0.819807	0.86115	0.850619	0.721939	0.656907	
0.812284	0.852732	0.841036	0.818345	0.858197	0.845997	0.71816	0.657469	
0.833519	0.870041	0.851645	0.819933	0.861014	0.850534	0.721799	0.657222	
0.83397	0.870062	0.851727	0.820081	0.861367	0.850558	0.721835	0.657383	
0.442497	0.71311	0.771303	0.786855	0.836961	0.828248	0.722296	0.657353	
0.824911	0.869386	0.851013	0.820139	0.860607	0.850442	0.722388	0.657845	
0.834051	0.870189	0.851727	0.820143	0.861284	0.850575	0.721921	0.657455	
0.828715	0.865442	0.850152	0.819788	0.862333	0.850221	0.722295	0.65609	
0.834097	0.870143	0.851792	0.820147	0.86142	0.850619	0.722012	0.657357	
0.8295	0.865046	0.847093	0.820146	0.860588	0.849288	0.720552	0.658339	
0.834228	0.8702	0.851771	0.820216	0.861372	0.850587	0.721949	0.657548	
0.83261	0.867153	0.85063	0.81957	0.861939	0.850125	0.722862	0.656207	
0.834292	0.870113	0.851891	0.820179	0.8615	0.850644	0.722221	0.657426	
0.831707	0.861783	0.845921	0.819937	0.860574	0.846662	0.71689	0.656669	
0.834465	0.87013	0.851971	0.820346	0.861522	0.850595	0.722032	0.657706	
0.831299	0.865393	0.84774	0.812331	0.859039	0.846794	0.722038	0.653014	
0.834569	0.870093	0.852069	0.820115	0.861512	0.850631	0.722486	0.657764	
0.832774	0.866474	0.835304	0.80866	0.854988	0.847241	0.717157	0.652453	
0.834681	0.870006	0.852038	0.820159	0.86163	0.850772	0.722454	0.657771	
0.834603	0.870203	0.852139	0.820049	0.861672	0.850348	0.722588	0.65802	
0.83477	0.870115	0.852211	0.820123	0.861582	0.850784	0.722606	0.657995	
0.834768	0.870129	0.852266	0.820131	0.861673	0.850676	0.722648	0.658044	
0.835054	0.870058	0.852501	0.819928	0.861747	0.850616	0.723073	0.658455	
0.833674	0.868354	0.838409	0.779839	0.850702	0.845897	0.713275	0.64727	
0.835365	0.870299	0.852294	0.819754	0.861796	0.850939	0.723008	0.658421	
0.834393	0.869705	0.847834	0.812505	0.858066	0.847745	0.722296	0.658843	
0.835396	0.870369	0.852468	0.819949	0.861938	0.850703	0.72314	0.658755	
0.835429	0.869645	0.850569	0.818539	0.861118	0.851427	0.72336	0.659365	
0.83555	0.870287	0.852504	0.81987	0.861849	0.85086	0.72319	0.658884	
0.826561	0.866864	0.837654	0.814765	0.858868	0.8464	0.723962	0.658398	
0.83546	0.870249	0.852547	0.81988	0.862062	0.850579	0.723374	0.659023	
0.83569	0.87028	0.852443	0.819859	0.861911	0.850953	0.723288	0.658993	
0.835663	0.870296	0.852563	0.819872	0.862014	0.85078	0.723364	0.659099	
0.83618	0.870241	0.852106	0.819805	0.862027	0.851227	0.72335	0.659245	
0.830745	0.866888	0.839538	0.811499	0.856853	0.846066	0.722927	0.658102	
0.836115	0.870339	0.852543	0.819868	0.862193	0.850924	0.723532	0.65949	
0.836285	0.870419	0.852551	0.819866	0.862277	0.850922	0.723886	0.659818	
0.777543	0.840346	0.713377	0.792155	0.837299	0.834734	0.706	0.632961	
0.836676	0.870193	0.850786	0.819811	0.862014	0.851397	0.723323	0.659813	
0.83648	0.870422	0.852468	0.819906	0.862264	0.851072	0.723784	0.659869	
0.830933	0.867335	0.841605	0.816453	0.858847	0.847659	0.724401	0.659334	
0.836367	0.870483	0.852565	0.819935	0.862327	0.850867	0.72394	0.660005	
0.836564	0.870455	0.852425	0.82001	0.86227	0.85116	0.72388	0.659954	
0.836521	0.870507	0.852543	0.820012	0.862335	0.851009	0.723972	0.66006	
0.836883	0.87046	0.851963	0.820123	0.861892	0.851606	0.724048	0.66009	
0.834199	0.868758	0.846176	0.808931	0.854293	0.846505	0.72336	0.658744	
0.836859	0.870628	0.852454	0.82037	0.862372	0.851224	0.72428	0.660384	
0.836937	0.870619	0.852446	0.820488	0.862502	0.851147	0.724737	0.660547	
0.649214	0.746284	0.530226	0.517495	0.53754	0.749788	0.616348	0.49952	
0.836501	0.868896	0.846533	0.816896	0.857094	0.85192	0.722885	0.658899	
0.837085	0.870606	0.852471	0.820613	0.862413	0.851408	0.724656	0.660574	
0.837501	0.870635	0.8524	0.820303	0.862516	0.850953	0.724561	0.660982	
0.83634	0.869793	0.851062	0.817034	0.858536	0.852295	0.724882	0.660095	
0.837547	0.870657	0.852372	0.820843	0.862559	0.851454	0.724723	0.66087	
0.836561	0.870695	0.851624	0.82072	0.862909	0.851388	0.725243	0.660161	
0.837409	0.870748	0.852466	0.820863	0.862689	0.851496	0.724888	0.660751	
0.837471	0.870161	0.850705	0.820479	0.860709	0.852636	0.724643	0.660736	
0.837555	0.870713	0.852378	0.821008	0.862544	0.851813	0.724886	0.660823	
0.820181	0.853573	0.823249	0.729535	0.810543	0.82576	0.715623	0.646518	
0.837528	0.870774	0.852616	0.819992	0.862625	0.850895	0.725259	0.661052	
0.837593	0.870771	0.85253	0.820922	0.862737	0.851568	0.725036	0.660938	
0.837458	0.870935	0.852191	0.821201	0.862849	0.852026	0.725528	0.6608	
0.836029	0.870028	0.851821	0.809181	0.858192	0.848844	0.724209	0.661833	
0.83776	0.871007	0.85247	0.821178	0.863016	0.851828	0.72548	0.661089	
0.837635	0.870543	0.851153	0.820984	0.863063	0.852861	0.724437	0.660222	
0.837906	0.871019	0.852488	0.821265	0.863139	0.852111	0.725285	0.660958	
0.829143	0.868328	0.849454	0.811965	0.857137	0.847836	0.726077	0.662282	
0.837956	0.87118	0.852532	0.821201	0.863156	0.851832	0.725457	0.661204	
0.837917	0.871099	0.852433	0.821399	0.863278	0.852272	0.725444	0.660872	
0.838077	0.871284	0.852442	0.82137	0.863224	0.852049	0.72548	0.661196	
0.838129	0.871285	0.852482	0.8214	0.863316	0.852111	0.725529	0.661093	
0.838184	0.8715	0.852132	0.821657	0.863323	0.85236	0.725501	0.661288	
0.811233	0.857608	0.846696	0.818859	0.864105	0.849669	0.725432	0.657353	
0.838486	0.8716	0.852422	0.821674	0.863555	0.852362	0.725688	0.661136	
0.838462	0.871847	0.852604	0.82133	0.863598	0.851732	0.726288	0.661418	
0.838126	0.871279	0.851178	0.819261	0.861058	0.853573	0.72488	0.660124	
