0.006577
0.006716
0.008194
0.040857
0.013125
0.111823
0.044194
0.073719
0.166408
0.066194
0.052504
0.191819
0.211687
0.231508
0.172114
0.247442
0.072714
0.119843
0.265232
0.279613
0.292311
0.115915
0.299595
0.298885
0.328608
0.390768
0.026989
0.080267
0.301904
0.397506
0.403274
0.407783
0.423823
0.218423
0.423569
0.437941
0.462546
0.030550
0.289792
0.465274
0.467785
0.477694
0.479951
0.496368
0.058183
0.148909
0.451631
0.501771
0.503555
0.518787
0.030345
0.265442
0.519565
0.527051
0.529642
0.548341
0.076840
0.479584
0.550648
0.550752
0.555319
0.556459
0.567201
0.336873
0.575786
0.268261
0.581744
0.584962
0.585914
0.549115
0.586749
0.587571
0.589209
0.589730
0.595561
0.538536
0.603022
0.333988
0.540921
0.608582
0.611059
0.614932
0.312678
0.595115
0.615932
0.616769
0.617533
0.616256
0.619190
0.388766
0.611370
0.620846
0.625626
0.505275
0.629739
0.630801
0.625823
0.632335
0.245930
0.620973
0.633602
0.627124
0.634535
0.443729
0.634623
0.636540
0.637235
0.641438
0.295798
0.638586
0.642563
0.476742
0.642825
0.644325
0.645490
0.648641
0.038731
0.490814
0.649968
0.650837
0.653711
0.245281
0.642979
0.654647
0.657219
0.526806
0.660754
0.661489
0.663075
0.572719
0.665799
0.666352
0.669452
0.300043
0.661077
0.669998
0.615400
0.670523
0.671083
0.671588
0.673013
0.594297
0.675451
0.675821
0.678028
0.189018
0.489688
0.678265
0.679442
0.680933
0.260669
0.655396
0.681671
0.681938
0.684092
0.383012
0.680645
0.684687
0.666844
0.685313
0.635877
0.686111
0.649912
0.686818
0.686169
0.687378
0.687904
0.650425
0.690181
0.691967
0.269614
0.672188
0.692786
0.687345
0.693328
0.693624
0.694287
0.694639
0.696511
0.493958
0.696306
0.697163
0.530149
0.696588
0.697672
0.697296
0.698624
0.485720
0.697489
0.699549
0.697653
0.700538
0.361846
0.696874
0.701351
0.700903
0.702259
0.572564
0.702663
0.703996
0.704660
0.707240
0.149963
0.563502
0.707324
0.709259
0.711377
0.290753
0.695138
0.712146
0.714154
0.200721
0.652972
0.715740
0.716603
0.691044
0.718258
0.718603
0.719932
0.201203
0.694285
0.720479
0.720629
0.693662
0.722903
0.723341
0.714589
0.725137
0.724420
0.726089
0.366420
0.722635
0.726692
0.725972
0.727579
0.434340
0.722172
0.728325
0.728889
0.677282
0.730971
0.722567
0.731318
0.718852
0.731610
0.731798
0.732150
0.732326
0.733729
0.686865
0.734652
0.703642
0.735373
0.732146
0.735740
0.644060
0.735501
0.736000
0.736235
0.710552
0.737854
0.737997
0.739220
0.448329
0.735748
0.739562
0.727241
0.739906
0.702426
0.740275
0.740600
0.740937
0.736570
0.741315
0.646607
0.741317
0.741901
0.742324
0.743662
0.299993
0.729805
0.743972
0.745203
0.243766
0.720244
0.745783
0.745390
0.746150
0.618098
0.745531
0.746471
0.747263
0.720771
0.748151
0.748299
0.749533
0.416357
0.742095
0.749796
0.746042
0.750129
0.691333
0.750423
0.750751
0.751129
0.751482
0.714568
0.752860
0.745837
0.753085
0.746297
0.753344
0.732143
0.753721
0.744233
0.754143
0.622844
0.753365
0.754428
0.754871
0.716342
0.755749
0.755035
0.755998
0.721604
0.756138
0.756364
0.756550
0.757458
0.356487
0.737046
0.757754
0.758647
0.337571
0.748128
0.758895
0.759270
0.750270
0.759932
0.760065
0.760915
0.349465
0.755796
0.761206
0.760648
0.761674
0.457503
0.757868
0.762052
0.759097
0.762274
0.732115
0.762428
0.762667
0.762803
0.763672
0.289921
0.735213
0.763959
0.764094
0.764927
0.349756
0.740746
0.765202
0.765326
0.765984
0.241511
0.740745
0.766282
0.766399
0.766611
0.747171
0.767209
0.767327
0.760387
0.767785
0.766993
0.767962
0.741259
0.767980
0.768140
0.768281
0.768750
0.682919
0.768140
0.768864
0.759556
0.768991
0.765427
0.769195
0.759813
0.769460
0.734968
0.769611
0.769686
0.770022
0.770428
0.743354
0.770840
0.771432
0.587515
0.768304
0.771588
0.768641
0.771729
0.753248
0.771864
0.772016
0.772129
0.772389
0.748868
0.773103
0.773690
0.270134
0.748426
0.773923
0.774020
0.774360
0.759276
0.774760
0.774942
0.759408
0.775429
0.775919
0.602932
0.774467
0.776101
0.769911
0.776245
0.768417
0.776402
0.768554
0.776586
0.755435
0.776684
0.776616
0.776843
0.776933
0.767402
0.777321
0.777124
0.777442
0.756884
0.777478
0.777523
0.777713
0.777745
0.778064
0.774686
0.778507
0.161505
0.625038
0.777768
0.778845
0.778970
0.777711
0.779113
0.778699
0.779197
0.767908
0.779250
0.779332
0.779395
0.779761
0.667293
0.778826
0.779859
0.777985
0.779987
0.758184
0.780116
0.780277
0.780381
0.779315
0.780522
0.691401
0.780089
0.780641
0.781134
0.533398
0.778109
0.781280
0.781135
0.781473
0.617818
0.780295
0.781634
0.781680
0.768444
0.782169
0.780428
0.782246
0.780439
0.782319
0.777966
0.782421
0.779505
0.782576
0.766282
0.782739
0.782892
0.783024
0.769517
0.783104
0.783197
0.783290
0.783555
0.752539
0.783851
0.783910
0.784256
0.775565
0.784528
0.755986
0.784789
0.784848
0.785201
0.775464
0.785498
0.768405
0.785738
0.783528
0.785830
0.781833
0.785910
0.781299
0.786001
0.782336
0.786102
0.776271
0.786190
0.786257
0.786354
0.785996
0.786457
0.734049
0.786271
0.786547
0.786951
0.536664
0.783185
0.787104
0.786981
0.787265
0.652996
0.786296
0.787404
0.787786
0.551346
0.784314
0.787871
0.787522
0.787962
0.752285
0.787913
0.788045
0.788184
0.777517
0.788603
0.788787
0.783314
0.789072
0.788928
0.789209
0.660553
0.788094
0.789315
0.789659
0.438374
0.784828
0.789834
0.785978
0.789897
0.787863
0.789974
0.788118
0.790094
0.772451
0.790193
0.790275
0.790407
0.790458
0.790864
0.413078
0.779981
0.790943
0.791001
0.791234
0.430391
0.777324
0.791408
0.791452
0.791713
0.518351
0.788435
0.791815
0.791146
0.791886
0.772022
0.791901
0.792006
0.792072
0.792304
0.450055
0.780460
0.792390
0.792433
0.792662
0.624274
0.791033
0.792740
0.792714
0.792866
0.623088
0.791301
0.792976
0.793151
0.448417
0.785429
0.793285
0.793444
0.453198
0.788071
0.793577
0.793800
0.749035
0.793752
0.793915
0.786802
0.793991
0.793982
0.794064
0.793609
0.794141
0.772712
0.794162
0.794281
0.794368
0.794631
0.242880
0.770789
0.794756
0.794826
0.794999
0.474164
0.789671
0.795105
0.795301
0.709642
0.794876
0.795390
0.795654
0.760860
0.795867
0.795962
0.795990
0.796186
0.684866
0.795378
0.796268
0.794818
0.796343
0.717337
0.795808
0.796395
0.796253
0.796448
0.787849
0.796496
0.796557
0.796600
0.796788
0.786067
0.796971
0.797063
0.791486
0.797348
0.795863
0.797407
0.793560
0.797461
0.792449
0.797517
0.797568
0.797617
0.796337
0.797670
0.788146
0.797708
0.797772
0.797820
0.797972
0.785851
0.798130
0.798228
0.789689
0.798410
0.798564
0.560798
0.794581
0.798653
0.798550
0.798713
0.762941
0.798561
0.798758
0.798922
0.702507
0.798187
0.798984
0.798816
0.799071
0.762318
0.799014
0.799156
0.798063
0.799210
0.756445
0.798915
0.799250
0.799376
0.736937
0.798847
0.799417
0.799152
0.799466
0.791516
0.799515
0.799576
0.799622
0.799690
0.792392
0.799960
0.800167
0.450476
0.792604
0.800274
0.800338
0.796735
0.800544
0.800513
0.800611
0.780811
0.800584
0.800658
0.800120
0.800728
0.781639
0.800760
0.800728
0.800868
0.800824
0.800940
0.740077
0.800412
0.800991
0.801163
0.704159
0.800182
0.801209
0.800659
0.801255
0.797648
0.801310
0.798811
0.801378
0.794110
0.801415
0.801404
0.801476
0.801584
0.795549
0.801679
0.801744
0.799673
0.801861
0.801096
0.801902
0.799465
0.801937
0.800634
0.801982
0.800338
0.802045
0.798608
0.802119
0.798583
0.802202
0.797912
0.802289
0.790599
0.802333
0.802257
0.802416
0.802592
0.662856
0.799754
0.802632
0.802667
0.799352
0.802828
0.802884
0.802053
0.802981
0.802944
0.803054
0.756364
0.802700
0.803099
0.803268
0.602354
0.800275
0.803333
0.803389
0.800021
0.803530
0.803520
0.803595
0.797145
0.803639
0.803659
0.803741
0.803764
0.803939
0.583963
0.799418
0.803985
0.804011
0.804146
0.362829
0.787710
0.804239
0.804282
0.804450
0.685216
0.803044
0.804494
0.804167
0.804546
0.793590
0.804583
0.804655
0.804695
0.804923
0.532364
0.799034
0.805005
0.805027
0.793280
0.805293
0.804992
0.805338
0.802525
0.805373
0.805401
0.805434
0.805457
0.805562
0.794175
0.805658
0.805678
0.805823
0.803327
0.806008
0.207060
0.767058
0.806017
0.806176
0.806197
0.806313
0.789737
0.806277
0.806345
0.798967
0.806364
0.806412
0.806439
0.806590
0.615768
0.804263
0.806633
0.806794
0.655571
0.805232
0.806844
0.806633
0.806887
0.793943
0.806890
0.806889
0.806966
0.806962
0.807015
0.780963
0.806898
0.807040
0.807119
0.663422
0.805390
0.807190
0.807314
0.743905
0.806948
0.807362
0.807022
0.807422
0.761837
0.807222
0.807470
0.807385
0.807530
0.771430
0.807420
0.807586
0.807759
0.473443
0.802405
0.807856
0.807267
0.807891
0.802787
0.807923
0.807962
0.807987
0.808079
0.800528
0.808213
0.808373
0.719828
0.807091
0.808418
0.806879
0.808448
0.806319
0.808484
0.807637
0.808533
0.805018
0.808596
0.804706
0.808655
0.801881
0.808689
0.808703
0.808773
0.808792
0.808929
0.797177
0.808985
0.806424
0.809090
0.808682
0.809124
0.804184
0.809147
0.809177
0.809207
0.809273
0.804077
0.809376
0.809503
0.766802
0.809252
0.809533
0.805821
0.809561
0.809590
0.809620
0.809633
0.805121
0.809821
0.809928
0.605802
0.807453
0.809978
0.809981
0.808755
0.810128
0.809912
0.810164
0.809693
0.810215
0.778123
0.810093
0.810262
0.810374
0.807517
0.810479
0.810112
0.810522
0.806528
0.810565
0.810589
0.810640
0.810668
0.810743
0.803869
0.810865
0.810910
0.809935
