0
0.38020544696343
0.11633769596983
0.310482848040663
0.240155807848146
0.157658969866328
0.278258166347775
0
0
0.262871351766571
0
0.119570376427806
0.124984141620634
0.193452364251964
0.565931393744216
0
0
0.351393570976493
0.318995837678936
0.254174589168406
0.415141232393469
0.11405094500357
0.315728311842688
0
0
0.345671215395058
0.582021577065489
0.192394026486004
0.324716352257248
0.15344270415967
0.0329905437090631
0
0
0.259961929318331
0.18996623219015
0.3585599895256
0.143526380640013
0.339367534479116
0.365069394508141
0
0.311351948560783
0.656357286374699
0.302202777851898
0.206783060550472
0.370014426011206
0.290684542371036
0.273535791466454
0.326906029346324
0.453451166748133
0.453157825123155
0.699458452760354
0.328286305427388
0.512917205334171
0.649904919121184
0.553451379847953
1
0.483181273140186
0.157652153506811
0.580473439719852
0.450636602233015
0.791412945568462
0.727459759987306
0.67824378265552
1
0.647515128904361
0.446792483957033
0.77025982581366
0.596204082988577
0.316198175305917
0.691538314131414
0.412254094230789
0.388883175130535
0.239821962181537
0.411894485417032
0.548723605774749
0.601354766264201
0.525013798244654
0.327928284289861
0.320365001257049
0
0.272006095693718
0.324818367947303
0.503916622443602
0
0.172226029598709
0.231465473463773
0.0455026890497475
0
0
0.0598511190654396
0.0201911881375253
0
0
0.168518022559274
0.166736736028788
0
0
0
0.192729296177905
0.12056830513024
0.480316672317395
0.225960190226234
0.211798035222955
0
0
0
0.538969602763288
0.0784072953547767
0.0934345293160214
0.214845035660715
0.46033638578417
0.58607992667448
0
0
0.447748447395205
0.245563449491917
0.235789704174054
0.565231033758359
0.844852965730465
0.999999788266722
0
0
0.134608573591005
0.348177406596904
0.431749283620315
0.222298513814811
0.611147932856272
0.704451132599703
0.826170379528947
0.176155779277205
0.608126511790989
0.0729032430865877
0.390279547762109
0.181623536304149
0.680710231083325
0.317686116960972
1
0.0630598908223402
0.638751163995448
0.81168000331001
0.261639356022313
0.453880062726747
0.384103876245632
0.0206645571295743
1
0.338938811159571
0.483463959110472
0.989362107869916
0.0838790464836831
0.568245611405421
0.637751853442109
0
0.00989387337617501
0.500000507006053
0.288389655967975
0.366135794713398
0.0688300609787995
0.454848046466788
0.479084480723862
0.402476402003818
0
0
0.333975726649863
0.293241765141401
0.328578418823013
0.154781678631339
0.229367299431399
0.572683130315189
0
0
0.145924815905612
0.335858147973148
0.353391713859556
0.365862429255409
0.502714707512675
0.743640705328406
0
0.295114093495776
0.165818805718539
0.258288108248568
1.02954718175383e-09
0.195818061271252
0.535343461499887
0.237232064583826
0
0.0658541594965298
0.453174632324909
0.144199641517453
5.53824848781748e-09
0.26529698543071
0.298399660102835
0.311119327288499
0
0.285244041893481
0
0.39054966253046
0.0289094712622049
0.424339465616361
0.126623947475168
0.0473943176867411
0.728635389370408
0.524261712409143
0.283407679871874
0.517975018766409
0.374063541716443
0.336388385501402
0.505775492907306
0.238621637435719
0.996516255239843
0.364863955948709
0.388714367809681
0.654834166346525
0.312887654900628
0.236715642745015
0.501388255196088
0.519548249148748
0.782913169741792
0.531335976728046
1
0.460706311249099
0.224386261055845
0.436012909676172
0.20842075576157
0.135760959874202
0.0296080194765986
0.340230206350325
0.445243009047983
0.311830164659325
0.329790806630835
0.361324261264875
0.33287565398489
0.725090462116319
0
0.0711440127778762
0.344338534066264
0
0.0326727770236559
0.406349046592293
0.404982187432146
0.657531545892027
0.233843501559071
0.226078234933992
0.370419875020335
0
0.557437217466626
0.37166173151588
0.0496533180192766
0.627177714973108
0.39792454138141
0.0398428858251162
0.0442914779960787
0.330974574256473
0.185119278114623
0.197758983360061
0.250935134695071
0.0481663112695262
0.467989549191067
0.07338143071256
0.563328018129209
0.182902544076161
0.0474971975713533
0.275426777984769
0.365594776079218
0.146997542806825
0.64898256739574
0.387583295396936
0.349922550724536
0.215948460146405
0
0.382433997134748
0.505949469378787
0.107271548913578
0.444999578235998
0.364273285581601
0.515695627190687
0.438239597286151
0
0.253455781135633
0.290115700500852
0.313791585188064
0
0.105103219260817
0.383567638124936
0.183319483863794
0.0670967487389921
0.309886769479451
0.028226659372115
0.117195716076535
0
0.0492790784233267
0.256258079710485
0.0539700010409256
0.457578701398392
0.227201959223145
0.502982130351616
0.985401754044292
0
0.22775686402192
0.148473621925149
0.0437837693931513
0.109824250204892
0.545976143128849
0.123686450490413
0.693815322347144
0.163486131899356
0.220123400188091
0.161509388159176
0.0511737428122633
0.483179974825243
0.413873557564495
0.198899221119108
0.582680471155227
0.371996434835721
0.631060448152731
0.384070437274469
0.502946108735307
0.607127075308477
0.490764618300052
0.444488949080209
0.224716321279899
0.395106537586567
0.639562533698374
0.122081846444986
0.319551463591022
0.0374002543529746
0.0093966610670033
0.502304819306715
0.221697620970184
0.389598005275226
0.207724956254948
0.426762727577228
0.225635421269608
0
0.13084400600644
0.0435872562639063
0.101601377186533
0.426507820097268
0.0914311441027824
0.126689025659956
0.148078423656784
0.124819161104868
0.0112438592202437
0.228169703126965
0.230831465324989
0.2743687986122
0.176488580737614
0.141087629910094
0.105595698392912
0.118773415588834
0.426664913784687
0.472555281547662
0.543073497035052
0.260260237117796
0.0931927397091602
0.0825251985033442
0.364677411806294
0.360789136154617
0.522233557425926
0.300946793617565
0.563857555619246
0.0382469054427243
0.24724473111402
0.372870695013747
0
0.398408579050276
0.190258570060015
0.126166916439073
0.999999999478914
0.310622870145376
0.450951644668913
0.454433982474593
0
0.47093481855155
0.233559982945845
0
0.426494055668111
0.363395386372526
0.495795569699605
0.0171492130618896
0
0.473169177212412
0.0316016354695774
0.54018202339969
0.220467457001678
0.324616414704006
0.332612485328392
0
0.0464928429257525
0.0900220338495705
0.149823054492728
0.182714266560473
0.201361200196537
0.0968183314991353
0.367959610733073
0.205829903225023
0.21011349703869
0.324074867594847
0.243264468759493
0.560799014587821
0.28470623789078
0.108375316295543
0.0416879224866878
0.0700649305961728
0.0950845105236122
0.240068260777638
0.228480451648757
0.280899348330769
0.461886246567081
0.156024317530641
0.0288759963126442
0.0755496157701723
0.20311627004043
0.310305868085598
0.0841327168702717
0.27635605660996
0.568231543992226
0.366392675346787
0.432165517793279
0.447118406647839
0.30758942972556
0.429048486183558
0.07874831857961
0.108146574111458
0.722618859464898
0.881093071811075
0.238183612240271
0.316601707099322
0.22063883168895
0.44139656277097
0.429333957921606
0.232955612115367
0.300896558277642
0.272606441199179
0.234645528642124
0.264889328506332
0.132230284927631
0.198621009101198
0.259977852588892
0.257493949380264
0.0827370523821806
0.302003479739821
0.427446841632573
0.024170611687087
0
0
0.150391920889073
0.410578309593939
0.276002220159085
0.0642691748072898
0
0.184500083482702
0.192519385677622
0
0.364996603553176
0
0.326507590968439
0.481762432691588
0.0238239872704701
0.244828229871879
0.341871561590931
0.346867910536321
0
0.318982692443005
0.153756047918458
0.0981178272198012
0.386447534443678
0.103572577231815
0.141175397362032
0.234968186443147
0
0.146024512346318
0.331213415854756
0.560853674264425
0.170936936631501
0.10354271357973
0.274998919261318
0.17854113836169
0.293475809097978
0.198012740892316
0.505444516025288
0.360032151091295
0.504707044872133
0.0359839566315197
0.370616748349581
0
0.463305281013633
0.450865231624854
0.562066615177442
0.54513073982185
0.104122752737909
0
0.0763988186551943
0.00960892492395117
0.345490903131388
0.321668223759096
0.286014091434229
0.174158302374133
7.78292570694968e-06
0.243187509687134
0.166537691147814
0.354373939164705
0.16814081771469
0.0273930619251028
0.0596733841832876
0.242993777475146
0.0217187313849518
1.41135306240841e-05
0.288540806745504
0.406779513378751
0
0.449432978195469
0.189982157407406
0.017997789671573
0.277138915656004
0.214622176205225
0.28711092821042
0.343574453384294
0.289122309033432
0.420039858174918
0.272519694818791
0.49856716952394
0.250109780138428
0.0922852820316764
0.319054127321673
0.121204145150941
0.162660667136899
0.107322718496124
0.477773697984326
0.238746641685958
0.425400164426576
0.246681132421134
0.226238575713077
0.308254719515844
0.44314992500008
0.334864832070321
0.550781396005421
0.186992172661039
0.215171534485081
0.0376220296215661
0.0601195129262686
0.265072310302324
0.430084865247773
0.269974228719145
0.232619161830279
0.36215715528197
0.24008828697778
6.22082854937972e-08
0.479769086188699
0.114446208556637
0.46075558907054
0.000897333503726789
0.54299230978547
0.109190737384962
0.36930778198976
0
0.37263239492514
0.243269252818027
0.140820361105507
0.0748607674555617
0.193843529845475
0.327699648741037
0.216734033671829
0
0.290176731080306
0.0549972718685818
0
0.197419876040076
0.374324512863142
0.126888382269297
0.444374285508739
0
0.167416989399124
0.0926355438790335
0
0.42469526810461
0.0762058169396565
0.115036744340773
0.0571330720910799
0
0
0.300421532786627
0.187338280539946
0.405878439730661
0.101014253885944
0.477082218484269
0.340545804782966
0
0
0.134235815626644
0.335835125406538
0.182606266535858
0.42617116417471
0.327293006556654
0.0466710934819883
0
0.314709739386297
0.215413799535274
0.268255754047716
0.0720252028968487
0.484169695719376
0.383620080190585
0.0529595558542767
0.0964900398511994
0.329956543370887
0
0.203510496595044
0
0.262845329734476
0.352435806028541
0
0.14815123460098
0.386859975241475
0
0.773494402248831
0.00960550150605749
0.285203714665856
0.391429404375153
2.79105190006466e-06
0.196545106918642
0.0496329545771434
0
0.433446362503454
0.331045120476043
0.516983701037478
0.304721955469348
0
0.214432217015422
0.29625363162398
0.32519093160792
0.197927672844661
0.279163900142618
0.321536848593391
0.406663790294
0.0946276049584727
0.284583311051309
0.125040143088502
0.387811100342176
0.0987567803313002
0.117181567114681
0.282588222986191
0.231655239075529
0.0841242401281901
0.401064962487338
0.309215485699325
0.369226241178075
0.358778388806961
0.116530816877492
0.578722097126916
0.57679346842263
0.116514191013159
0.372843315441599
0.304303315460561
0.33513374824117
0.334120971132701
0.474565777276204
0.039580931192664
0.325585472811411
0.300750914549836
0.0477354270322552
0.568200771692031
0.41200270315237
0.345344310644002
0.134720492585065
0.36592048022761
0.548610296891462
0.359331428277463
0.401168843161368
0.254136215454203
0.017215648030263
0.159833559748835
0.507283301765288
0
0.416632359301969
0.175842469863327
0.217718491137105
0.480185446457422
0
0.114858889263707
0.313944390725867
0.111293724693545
0.331489829512523
0.375640954761253
0.0142516337437432
0.305886130738428
0
0.354782941354014
0.158337869526625
0.00134247583115326
0.367138002085176
0
0.238374014487624
0.25224883455856
0.0153620667969469
0.305662219399484
0.23155140283938
0.313240554636099
0.53883591174456
0
0.31089519185045
0.324048504740391
0.119595170113237
0.377626485459206
0.193893075570102
0.358063674819712
0.400662737758718
0
0.0411734671161082
0.493608822634029
0.283973182230186
0.405077882721317
0.267035733953975
0.362768712216232
0.811814930055479
0
0.14417123911973
0.00912023093648624
0.00719113118293758
0.334630412980617
0
0.310420852426711
0.325591625506083
0
0.189310360043093
0.384359873448621
0.4676539327752
0.348384307989096
0.205811031720909
0.208917368193084
0.251235020643961
0
0.224093069383206
0.263450796012467
0.522603715322359
0.464312132429612
0.1912195842013
0.562037926519531
0.0142785847351694
0.0149238917706144
0.36110350750884
0.0757626364682098
0.283242570567383
0.54376906031792
0.485247999852065
0.773174563601828
0.0975673825719089
0.176868415001548
0.364485780803053
0.0962542913331084
0.471981918735453
0.0591989767395929
0.456886819929035
0.0215668406160067
0.400102876652267
0.261641966427432
0.295824138643105
0.224018910819567
0.594452986080847
0.0470940265876355
0.14978969058759
0
0.498146927971365
0.243138329614402
0.28925707632383
0.489879922433023
0.214252596635915
0.0386443921102706
0.551658849784852
0
0.349170944203507
0.2388607173948
0.407801340014472
0.407777216872868
0.184789716026797
0.18717903063872
0.319980564924701
0.0328440820642857
0.445210128353874
0.23470414629687
0.269731727737402
0
0.248478348465856
0.52398805088614
0.213088029605445
0.0235027124743842
0.281425480191162
0.296672585873519
0
0
0.0495288048472922
0.445739956399308
0.28399294515074
0.41372355437823
0.468066990505744
0.0650144631422478
0
0
0.198877554700745
0.0220444229755058
0.0474157017615782
0.0544081984812106
0.221297287361366
0.155771902153934
0
0.343820786208445
0.070845285493931
0.0469342930441146
0.00779321721057463
0.141295068396327
0.185672672379247
0.403254279546103
0.439539189133661
0.181059527241933
0.112958636585855
0.363083205972246
0.000495279341007294
1.07677461543893e-08
0.515504960096614
0.356031976074838
0.0560287097469368
0.188739367222054
0.33690589176006
0.417990600442781
0.168207308604708
0.0973576711832518
0.26185928616569
0.115252595398702
0.138827053005503
0.432598660550275
0.230027894532207
0.524727265108799
0.123077205051485
0.447446413758586
0.108953152010778
0.057587904214067
0
0.209546579193813
0.212436647460463
0.223427963627089
0.389486989563132
0.500045132247931
0.0506818696035735
0.00209203697294284
0
0.381656479376214
0.159380043334797
0
0.532228861774761
0.205977931985384
0.00124149365242413
0.111472692143964
0
0.449284166519548
0.583996314384386
0
0.428682593297226
0
0.00418648658496521
0.263891865191909
0
0.155371618914542
0.42333361478145
0.358422671437555
0.218182078027483
0
0.0496323348256433
0.505353284206464
0.0659180949697098
0.344246406620564
0.163919856855555
0.0942518061272857
0.223908936584886
0
0.172591486138695
0.68457967018113
0.429614895465414
0.586028719996074
0.208752124140405
0.645375756933009
0.383355148917748
0
0.134300316890296
0.384501994550176
0.0712773658899002
0.388939844195216
0.0185299811374727
0.34741918665505
0.192862497639278
0
0.0724338486015105
0.413489800106415
0
0.119568833118403
0.0328297218426683
0.11562499316761
0
0.147409570514669
0.345812412520595
0
0
0.0196610160431304
0.0736198735909989
0.143877596869846
0
0.349530571640857
0.357667077879378
0
0
0.194430317490159
0.152066106822031
0.431897737140175
0
0.0790097292255008
0.613051309652229
0.246723646938198
0.240414112661635
0.353347443779568
0.359085607836534
0.317064466687976
0
0
0.388341096749554
0.541586429833424
0.0529257951435578
0.234551151760422
0.0462617928834597
0.0941557372311306
0
0.031436728757806
0.588837268566827
0.187543958450938
0.369620313355273
0.216203835678059
0.239867656417162
0.544555376827149
0
0.299584885107484
0.69101606547964
0
0.256977074292454
0.486711808402346
0.304309658028928
0.243648530473301
0.128938492428197
0.436920369169319
0.620845643254974
0
0.120723554135016
0.227182119395853
0.0772594784711011
0.426165162706454
0.344558131872621
0.519722965824293
0.548760355482981
0
0.131424865525322
0.592673449530478
0.178952476145372
0.428231992327891
0.495009395777991
0.392467830250029
0.614894714956913
0
0.51726237187514
0.722147221188993
0.401721149528096
0.177742259209277
0.262379259132692
0.456772759012778
0.703954179366351
0
0.70848355114014
0.999999965403604
0.931640139351484
0.584602064715707
0.930489792616962
0.293241056065423
0.228392349858464
0
0.528105614728212
0.644086054103337
0.833369123755372
0.928631281108534
0.597228542748836
0.419448619340306
0.0110904459866524
0.892624058866724
0.535981703916572
0.251704824446673
0.335603285100884
0.384473585700118
0.293183471217802
0.273805480754376
0
0.83873714205951
0.263372373578019
0.267201915042526
0.306140195504948
0.61719346400251
0.438328794287098
0.517650353980914
0
0.48192706693526
0.0736755559734707
0.24868831243649
0.336568322901048
0.0130164671138873
0.171270327930882
0.09237896296718
0
0
0
0.173000438766995
0.480516420122036
0.0158894535621778
0.0639620432500587
0
0.0760676961720285
0.264738170569377
0
0.427011864917437
0.330739139930328
5.84409319484727e-08
0.000470378538202738
0
0.466267780779736
0.144664104474643
0
0.368511875155908
0.237943422898689
0.286905262806988
6.82524230035833e-06
0
0.235660414536402
0.285344862214261
0.135017728720696
0.0284864135489479
0.361871468125323
0.297921794955864
0.24380394712252
0
0
0.302042487998473
0.209662836738124
0
0
0.133508269716028
0.613622858216542
0
0
0.241018052894328
0.0600316226763593
2.49002372380601e-09
0
0.0505034940163352
0.0538062093868418
0.209777967908078
0
0.118262951503329
0.546006494811287
0.117357441879477
0
0
0
0.322266508279398
0
0.181755787744195
0.141362959227047
0.0216863511699169
7.88447987718468e-05
0
0
0.165666158237534
0
0.0956221736878921
0.358706373866621
0.0668157169694543
0.0495057381155012
0.635382139247097
0
0.832611320617924
0
0.0476691765152022
0.321122885979971
0.159604045027311
0.289052534057142
0.621094602567072
0.992656225594737
0.924401229181108
0
0.277718719008684
0.439873437118115
0.430567480662134
0.563091317453079
0.316946944982279
0.807863692069994
0.201075887366352
0
0.652743984079822
0.165977412659143
0.586144067788252
0.438405876930449
0.373308266796421
0.250478693787981
0
0.294050506203764
0.933849114678897
0.128885039139119
0.152129691151331
0.383904030781901
0
0
0
0.441541820544547
1
0.413853247806534
0.00235858592613292
0.37317383158714
0.0806562944244761
0
0
0
0.377440176100384
0.010075259273878
0.0056691081948945
0.447683636003421
0.0439101803768115
0
0
0
0.321700465224364
0
0.0496197887052213
0.331825370409889
0.0802620206697234
0.0240035038245068
0
0
0.36635186028117
0.0257334066296263
0.228192770611624
0.34711961354491
0.309127586431119
0.130803911706989
0.121126114799503
0
0.217582811991499
0.0804337450387243
0.588010534317887
0.306196739203274
0.297768689665065
0.00376376069254353
0.287942351400198
0.388874688817361
0.566828395395147
0.380924909260317
0.380640439155374
0.442884278392791
0.192346539988375
0
0
0.657463967082301
0.36404879342562
0.512907219418827
0
0.108524244296114
0.130201967778373
0
0
0.425461888068905
0.515580841544604
0.161842761627908
0
0.0238020708226938
0.0431994627791603
0
0
0
1.66877138211307e-05
0.00138898890775655
0
0.00858891258025051
0.391162273106624
0
0
0
3.02939503477249e-08
0.15968284167883
0
0.0611516484527097
0.149122087584104
0
0
0
1.00493180735294e-08
0.0475776804629788
0
0.25111454501628
0.0129623906447751
0.0337728167916874
0.728774841799142
0
3.65628731639591e-08
0.288169296326244
0.158470417376287
0.250571815103317
0.502387655007273
0.720100391517481
1
0
0.253829994841125
0.222558091211694
0.25994366308957
0.0805876511963042
0.491639831361934
0.983740523298097
1
0
0.981593381462348
0.105380588023534
0.311568938913234
0.105434726105943
0.519376807885167
0.518127204264892
1
0.972627739594853
1
0
0.733758804757093
0.180305078181619
0.793549815426798
0.121428653714978
1
0.573555314277647
0.999999580549583
0
0.849439208334462
0.398171390615244
0.921297866782112
0.326847613444982
0.0369321811043707
0.28144406868237
0.336895216126088
0
0.29422944057063
0.636472948848025
0.512356732945385
0.024072179524302
0.285165437168502
0
0.735415911715638
0
0.291874182832319
0.488198678574134
0.165124165734121
0.0328335729768314
0.218058436302784
0
0.633581418202899
0
0.561662671057325
0.424550423036894
0
0.0847260673661303
0.200376619470823
0
0.383582341412627
0.163161718620441
0.133839774762221
0.00201299285558271
0
0.090165845659526
0.0738469035729607
0
0.383278623015669
0.188454844885945
0.422504063815478
1.95364562925085e-06
0
0.0700115577805413
0.138685976846509
0.197330661370078
0.35561456771799
0
0.583691761202779
0.169396660829198
0
6.79486506114843e-05
0.198419476666447
0.339118846865898
0.475161540439556
0
0.149657393236689
0.116920742664121
0.00299145087939037
3.72863231088049e-09
0
0.202989633396403
0.655661881982085
0
0.0423220459508193
0.401676943778019
0.402804155623364
0
0
0.318019355193363
0.353384748807098
0.14674401099559
0.00821899399481543
0.21841077470912
0.334530344027104
0.0236429625240135
0
0.00689712766708892
0.0405661343413011
0.034086724403236
0.329400433501731
0.163840127155804
0.399661826476705
0.0580093648657572
0
4.83674752975672e-07
6.35172730347363e-06
0
0.321458097315769
0
0.29817547155946
0.787708330339268
0
0
0.255361973320554
0
0.00654573112670669
0
0.434899668213285
1
1
0
0.5627591486964
0
0.0689274504756226
0.0992709018697547
0.813089254965496
1
1
0
0.483192880304251
0
0.0841736133610286
0.749591962455862
0.87855615727068
1
1
0
0.197142511155499
0
0.528865143997383
1
0.685404482183798
1
1
0.971891621773243
0
1.61094664168323e-05
0.224382979504421
0.869896370183484
0
0.0384868446309686
0.625425761169975
0.985277517779099
0
0.723145673489029
0.0896724957396058
0
0
0
0
1
0
0.404514698710879
0
0
0
0
1.95371766992791e-09
0.690733898118232
0
0.481211565555794
0.277050099847162
0
0
0
0.216471719705178
0.586407491489369
0
0.363407819189922
0.0124914174618639
0.0666723556348165
0
0.00459332733322582
0.554183149952803
0.4798670181944
0.0196290605557351
0.918360853400798
0.18720261341365
0.603733539619977
0
0.156927134574157
0.452375556487544
0.699688197453627
0.829675526082729
0.597832462146919
0.207820926963332
1
2.32650654714563e-07
0.221746691394881
0
0.736547050247827
0.636572906050508
0.305056440223589
0
1
0
0
0
0.40520517587944
0.0264057958890847
0
0
0.0142083457719059
0
0
0
0.383407455034277
0.164829923038482
0.269512422608744
0
0
0
0
0
0.688767979262088
0.390019584704308
0.0985870189558524
0
0
0
0
0
0.694592770222266
0.602819373427831
0.956107206937656
0.00125543581957856
0
0
0.197285018744537
0
0.586145159589402
0.470732678563258
0.538557307631785
0.662267151947536
0.221677770577195
0
0.788097784440651
0
0.375869030607941
0.19939751772965
0.340250891645279
1
0.572571724682806
0.000111529073997118
1
0.358293092806709
0.0868196914764395
0.184616260000815
0.158874779695679
1
0.721598249486636
0.137322761930725
0.992853687831054
1
0.00220877084642508
0.0679807440776085
0.256407688660626
0.75770550352207
1
0.422186980043168
1
1
1.4190221970426e-06
0.0293004738310069
0.0190057333037875
5.05474706109072e-09
1
0.148187882089949
1
1
0.000212940056472712
0.0127165634329118
0.000378066931909536
5.13256746661588e-09
0.534524698205939
0
0.498492903759189
1
0.000407185426597911
0.00165041086786142
1.96044721920899e-06
0.255338122530799
0.606568662161221
0
0
0.999964921315198
1.19550681115409e-06
4.81326316920367e-05
1.90675139197203e-06
0.444216600381704
0.16459868819179
0
0
0.696307845661741
0.285098743125649
0.316492071277598
0
0.0557078329354613
0.154309556189154
0
0
0.118155228346954
0.584316040597588
0.322710534463491
0
0.695946164531791
0.199393159821723
0
0
0.00188312128355431
0.394800036891544
0.0782357398435301
1.61802211469725e-07
0.620936951518375
0.0272414724231846
0
0
1.21885037542735e-07
0.575259843043486
0.00180948021600995
5.17108309714665e-06
0.418558687792158
1.72560471305704e-07
0
0
1.27405220034669e-07
0.420461788051254
0.0551121332209211
4.84123545620039e-06
0.278906576353407
0.154851647383395
0.025905185705715
0
1.61354268267104e-07
0.209560199043152
0.0136907027016146
6.33841079405877e-06
0.19553058702084
0
0.460889189281757
0
0.000203573795408556
0.310328668641923
0.0171980538104367
1.60128241252874e-05
5.08130491126763e-09
0
1
0.313654931237727
0.0691567083883034
0.69091719745721
0.00322291730777161
0.00509854420976459
0
0
1
0.999999980969834
0.260662447829048
1
0
0.128926712279376
0
0
0.125006651117069
1
0.469376487537536
0.94784681741323
0
0.452270412824033
0
0
0
1
0.13927698960288
0.999994392059664
0
1
0
0
0
1
0.0647646265597507
0.583555822888357
0
1
0.0838727238603522
0
0
0.595237049701212
0
0
0.473184333489866
0.968756340606947
0.631119691057359
0
0.364877975385022
0.427211796925487
9.90217774766578e-09
0.00134992104274245
0.86647847695292
0.747528922312449
0.249135373630193
0
0.341089566365468
0.44084409249899
0.211998086226323
0.11372789747354
0.808586773050549
0.235686262255944
0.515517758562995
0
0.475843407416995
0.123618640555401
0.582084827669997
0.0176258156988447
0.117820376269594
0.473498497002775
0.934983522522861
0.102148511562512
0.221459544117513
0.139954226725418
0.281056166474089
0.0649827665217383
0.29769433805408
0.389028370438164
0.368801916577185
0.723735126510335
0.0479680470908292
0.00228386830472278
0.219767683490846
0
4.44868245777475e-11
0.0934544422839532
0.602747321470877
0.850644420254026
0.0620900450572333
0.0295111660586493
0.385019938657014
0
0
0.116238483321151
0.195171272352956
1
0
0.159735968697902
0.315266578268061
0
0
0.0180348594297347
0
0.793570832009302
0
0.423141632332066
0.580479923422752
0
0
0.339150719345167
0.0425677046443316
0.902248470946345
0.0541199204638762
0.499976143152784
0.186653365234428
0
0
0.447087102895976
0.0768098845816415
0.959621228110405
0.90608480214662
0.125143328399312
0
0
0
0.244346543487699
0.416384472840903
0.365033600212608
0.735032430842075
0.492591403061125
0
0.229664381704151
2.96883142215537e-11
0.258868734748532
0.398547174810603
0.166165871612112
0.377887271279458
0.432390573758712
0
0.359472481591551
3.55200353305043e-10
0.150910808440538
0.000497678930527917
0.136419614253982
0.105955951873296
0.30425439757911
0
0.360767752881869
0
0.0475777204690465
3.90920399616722e-05
0.106012245542695
0.954438408386997
0
0
0.00598468966096258
0
0.0448803409004632
0.0331568956981247
0
1
0.12509593745431
0
0
0
0
0
0
0.832622839891097
0.484422823736757
0
0
0
0
0.000412523128286029
5.80077751792145e-07
0.316074932267287
0.661558129010219
0.193904680079448
0
0
0.166244464960386
0.0582542612075937
0.0166973869261377
0.0389298614840003
0.429357363241631
0.204982372889005
0.112601530236185
0
0.304499668967101
0.0949952837900016
0.00949677941817644
3.71815784880086e-09
0.309383525869722
0.493945614086945
0.771720434778253
0
0.151013689388237
0.106862116747305
0.000343097294197657
0
0.380432003215022
0.365210020177047
0.73794494707252
0.784127607793617
0
0.236528453870391
0.00460147016737917
0
0.137902652719313
0.350217560893981
0.510875122009154
0.98458773890225
0
0.242945611279478
0.0443019121044963
0
0.436517406645587
0
0
1
0
0.456120079967552
0
0.316848747621477
1
0
0
0.78907285083757
0
0.428159506694196
0
0.338453444521862
0.491082618849641
0
0
0.744031571563156
0
0.434266686296706
7.20335512577872e-06
3.74365621165187e-07
0
0
0.0435351063871904
0.30472072992053
0.384970317296219
0.971602520207232
0.0272473228246
0
0
0
0.0111102452190472
0.254277789343857
0.0659947293825047
0.495466797158712
0.0341399877551231
0
0
0
0.000326662855090481
0.0674395997451133
0
0.349773533988115
0.0147810177637706
0
0
0.00770615716147438
0.0173506174320046
0.116847011646259
0.770779573581897
0.993563528386378
0.195152248327663
0
0
0.298124711513789
0.0422677619977378
0.132552298274881
0.765201845469631
1
0.507929635244924
0.000171605440331969
0
0.423780153388934
0.0914028433655667
0.115385882367907
0.361941216073849
1
0.958280232780454
0.113705179607464
0
0.00535785284895129
5.14715658593775e-05
0
0.0580526714702646
0.525430598404807
0.666189728322645
0.742473252806112
0.25066277242108
0
1.39895029896871e-05
0
0
0
0.623858335875228
0.999862931737637
0.6335162772408
0
0.316655795118156
0
0
0
0.475338608927988
0.585005857171687
0.286435800537165
0
0.19043207143884
0
0
0
0.482508375280724
0.710984864835006
0.322106479318741
0
0.442011488366014
0
0
0
0.275294027049248
0.549987013723846
0.533117952074654
0
0.0922743678087355
0
0
0
0.339176902841183
0.675904603573392
0.770448543805366
0
0
0
0
0
0.116952424051369
0.621530568841589
0.691366408445857
8.27523908082141e-09
0.155733344337149
0.392881420976478
0
0
0.181368072374425
0.650572843155201
0.353410244716586
0.263015722343604
0.348809401806959
0.716064519768248
0.087080897813491
0.185469339140779
0.0979609194525948
0.569802279694041
0.346208805705696
0.890526042141035
0.656834575043966
0.496543656012899
0.362922392243167
0.150789072769033
0.0674838923667115
0
0
0.819032901660598
0.855742323199967
0.383328493201543
0.17730891052922
0.0831062593595828
0.0224020229940476
0
0.162140228954312
0.658792883916252
0.236573816289213
0.533970125860732
0.0272552693222532
0.000311720811576821
9.69549481602836e-06
0
0.016481923096767
0.416693455006193
0.243413224853524
0.839514435230724
0.139172656785208
0.00217424650688838
1.26566356739788e-05
0
0.284309461514691
0.0763602323804828
0.0801977056292514
0.86578950981295
0.149585289948231
0.141188616311658
0.00471488950888824
0
0.265699017524262
0.322369298781632
0.2021426411872
0.626120123097905
0.590947694941816
0.0483212717468741
0.0704844809977967
0
0.420807713104832
0.456524810214406
0.031877500280917
0.35720301020293
0.38171118531013
0.0610474808724985
0.0407581698423576
0
0.207830763363008
0.161366924405225
0.180250504031444
0.0706672624075278
0.675876813123299
0.526938307119229
0.308637538732584
0
0.0124041158552207
0
0.289458218887289
0.101610460684121
0.926713111195564
0.807521029789131
0.0418682444938148
0
0
0
0.478053993939352
0.35410359689076
1
0.955223106463175
0
0
0
0
0.0574184800751654
0.212473498610826
1
0.754277891208281
0
0
0
0
0.175859067252141
0.0340618459423519
0.275782847793678
0.53015642406816
0
0
0
0
0
0
0.100940541815266
0.641063028174806
0.218070408337353
0
0
0
0
0
0
0.267567274113065
0.730742338322471
0.603963800611509
0
0
0
0
0
0.420347154006935
1
0.507556428197136
0.460671861742816
0
0
0
0
0.101241918606089
1
0.382587997582124
0.0965120547393439
0
0.0879271393271498
0.583762751690471
0.203939504739537
0.577200876518215
1
0.366147768619809
0
0
0.90329093262335
0.264571142859456
0.200266617381228
0.331051289347071
0.249678204940777
0.0427267126288028
0
0
0.251479725510788
0
0.161439250812068
0
0.164800016600122
0.591978713049834
0.305645216537266
0
0.133963100730337
0
0
0
0.33631797976259
0.332560504762033
0.428398405597505
0
0.337771008265349
0
0.0684854703946718
0
0
0.65595270664311
0.807342513690333
0.0401681330781651
0.801043199540936
0
1
0
0
0.44351352901431
0.468200453151903
0.52502424540164
1
0
1
0
0
0.434843272754892
0.270393016788494
0.391885679894768
1
0
1
0
0
0.0271485234597978
0.261481686579242
0.391655220644956
0.875372467397108
0.136297827303819
1
0.198414592458074
0.459310843379797
0.211567814192306
0.443533868785138
0.718261722519187
0.489006398841964
0.392490159281742
1
0.0752842184896964
0.67868955890024
0.596641144470828
0.762301392761116
0.802948869710165
0.208935399467567
0.543072016408449
0.504536669320866
0.462102333561072
0.356058304306703
0.121597847390752
1
0.39309498710925
0
0.623433083428673
0.24644695533756
0.435486765578429
0
0.201214735312794
0.215107331768328
0.221932932291404
0
0.652203601693914
0.44823719696583
0.350202560716011
0
0
0.0688185194951303
0.23336565920996
0
0.679774041089565
0.076008582350728
0.594850175658079
0
0
0
0
4.73433671900408e-08
0.257067063350522
0.464488957125725
0.482252723109781
0
0
0
0
0.0105542343461013
5.4730438302403e-06
0
0.199513609086032
0
0
0
0
0.0843296267973403
3.37856918640232e-06
0
0.313261210266539
0.0797587282140625
0.256265151002662
0.400046642199293
0.0296438286395205
0.203974996634841
0.321749869738418
0.496427959612177
0.50921297369276
0.355232299135684
0.287732569380127
0.486300832508845
0.630102691017799
0
0.562922046029606
0.622062092579052
0.165379262284038
0.623427263799167
0.148144282913905
1.0254709791323e-05
0.435970717985079
0
0.65201050160276
0.64036239307874
0.398410040111883
0.394480937456134
0.0461483632414557
4.98321285554132e-06
0.184730840627367
0
0
0.262232536624724
0
0.314170274381264
0.106451099636163
0.000113231340670214
0.0104328223482767
0
0
0.182938431017412
0
0.25328852373978
0.146137491877392
0.000144995725823245
0.0592780710590563
0
0
0
0
0.235724585042867
0.502207064113292
0.00790175918346623
0.270899055920722
0
0
0
0
0.740939528961064
0.369005629974548
0.0111131687644644
0.098116643487311
0
0
2.5548605148531e-10
0.180487443862319
0.412087633118739
0.500768488855996
0.184369188759127
0.467495369692905
0
0
0.784723312174607
0.999434820612069
0.486866065688666
0.544660520035543
0.18649879421373
0.357537849289555
0.298865190276937
0.326575569539906
0.314296816925292
0.366256309346689
0
0.950007415705435
0.446228400074519
0
0.409830758441238
0.440779959089938
0.0896170643753592
0.130965096941359
0
0.802376050906407
0.00537961893139568
0
0.508216228016791
0
0
0
0
0.378329463814167
0.0332331878784165
0
0.120718486787313
0
0
0
0
0.176558911474094
0.295088542940905
0
0
0
0
0
0
0
0.347870758947325
0
0
0
0
0
0
0
1
0
8.13355666762781e-05
0
0
0
0
0
0.859044481574321
0.0573006461176026
0.527712757816476
0.794007346633558
0.161330229213422
0
0.417874957415785
0
0.817984139429054
0.0725250784542083
0.398635582293572
0.594555352226021
0.314172954582443
0.148150222232544
0.895929290955651
0.00361772962310405
0.654771342276429
0
0.352337511976765
0.517904731298757
0.5059970173964
0
0.107462791160717
0.12076231007001
0.287113606817509
0.326804277264877
0
0.313484580635527
0.000117039071515065
2.19642920665645e-08
0
0
0.0259427395288954
0.000934747202651856
0
0.00658677148238739
0.0148133491974192
0.0170904563528067
0
0
0.44925059153659
0.291467611248641
0
1.39007784569916e-06
0.314329711474297
0.0455203410778101
0.0723328141616102
0
0.159701088906886
0.330121736862433
0
0.38435507544805
0.980635730743479
0.164514089448791
0.586808766924837
0
0.508210393518589
0.512073785960127
0.22799882056978
0.503349066794434
1
0.407055637983739
0.741618351702434
0.191287202303044
0.237474991665016
0.728773608870893
0.341068107480579
0.703037984137441
0.647148700628111
0.344223201192962
0.419719702460457
0.191080719874631
0.47766331650932
0.512944770884228
0.34260876567137
0.388136895226114
0.426152695842415
0.413409828620647
0.199592580262278
0.337076498815277
0.250018746313358
0.23973030802598
0.433068969695158
0
0.0249567741393695
0.19884186499087
0.331820984062024
0.214030229627885
0.000455423188058496
0.0199001627382486
0
0
0
0.25790397455915
0.0307223012179475
0.51426627602338
1.62806374151609e-08
0.0352685604020958
0.0682433950337967
0
0.18921637975004
0.79012946380299
0.271597691421673
0.739000255872674
4.57158902432194e-09
0.0194791984452465
0.111924794323123
0.0209132779128312
0.188314734232437
0.502975209105715
0.637201765943468
0.736518824185607
0.335009445988887
0.0729137510625728
0.0518188581304904
0.0208800825629801
0.242762871999302
0.439845258875889
0.391395020629675
0.278227584627754
0.439563124586962
0.30049237196693
0
0.763744895552313
0.233840219625961
0
0
0.376521072788929
0.508657092375331
0.258021741374282
0.0912171726059605
0.585180666156744
0
0
0.0295470828780264
0.0353905666531127
0.210254515639575
0.258361156487808
0.0397904329026288
0.588067377893765
0
0
0
0.306384756542106
0.389787428012428
0.0417524727082968
0
0.239056418490718
0
0
0.743541718624054
0.664975600353741
0
0
0
0
0
0.209127665488624
1
0.894371066173521
0.391485855620106
0.377797820755994
0
0
0
0.180711191562708
0.311399292168253
0.685762562334576
0.218853137136574
0.690616411276057
0.252742729386646
0.420062298876978
0
0
0.0945806696011136
0.19800964982681
0.837848781167123
0.762375101306291
0.313336255645642
1
0.39264169461663
0
0
0.333534863989273
0.545197713212557
0.899716527987729
0.286882294783773
1
0.170074086048558
0.159253289922571
0
0
0.609017859992578
0.1998984511078
0
0.486051852846116
0.436395902910289
0.44406949691919
0
0
0
0
0
0.0926806207483655
0.561846739277465
0.652797563949598
0.130288971806654
0
0
0
0
0
0.0651134034977289
0.307871214977
0.267728675606173
0
0.151988304575092
0
0
0
0.0832054375439145
0.00107836761214432
0
0.201064003097112
0.182653858477105
0
0.0420228426525634
0.0950216090675633
0.419319756354718
0
0
0.208995185725178
0.522779775269226
0.178446868997401
0.520507908112585
0.863264693971314
0.983098274393137
0.106240999141542
0
0.472771418313464
0.631222111504035
0.774882210810398
0.722853541709217
0.999428773407603
1
0.503879578600895
0
0.372400342836388
0.430737208840419
0.315222449039962
0.14557953380909
0.346859051426229
0.798697705402623
0.396403060440925
0.371659697142395
0.0474222274560995
0.17341330898182
0
0
0
0.31328888865806
0.438734159686197
0.484676289685783
0.0689298628566745
0
0
0
0
0
0.282944462299955
0
0
0
0
0
0
0
0
0
0
0
0
0
0
0
0
0
0
0
0
0
0
0
0
0.0351755028403765
0.0568642178252604
0
0
0.777752177079644
1
0.565400470674906
0.0345002141853118
0.138568110736973
0.232954542223143
0.692870115510254
0
1
1
1
0.329450630244288
0.492869953819315
0.894147205977308
0.78958336435202
0.890629560681121
0.806681600317182
1
1
0.569047203041127
0.745051260930029
0.845819576453311
1
1
0
0.0403514308408235
0.642073332894583
0.0657033672790798
0.15846160178212
0.171961108389931
0.511101319778995
0.475884929875389
0
0
0
0
0
0
0
0
0
0
0
0
0
0
0
0
0
0
0
0
0
0
0
0
0
0
0
0
0
0
0
0
0
0
0
0
0
0
0
0
0
0
0.150844582536501
0
0.159834562104079
0
0
0
0.412083872145536
0.88208629717838
0.462690313709848
0.182982486653513
0.321318616798427
0.518355302086782
0.543912752567421
0.942431190445756
1
1
0.946807143903332
0.523830981945541
0.380207650713871
0.375791019117137
1
1
1
1
0.652597806681673
0.348501396066728
0.157648726357879
0.435759551853651
0.926555192205112
1
0.362599863280432
0.886393667286467
0.279810212408727
0
0
0.41357792207305
0.580433270946864
0.929266485675965
0
0
0
0
0
0
0.122927722512307
0.557444519602368
0
0
0
0
0
0
0
0
0
0
0
0
0
0
0
0
0
0
0
0
0
0
0
0
0
0
0
0
0
0
0
0
0
0
0
0.0319146152998628
0.189204091404619
0
0
0
0.855119792802935
1
0.923992089893775
0.820075339910226
0.246126117463461
0.229828557832391
0.323384502839266
0
