1.07657e-13	5.96618e-14	1.33937e-13	2.92094e-13	4.35317e-13	5.47715e-13	4.75128e-13	6.00923e-14	
1.0839e-13	5.99068e-14	1.34621e-13	2.9335e-13	4.36266e-13	5.49281e-13	4.77322e-13	6.05457e-14	
1.15891e-13	6.23897e-14	1.41572e-13	3.06094e-13	4.45824e-13	5.65085e-13	4.99607e-13	6.51901e-14	
2.57241e-13	1.04751e-13	2.64857e-13	5.25406e-13	5.96731e-13	8.22989e-13	8.89557e-13	1.54835e-13	
1.66159e-11	2.95744e-12	1.05923e-11	1.62826e-11	6.18442e-12	1.40395e-11	3.15829e-11	1.07984e-11	
1.67e-07	1.28212e-08	6.48458e-08	8.38492e-08	5.00315e-09	4.41373e-08	1.82151e-07	9.25097e-08	
0.0457269	0.0100243	0.0360027	0.016018	0.00134121	0.0527656	0.0978378	0.0202055	
0.0027699	0.00925104	0.00473722	0.00430735	0.00656437	0.00379184	0.00230219	0.0113916	
0.00474479	0.0334055	0.0214669	0.00137573	0.0155802	0.021398	0.00968354	0.00879012	
0.149322	0.0633594	0.0193579	0.0166786	0.165567	0.219077	0.0958828	0.00483023	
0.0127753	0.0581231	0.0218858	0.0207033	0.00757886	0.0580154	0.0319415	0.00186419	
0.0202002	0.0189803	0.027591	0.00164264	0.107366	0.141978	0.043222	0.000726204	
0.139271	0.0979998	0.0271125	0.0536503	0.326875	0.342113	0.11672	0.00356681	
0.255385	0.162149	0.0372734	0.0223598	0.228981	0.308281	0.13228	0.00607966	
0.222023	0.145541	0.0439079	0.058419	0.369679	0.401843	0.143882	0.00474825	
0.312276	0.195115	0.0556902	0.0489301	0.339926	0.402383	0.150962	0.00552428	
0.213554	0.195399	0.0567965	0.0734404	0.322022	0.380196	0.151985	0.00553675	
0.32836	0.217875	0.0658733	0.067347	0.374615	0.444962	0.162796	0.00560519	
0.0801857	0.0437925	0.0277381	0.0303946	0.149901	0.117109	0.111755	0.0123698	
0.103139	0.0552551	0.0176583	0.00221448	0.047571	0.192771	0.11833	0.00517035	
0.423331	0.260635	0.0774178	0.0504937	0.323206	0.426098	0.166663	0.00561872	
0.40583	0.261575	0.0799807	0.0687795	0.370465	0.452396	0.170302	0.00614014	
0.431696	0.275351	0.0839555	0.068185	0.363696	0.450819	0.172054	0.00618258	
0.479939	0.324478	0.110322	0.106429	0.397443	0.475207	0.186903	0.0081139	
5.37005e-05	0.00444945	0.0038973	0.0166761	0.0768019	0.0180247	0.0327603	0.0340653	
0.0695679	0.054325	0.0310197	0.0132971	0.0794513	0.167933	0.138455	0.0145202	
0.512907	0.305199	0.121743	0.0957202	0.375355	0.43214	0.191782	0.00747993	
0.53333	0.351451	0.118825	0.104979	0.399282	0.466294	0.191853	0.00781769	
0.519416	0.390914	0.158729	0.126657	0.404541	0.491924	0.209018	0.00958749	
0.221923	0.143874	0.115461	0.0881942	0.301949	0.309264	0.170462	0.00841145	
0.594836	0.415352	0.161305	0.134767	0.428383	0.475385	0.210531	0.00921929	
0.59762	0.432746	0.167229	0.139816	0.432217	0.494627	0.212083	0.00976028	
0.569048	0.372278	0.209246	0.154405	0.422588	0.44393	0.223819	0.0134145	
0.627283	0.446229	0.184965	0.149163	0.437576	0.480534	0.21962	0.0108177	
0.0404715	0.000746569	0.00954691	0.0162889	0.0831664	0.16491	0.086379	0.00931078	
0.33375	0.34305	0.162873	0.145303	0.384447	0.504882	0.207751	0.0128588	
0.631105	0.464239	0.18912	0.153177	0.439856	0.502438	0.221501	0.0114072	
0.645704	0.471477	0.196983	0.156965	0.443533	0.497608	0.224758	0.0117057	
0.306184	0.43714	0.223436	0.170077	0.413684	0.515197	0.252009	0.0179189	
0.634096	0.486662	0.212931	0.163131	0.444274	0.505565	0.234048	0.0136092	
0.522033	0.470043	0.210259	0.162373	0.438553	0.507397	0.23644	0.0122828	
0.665434	0.494111	0.217039	0.166111	0.448101	0.507946	0.235332	0.0132794	
0.672859	0.497325	0.221519	0.168163	0.44896	0.507408	0.236	0.013685	
0.689222	0.527862	0.264529	0.183854	0.455856	0.517904	0.25251	0.0160596	
0.00429975	0.0431376	0.0540865	0.0541802	0.096042	0.144373	0.13956	0.0352021	
0.0986273	0.247945	0.180438	0.10432	0.210687	0.349669	0.236681	0.0312078	
0.582221	0.502623	0.267613	0.178485	0.433114	0.511475	0.254421	0.0191983	
0.703812	0.536034	0.268842	0.185265	0.456622	0.519107	0.253692	0.0169028	
0.70704	0.538684	0.272207	0.185319	0.45735	0.520418	0.256023	0.0171724	
0.693142	0.55692	0.312968	0.194881	0.45752	0.527872	0.269356	0.0215148	
0.0358084	0.0323783	0.0658352	0.0498372	0.0139057	0.0473602	0.0505704	0.00531168	
0.136239	0.0938998	0.0865225	0.0724786	0.304289	0.403971	0.219816	0.0125429	
0.661159	0.535182	0.30542	0.185831	0.458816	0.527692	0.275886	0.0198649	
0.724562	0.56838	0.316614	0.194809	0.464706	0.530846	0.272901	0.0209931	
0.722273	0.578416	0.341682	0.209818	0.474503	0.543323	0.27528	0.0212145	
0.0191671	0.0582725	0.0603561	0.0593565	0.130765	0.305662	0.285123	0.0608501	
0.428679	0.373668	0.256924	0.161655	0.423279	0.543316	0.305316	0.0302559	
0.740872	0.582784	0.355778	0.202424	0.471775	0.544716	0.285621	0.0229864	
0.738229	0.594831	0.355739	0.209809	0.477405	0.551953	0.281135	0.021899	
0.745536	0.5988	0.362418	0.207439	0.476297	0.550631	0.285581	0.0228883	
0.734011	0.5933	0.382187	0.225724	0.48469	0.578283	0.283063	0.0226221	
0.496654	0.324186	0.293973	0.172918	0.426144	0.521022	0.296344	0.0294285	
0.754186	0.612812	0.39882	0.216162	0.482927	0.573834	0.294505	0.0246197	
0.758509	0.622974	0.398663	0.222124	0.485977	0.578101	0.2912	0.0241632	
0.751919	0.606273	0.414145	0.221944	0.479761	0.588147	0.308995	0.028524	
0.445257	0.280458	0.232332	0.239839	0.461207	0.550528	0.219773	0.0178472	
0.755412	0.618598	0.410052	0.235755	0.491711	0.598418	0.294626	0.0258158	
0.774175	0.640291	0.422466	0.232252	0.490004	0.596815	0.3011	0.0266839	
0.775046	0.649587	0.431733	0.24021	0.490719	0.611132	0.309108	0.0284973	
0.275729	0.147544	0.13828	0.166959	0.254532	0.398089	0.264856	0.034501	
0.749727	0.615173	0.430312	0.241533	0.493271	0.596433	0.306708	0.0302337	
0.781098	0.651679	0.437547	0.24235	0.495042	0.610341	0.309335	0.0289998	
0.781152	0.651633	0.440757	0.245595	0.493334	0.614367	0.310025	0.0289788	
0.784011	0.655965	0.442467	0.245803	0.494477	0.616108	0.313557	0.0295636	
0.785671	0.657241	0.445269	0.247918	0.495399	0.617607	0.31272	0.0295328	
0.783134	0.645372	0.455422	0.255239	0.496236	0.626214	0.324435	0.0319203	
0.457086	0.296264	0.247095	0.208735	0.393202	0.509747	0.242517	0.0223849	
0.780313	0.643084	0.456824	0.261822	0.499983	0.6287	0.315595	0.0303383	
0.793844	0.663846	0.463049	0.259199	0.499861	0.629101	0.321061	0.0312215	
0.791895	0.663451	0.469338	0.270893	0.50216	0.635056	0.323378	0.0325927	
0.688828	0.480115	0.407789	0.249508	0.480773	0.617635	0.33683	0.0359255	
0.797859	0.673626	0.476151	0.268191	0.501324	0.634641	0.327656	0.0333418	
0.798206	0.674487	0.477398	0.270015	0.502928	0.636173	0.327229	0.0331634	
0.79307	0.67284	0.486567	0.279876	0.508237	0.643087	0.337921	0.0358405	
0.019879	0.0388196	0.0531558	0.018023	0.0503944	0.118671	0.0408239	0.0081926	
0.295908	0.15891	0.149846	0.104519	0.178962	0.379702	0.215165	0.023472	
0.731861	0.613411	0.473331	0.282181	0.494535	0.633713	0.327947	0.0338251	
0.800866	0.67996	0.49355	0.282654	0.509189	0.644636	0.336075	0.0353372	
0.801813	0.681664	0.494418	0.283045	0.509466	0.644916	0.337069	0.0356207	
0.802165	0.686235	0.506213	0.291452	0.51178	0.648306	0.341736	0.0374604	
0.232668	0.0576313	0.0729182	0.125292	0.269687	0.452625	0.247041	0.0491421	
0.729172	0.59966	0.476454	0.28611	0.509455	0.643548	0.348104	0.0400364	
0.806393	0.689884	0.506712	0.291751	0.513651	0.649717	0.343693	0.0380346	
0.753157	0.637552	0.506602	0.315563	0.516146	0.657331	0.348897	0.0395312	
0.802344	0.689165	0.513573	0.30021	0.516985	0.654803	0.346122	0.0386218	
0.248209	0.202569	0.230346	0.213094	0.372242	0.518957	0.309975	0.0586885	
0.796126	0.679971	0.514251	0.300123	0.516973	0.65098	0.35301	0.0411662	
0.808913	0.695175	0.517208	0.30107	0.518472	0.654602	0.349256	0.0396896	
0.76451	0.674422	0.533155	0.324798	0.520878	0.664614	0.36347	0.043584	
0.611595	0.550188	0.477646	0.281486	0.488861	0.619765	0.37441	0.0501108	
0.811626	0.704508	0.542052	0.321729	0.529681	0.665019	0.370479	0.0455935	
0.813149	0.705787	0.544863	0.324439	0.530048	0.665985	0.371278	0.0458327	
0.81035	0.706696	0.559284	0.335378	0.538044	0.668103	0.3866	0.0506042	
0.0338199	0.157249	0.0770244	0.130739	0.199579	0.309865	0.206787	0.00922878	
0.550067	0.561998	0.48443	0.342383	0.488823	0.613955	0.37402	0.0490756	
0.813857	0.709877	0.558639	0.342318	0.537349	0.670578	0.387448	0.0505538	
0.81798	0.711663	0.562442	0.340724	0.538675	0.671097	0.391033	0.0520429	
0.766191	0.68091	0.562401	0.360486	0.540696	0.673278	0.402393	0.0556198	
0.815625	0.711531	0.566125	0.348845	0.54105	0.673769	0.395639	0.0534566	
0.248386	0.168705	0.185666	0.22112	0.322398	0.476845	0.371806	0.0852047	
0.797911	0.679862	0.559313	0.339031	0.536541	0.668218	0.404504	0.0593567	
0.821328	0.713996	0.569087	0.347242	0.54171	0.673662	0.39874	0.0551759	
0.813409	0.681357	0.573777	0.364328	0.549517	0.673594	0.407612	0.0577924	
0.755645	0.437636	0.43866	0.340166	0.484786	0.631522	0.410976	0.0718768	
0.824549	0.717632	0.585522	0.362301	0.547858	0.678146	0.415924	0.0613696	
0.796881	0.69468	0.583654	0.374087	0.548272	0.675919	0.422938	0.0632044	
0.823827	0.716807	0.587841	0.366536	0.550898	0.67893	0.418878	0.0620172	
0.329518	0.176971	0.390361	0.257017	0.311633	0.618002	0.40974	0.0824463	
0.819814	0.705051	0.591072	0.362988	0.545077	0.682074	0.42331	0.0645167	
0.826854	0.717999	0.590665	0.365736	0.550863	0.680667	0.420845	0.0629549	
0.810413	0.705069	0.593621	0.383471	0.554819	0.679407	0.426045	0.066042	
0.690511	0.509879	0.504547	0.346047	0.474257	0.665898	0.431815	0.0765899	
0.830349	0.720202	0.604955	0.380644	0.560381	0.685077	0.434626	0.068705	
0.806419	0.657116	0.578915	0.389522	0.558241	0.677986	0.433337	0.0706378	
0.830859	0.720797	0.607418	0.383623	0.561914	0.685315	0.434758	0.0691268	
0.831312	0.718585	0.60672	0.384493	0.561734	0.685508	0.439421	0.0709516	
0.831372	0.721289	0.608817	0.386011	0.564091	0.685828	0.437154	0.0704914	
0.832377	0.723251	0.61002	0.386629	0.564021	0.686096	0.4393	0.0711874	
0.832533	0.724965	0.614787	0.393601	0.569266	0.686174	0.4436	0.0739834	
0.207637	0.109919	0.110152	0.26403	0.263671	0.37416	0.294555	0.115398	
0.804121	0.612169	0.557341	0.391148	0.552107	0.675903	0.453346	0.0809323	
0.83381	0.726778	0.615528	0.394232	0.569087	0.686485	0.445822	0.0749568	
0.825868	0.715777	0.621433	0.40265	0.573674	0.684921	0.447203	0.0786305	
0.744378	0.534218	0.523849	0.391047	0.517235	0.639905	0.452318	0.0872663	
0.834873	0.732014	0.624568	0.40466	0.577102	0.687323	0.45253	0.08028	
0.831931	0.733525	0.632974	0.410948	0.580354	0.68629	0.459501	0.0852792	
0.0287758	0.0501622	0.0751227	0.0684162	0.0559098	0.150828	0.127365	0.0132162	
0.693421	0.596264	0.574835	0.405089	0.472888	0.658036	0.439304	0.0790607	
0.834209	0.736928	0.633384	0.413744	0.582217	0.685916	0.458503	0.0845968	
0.835275	0.737613	0.634535	0.413265	0.583045	0.686458	0.460397	0.0857701	
0.828471	0.733921	0.639625	0.421004	0.584659	0.684521	0.464404	0.087922	
0.760375	0.603287	0.567778	0.403756	0.53856	0.673246	0.469757	0.0961359	
0.834415	0.744853	0.642674	0.420069	0.587867	0.685778	0.467837	0.0895931	
0.82778	0.743524	0.651604	0.426797	0.588498	0.683527	0.474054	0.0928692	
0.758708	0.623521	0.607366	0.412876	0.576464	0.671574	0.4794	0.0933635	
0.834014	0.748771	0.651285	0.427348	0.592561	0.684038	0.475657	0.0932871	
0.834436	0.750406	0.652495	0.428199	0.593163	0.683952	0.476004	0.0934856	
0.8241	0.738825	0.646547	0.432729	0.594199	0.681915	0.485474	0.0979986	
0.83409	0.749835	0.65258	0.430138	0.594619	0.684016	0.479811	0.0952626	
0.804625	0.711864	0.642616	0.43073	0.578082	0.676394	0.476796	0.0944796	
0.834603	0.752344	0.654823	0.431123	0.595387	0.68399	0.479763	0.0951465	
0.834282	0.751942	0.657707	0.436091	0.597543	0.683814	0.485515	0.0980246	
0.081879	0.155516	0.108889	0.106346	0.0824103	0.142205	0.207129	0.0360818	
0.657346	0.61389	0.588304	0.429117	0.510522	0.646928	0.462189	0.0925622	
0.833621	0.755086	0.660151	0.437297	0.598732	0.683553	0.485234	0.0975732	
0.834637	0.755313	0.6603	0.437583	0.599063	0.68375	0.485984	0.0981184	
0.832959	0.755137	0.664938	0.442692	0.601617	0.683039	0.489271	0.100084	
0.205267	0.0982938	0.117053	0.234679	0.19825	0.381952	0.287592	0.118431	
0.767998	0.658326	0.618373	0.434106	0.562882	0.673729	0.490044	0.106949	
0.83533	0.7572	0.66487	0.442606	0.602323	0.683672	0.490484	0.101085	
0.832393	0.756966	0.668346	0.449068	0.605035	0.68444	0.494954	0.103418	
0.24892	0.0863756	0.131372	0.285511	0.246406	0.478483	0.417132	0.12399	
0.77611	0.720513	0.639832	0.442112	0.583024	0.678762	0.500761	0.110583	
0.836534	0.759052	0.668176	0.44931	0.606561	0.684738	0.496795	0.104882	
0.804475	0.737545	0.656054	0.453727	0.600442	0.684143	0.492093	0.105019	
0.835815	0.759617	0.670708	0.451119	0.607848	0.685278	0.496655	0.104989	
0.68119	0.567159	0.547498	0.42479	0.537059	0.666479	0.502502	0.123426	
0.836694	0.759511	0.671059	0.450275	0.608319	0.684994	0.499724	0.107344	
0.835985	0.759889	0.672578	0.453806	0.610095	0.685604	0.498505	0.106476	
0.83717	0.760979	0.673794	0.452973	0.610551	0.685367	0.50023	0.107828	
0.831592	0.754519	0.676967	0.461279	0.6135	0.685908	0.502328	0.110399	
0.750014	0.635278	0.615105	0.429514	0.570097	0.670397	0.503065	0.119923	
0.83662	0.76268	0.681303	0.459321	0.615929	0.68571	0.504824	0.11248	
0.835247	0.759259	0.680648	0.465821	0.618809	0.687034	0.510287	0.116387	
0.714086	0.576282	0.594109	0.448911	0.563974	0.634538	0.469519	0.110852	
0.836238	0.762616	0.685876	0.466442	0.620669	0.686389	0.508817	0.116057	
0.837093	0.763915	0.686375	0.466543	0.621129	0.686357	0.509906	0.116958	
0.835289	0.76171	0.690698	0.471499	0.625335	0.685169	0.511058	0.119834	
0.11899	0.0429186	0.12301	0.161355	0.178084	0.333037	0.23004	0.128223	
0.750563	0.583859	0.587597	0.450333	0.574992	0.670073	0.507422	0.128547	
0.837748	0.764772	0.691679	0.471478	0.62544	0.685487	0.512746	0.120982	
0.832297	0.762835	0.689768	0.477911	0.625242	0.689821	0.516685	0.124456	
0.783543	0.74088	0.692433	0.461162	0.607755	0.672154	0.511273	0.130249	
0.838288	0.764933	0.694108	0.47703	0.627318	0.687115	0.516689	0.125829	
0.838298	0.765349	0.694969	0.478119	0.627867	0.687305	0.516892	0.125921	
0.835147	0.763016	0.698516	0.479809	0.627664	0.68586	0.519573	0.132261	
0.634483	0.632813	0.601761	0.428724	0.531073	0.667484	0.492446	0.114487	
0.838139	0.765384	0.698191	0.482647	0.629779	0.688289	0.519108	0.130928	
0.838461	0.765918	0.699131	0.482768	0.630105	0.688048	0.519707	0.131842	
0.835112	0.763384	0.699943	0.486704	0.630439	0.690181	0.520858	0.133829	
0.815052	0.743792	0.691543	0.475611	0.617465	0.682105	0.521019	0.139709	
0.837897	0.766049	0.701308	0.486835	0.63205	0.689209	0.521592	0.135322	
0.834975	0.76364	0.704512	0.491628	0.632938	0.68987	0.522293	0.139081	
0.74726	0.680154	0.657039	0.464138	0.59115	0.67271	0.519265	0.148117	
0.837735	0.766723	0.705388	0.491749	0.63442	0.689821	0.523369	0.140731	
0.824598	0.761219	0.706167	0.499156	0.634478	0.691884	0.525075	0.143681	
0.835816	0.766056	0.706225	0.495236	0.635663	0.69093	0.524186	0.141997	
0.429207	0.313017	0.467457	0.365065	0.395673	0.611543	0.482783	0.160888	
0.830856	0.759919	0.702411	0.494376	0.631295	0.688963	0.524654	0.146078	
0.837412	0.767107	0.706209	0.495654	0.635855	0.690636	0.524512	0.143206	
0.819216	0.753632	0.699578	0.501835	0.636286	0.687207	0.522602	0.147721	
0.836704	0.766605	0.708165	0.497625	0.636927	0.690467	0.524433	0.144347	
0.629435	0.531329	0.514852	0.476292	0.526576	0.645736	0.509628	0.160759	
0.835361	0.766695	0.707673	0.498309	0.635313	0.690908	0.525516	0.146665	
0.835228	0.766387	0.709218	0.500335	0.637315	0.689983	0.524914	0.146696	
0.837348	0.768053	0.710256	0.500459	0.63747	0.690891	0.525629	0.14744	
0.833408	0.766055	0.712732	0.506355	0.639623	0.690211	0.526421	0.15128	
0.763433	0.705408	0.669834	0.498923	0.596418	0.680862	0.523888	0.155115	
0.836864	0.768388	0.714127	0.506565	0.639117	0.691238	0.526948	0.152099	
0.832989	0.761554	0.716249	0.515314	0.639326	0.689441	0.528452	0.156721	
0.723958	0.613911	0.666403	0.488125	0.562987	0.663118	0.516787	0.158431	
0.836123	0.768645	0.717991	0.514927	0.641418	0.691597	0.528993	0.157424	
0.836107	0.768706	0.718571	0.51539	0.64202	0.691495	0.529036	0.157729	
0.834309	0.76826	0.722116	0.520618	0.644801	0.691908	0.53	0.161287	
0.289195	0.0896883	0.273384	0.370304	0.366617	0.462074	0.459386	0.175896	
0.82055	0.728414	0.708146	0.528038	0.638151	0.686838	0.531605	0.16586	
0.834906	0.768648	0.72229	0.522471	0.644461	0.692006	0.530662	0.162142	
0.816273	0.746632	0.714901	0.52912	0.651974	0.683866	0.528173	0.16648	
0.833876	0.768734	0.723666	0.524451	0.647055	0.691312	0.53055	0.16329	
0.667133	0.448003	0.431878	0.5197	0.519359	0.637701	0.512537	0.177272	
0.832033	0.767098	0.720869	0.527371	0.644396	0.691983	0.531509	0.165635	
0.834373	0.769539	0.723976	0.525745	0.646514	0.691911	0.531102	0.164265	
0.806421	0.754703	0.715576	0.534924	0.640624	0.689476	0.52954	0.167739	
0.833624	0.769878	0.724399	0.528262	0.647708	0.691901	0.53118	0.165085	
0.681858	0.681232	0.607755	0.509484	0.558217	0.673379	0.52299	0.179931	
0.833643	0.770272	0.725399	0.528528	0.647592	0.692575	0.531471	0.16698	
0.832153	0.771283	0.725191	0.532092	0.649056	0.691768	0.53136	0.166923	
0.833903	0.771481	0.726506	0.531402	0.649267	0.692399	0.531623	0.167915	
0.822763	0.772264	0.725195	0.541826	0.651253	0.69039	0.530921	0.171327	
0.731274	0.717284	0.667506	0.503768	0.587271	0.680776	0.526216	0.17862	
0.83225	0.774231	0.73004	0.539653	0.653972	0.692588	0.531757	0.173018	
0.829584	0.775636	0.732457	0.545507	0.656356	0.692574	0.532191	0.177094	
0.0757381	0.15414	0.237101	0.236423	0.156995	0.346661	0.253132	0.150026	
0.769717	0.732988	0.700862	0.54238	0.626544	0.682317	0.525146	0.179813	
0.830801	0.776802	0.733912	0.546081	0.657598	0.692007	0.531999	0.177536	
0.827744	0.773752	0.727676	0.548919	0.653543	0.693432	0.533171	0.184047	
0.830802	0.776566	0.734588	0.547495	0.657679	0.693118	0.5327	0.180118	
0.337078	0.464844	0.351592	0.285915	0.239366	0.505759	0.419259	0.141698	
0.818607	0.772517	0.725051	0.551651	0.656521	0.69057	0.529625	0.179193	
0.830421	0.777516	0.735585	0.549477	0.659752	0.693054	0.53221	0.179969	
0.828998	0.777418	0.740957	0.551115	0.661564	0.690239	0.533357	0.185043	
0.152642	0.173972	0.147875	0.134053	0.283046	0.365892	0.251588	0.0755872	
0.702399	0.710485	0.683145	0.5162	0.608581	0.683575	0.519036	0.173201	
0.829911	0.778468	0.740568	0.554431	0.663698	0.691864	0.533182	0.184561	
0.829989	0.778835	0.741514	0.554886	0.663606	0.691813	0.533477	0.185265	
0.82528	0.778646	0.743468	0.560131	0.664611	0.693174	0.53442	0.188051	
0.799164	0.743386	0.725734	0.533462	0.645152	0.683102	0.535462	0.191476	
0.828458	0.780358	0.745422	0.559279	0.665493	0.69255	0.535481	0.189322	
0.817785	0.775586	0.741067	0.566204	0.665368	0.689699	0.535776	0.192743	
0.82722	0.780511	0.746175	0.561943	0.666591	0.691991	0.535743	0.190416	
0.582383	0.431002	0.379833	0.501058	0.484399	0.640755	0.501435	0.199956	
0.824066	0.773515	0.740004	0.559747	0.661372	0.691948	0.53692	0.192682	
0.827974	0.781158	0.746732	0.561846	0.666805	0.692173	0.536293	0.191031	
0.826541	0.782253	0.750231	0.566183	0.668626	0.69185	0.537536	0.194775	
0.489244	0.171826	0.281462	0.511375	0.417512	0.561587	0.478704	0.172802	
0.818803	0.762841	0.742265	0.574626	0.66267	0.69269	0.538889	0.195633	
0.82576	0.78321	0.750383	0.568631	0.668609	0.692489	0.538192	0.19506	
0.811891	0.762282	0.750215	0.56851	0.668607	0.685709	0.538948	0.20481	
0.82514	0.782932	0.753074	0.569249	0.670597	0.691645	0.53883	0.197918	
0.474631	0.438763	0.417984	0.417252	0.413337	0.570206	0.501541	0.16557	
0.817948	0.780788	0.75039	0.576126	0.667394	0.692652	0.539622	0.198287	
0.824864	0.783894	0.753482	0.572472	0.6707	0.692496	0.539256	0.198173	
0.812918	0.779075	0.757655	0.574628	0.672232	0.689944	0.540174	0.207045	
0.823713	0.783908	0.756354	0.574387	0.672794	0.691507	0.539941	0.202364	
0.185743	0.275707	0.178104	0.138854	0.171232	0.392487	0.340498	0.108181	
0.76194	0.741557	0.729994	0.564022	0.649637	0.688967	0.534203	0.197316	
0.824316	0.785528	0.756036	0.576782	0.674258	0.692322	0.539927	0.202139	
0.80476	0.775222	0.736086	0.581952	0.670208	0.692022	0.545649	0.208265	
0.823678	0.785621	0.756222	0.578029	0.674104	0.692423	0.541306	0.203573	
0.823169	0.785984	0.75623	0.578909	0.675612	0.692474	0.540608	0.203443	
0.823562	0.786258	0.757104	0.579274	0.67522	0.692798	0.541883	0.204496	
0.823664	0.786525	0.75742	0.579612	0.675723	0.69284	0.541821	0.204611	
0.822	0.787606	0.758662	0.582391	0.677757	0.693548	0.544077	0.207138	
0.567003	0.608595	0.69802	0.496399	0.550121	0.650448	0.527366	0.224475	
0.817854	0.785648	0.760674	0.58182	0.676312	0.694303	0.546733	0.21044	
0.727452	0.772191	0.733011	0.574945	0.64876	0.681586	0.531691	0.20574	
0.821566	0.78781	0.760798	0.584333	0.678932	0.694248	0.545772	0.209994	
0.812216	0.787396	0.752337	0.588102	0.676164	0.69576	0.547403	0.212123	
0.820735	0.788828	0.760946	0.585639	0.678806	0.694738	0.546617	0.21078	
0.81954	0.78935	0.760691	0.58632	0.679683	0.693718	0.545553	0.210983	
0.821141	0.789291	0.761489	0.585998	0.679608	0.694423	0.546268	0.210874	
0.815139	0.789287	0.760143	0.588556	0.678782	0.695758	0.548425	0.214225	
0.703438	0.765085	0.695282	0.576891	0.636954	0.673951	0.531264	0.211201	
0.819838	0.790424	0.76285	0.588938	0.681267	0.695189	0.547413	0.214025	
0.819755	0.790693	0.763016	0.589227	0.681257	0.69524	0.547653	0.2142	
0.818634	0.792227	0.764077	0.591418	0.682351	0.694884	0.548095	0.215633	
0.397223	0.309071	0.301785	0.500188	0.355051	0.546561	0.491967	0.226537	
0.790336	0.784121	0.745094	0.590849	0.669027	0.694322	0.549592	0.219547	
0.819102	0.792149	0.764114	0.591635	0.68214	0.695408	0.548536	0.2162	
0.815253	0.789714	0.761666	0.593595	0.682659	0.694491	0.547593	0.219055	
0.818592	0.792472	0.764659	0.592428	0.683162	0.695192	0.548393	0.217171	
0.638183	0.570437	0.525661	0.577003	0.562923	0.656414	0.532343	0.230187	
0.81698	0.791452	0.762993	0.593341	0.680983	0.69536	0.550009	0.219066	
0.818699	0.792931	0.764936	0.592888	0.682805	0.695393	0.549154	0.217934	
0.815457	0.79333	0.765325	0.596754	0.684971	0.694946	0.549702	0.220513	
0.748151	0.707363	0.703337	0.580277	0.648363	0.680611	0.549616	0.23	
0.81738	0.795114	0.767072	0.5969	0.684502	0.695504	0.551005	0.222158	
0.816276	0.796154	0.768944	0.599749	0.685179	0.695865	0.552769	0.225	
0.571631	0.468577	0.583242	0.498658	0.649135	0.654012	0.534095	0.259707	
0.809367	0.792871	0.769162	0.597477	0.687044	0.694013	0.555042	0.23024	
0.815124	0.796482	0.77022	0.599362	0.686153	0.695261	0.553733	0.226914	
0.554731	0.555391	0.557545	0.443856	0.560133	0.656872	0.511053	0.212523	
0.811999	0.791616	0.767868	0.60179	0.686479	0.696585	0.552796	0.226409	
0.815278	0.796766	0.77034	0.600558	0.686581	0.695811	0.553576	0.226794	
0.811786	0.795135	0.771711	0.603621	0.685475	0.695629	0.556787	0.231736	
0.726719	0.708468	0.712446	0.566867	0.657655	0.683136	0.536134	0.223923	
0.81307	0.797977	0.772658	0.604877	0.688079	0.696322	0.555886	0.231167	
0.813007	0.79826	0.772905	0.605009	0.688096	0.69636	0.556262	0.231691	
0.810838	0.798317	0.773019	0.608068	0.690458	0.696876	0.556655	0.234258	
0.0925075	0.136123	0.173604	0.36592	0.198355	0.408133	0.357495	0.187111	
0.769996	0.734844	0.735115	0.5957	0.66284	0.687468	0.557009	0.239155	
0.811531	0.79929	0.773804	0.608182	0.689961	0.696935	0.557471	0.235001	
0.810227	0.800113	0.775882	0.609599	0.691597	0.696661	0.558267	0.23788	
0.527138	0.462508	0.410405	0.408525	0.51081	0.599922	0.494861	0.203508	
0.805506	0.792375	0.769911	0.613579	0.688983	0.699905	0.558802	0.237453	
0.810194	0.799749	0.775748	0.611303	0.691666	0.697862	0.558664	0.237836	
0.804922	0.79731	0.777537	0.612063	0.693875	0.696669	0.561099	0.244216	
0.662038	0.628713	0.644816	0.50082	0.626763	0.682533	0.528409	0.222732	
0.807394	0.800862	0.779178	0.614563	0.695385	0.698586	0.560482	0.242795	
0.807717	0.801367	0.779778	0.61552	0.695313	0.698942	0.561421	0.243721	
0.802469	0.796061	0.777135	0.617453	0.696498	0.699545	0.561719	0.244273	
0.807382	0.801388	0.780047	0.616711	0.696202	0.699268	0.561706	0.243958	
0.721139	0.732861	0.695384	0.595365	0.647539	0.683261	0.557706	0.253661	
0.807061	0.801225	0.780229	0.617037	0.695407	0.6993	0.562672	0.245274	
0.806563	0.80165	0.780565	0.617469	0.697591	0.699117	0.562446	0.244981	
0.807119	0.801908	0.781225	0.617896	0.697097	0.699474	0.562907	0.245649	
0.804659	0.801488	0.782056	0.619533	0.700339	0.699588	0.564086	0.247927	
0.737988	0.7528	0.717271	0.600881	0.656099	0.684976	0.558369	0.252859	
0.806194	0.802357	0.783702	0.620029	0.700018	0.700026	0.564586	0.248761	
0.804548	0.803356	0.785628	0.621805	0.702967	0.699905	0.566485	0.251151	
0.18207	0.215712	0.215762	0.424555	0.299934	0.447903	0.393879	0.230365	
0.701506	0.765839	0.722943	0.610602	0.639394	0.689652	0.559085	0.256251	
0.805129	0.803067	0.786389	0.622409	0.702795	0.700494	0.567017	0.251794	
0.805274	0.803364	0.786596	0.622641	0.703451	0.70063	0.567018	0.251904	
0.800571	0.802282	0.785942	0.623608	0.703269	0.70117	0.568958	0.255699	
0.702543	0.746757	0.694284	0.601639	0.666923	0.680206	0.556093	0.248186	
0.805109	0.803476	0.78888	0.624045	0.706272	0.701517	0.568736	0.254954	
0.804941	0.80383	0.789107	0.624522	0.706375	0.701629	0.569046	0.25527	
0.804154	0.804266	0.789426	0.626326	0.70813	0.701726	0.569663	0.256347	
0.274854	0.211241	0.230998	0.404148	0.351758	0.510268	0.455934	0.243468	
0.769784	0.777752	0.757364	0.619457	0.694745	0.697752	0.569021	0.261054	
0.804936	0.804645	0.790205	0.626485	0.707948	0.702003	0.569917	0.257084	
0.803953	0.803943	0.790818	0.628258	0.710167	0.70225	0.571478	0.258619	
0.336475	0.255739	0.264394	0.475318	0.49937	0.568627	0.500985	0.256859	
0.785016	0.76297	0.758002	0.624194	0.701544	0.698764	0.571255	0.264562	
0.803834	0.805766	0.791328	0.628525	0.709993	0.702545	0.571821	0.259628	
0.800023	0.805198	0.788888	0.628817	0.710278	0.701663	0.571916	0.260294	
0.804108	0.806268	0.791706	0.62896	0.710662	0.702547	0.572043	0.259883	
0.660941	0.656141	0.671375	0.595601	0.668099	0.683381	0.558322	0.272074	
0.802714	0.80617	0.791296	0.629028	0.710628	0.702795	0.572466	0.262032	
0.803936	0.806926	0.792046	0.630046	0.71128	0.703145	0.572174	0.260686	
0.80399	0.807524	0.792559	0.629842	0.71154	0.703169	0.572603	0.261742	
0.803507	0.808807	0.793138	0.63206	0.713001	0.704136	0.572838	0.263308	
0.145115	0.0747018	0.250955	0.2622	0.28774	0.483237	0.371541	0.192523	
0.751924	0.767745	0.771842	0.602394	0.693383	0.696833	0.569912	0.270464	
0.804208	0.809259	0.793903	0.631526	0.713355	0.704193	0.57307	0.264467	
0.802866	0.810597	0.794806	0.633921	0.714662	0.705565	0.573995	0.266302	
0.265942	0.259607	0.429041	0.374789	0.332922	0.602196	0.399386	0.222587	
0.784951	0.797179	0.788951	0.624447	0.705908	0.702647	0.570921	0.273213	
0.804165	0.810771	0.79538	0.633491	0.715263	0.705416	0.573897	0.267776	
0.79537	0.803175	0.77812	0.628051	0.71146	0.703983	0.573441	0.26626	
0.804226	0.811369	0.795177	0.634169	0.71608	0.705571	0.574064	0.267666	
0.770352	0.754056	0.749893	0.619212	0.699316	0.700712	0.571479	0.279063	
0.804349	0.811174	0.795471	0.634232	0.716448	0.705719	0.574265	0.269319	
0.763289	0.752797	0.745332	0.621828	0.705873	0.695282	0.567425	0.265896	
0.804424	0.811152	0.795348	0.635468	0.717615	0.706147	0.574266	0.269348	
0.804529	0.81142	0.795586	0.635211	0.717887	0.706421	0.574666	0.270547	
0.804542	0.81148	0.795628	0.636208	0.71862	0.706643	0.574676	0.270736	
0.788845	0.785766	0.779622	0.633619	0.715745	0.705984	0.575863	0.278073	
0.804282	0.811446	0.795623	0.636287	0.71908	0.707153	0.57521	0.27204	
0.681223	0.660273	0.695936	0.591553	0.67886	0.665535	0.551576	0.267294	
0.804191	0.810719	0.795016	0.637341	0.720454	0.707204	0.574864	0.272029	
0.804117	0.811639	0.795811	0.637229	0.72027	0.707803	0.575891	0.273404	
0.804624	0.811845	0.795923	0.637733	0.720892	0.707903	0.575801	0.273386	
0.803932	0.811964	0.79602	0.639596	0.723425	0.709294	0.577733	0.276887	
0.243927	0.425548	0.216899	0.249757	0.298041	0.319252	0.326985	0.216953	
0.769214	0.784864	0.765729	0.633722	0.718734	0.698199	0.56811	0.274301	
0.804628	0.812219	0.796413	0.639874	0.724234	0.709265	0.577505	0.276688	
0.804484	0.81231	0.79661	0.63998	0.724166	0.709477	0.577914	0.277247	
0.803079	0.811073	0.796025	0.641923	0.727024	0.709286	0.578647	0.279676	
0.709189	0.739582	0.729341	0.610103	0.677371	0.696604	0.57158	0.287321	
0.804897	0.812848	0.797945	0.641941	0.726517	0.710422	0.579808	0.281041	
0.804689	0.81133	0.79774	0.643433	0.729024	0.711223	0.580477	0.283838	
0.163611	0.0713062	0.209666	0.335031	0.250153	0.377204	0.389146	0.236619	
0.731662	0.687594	0.749746	0.61048	0.68755	0.700182	0.579056	0.289767	
0.80506	0.812933	0.798768	0.643236	0.728419	0.711669	0.581035	0.284732	
0.805288	0.813007	0.798932	0.643547	0.728767	0.711697	0.581109	0.284853	
0.804266	0.812419	0.79936	0.644519	0.728016	0.712911	0.582775	0.288535	
0.120074	0.245326	0.0818858	0.0836332	0.10304	0.240957	0.338951	0.150784	
0.729357	0.735028	0.722119	0.616541	0.694976	0.68557	0.574195	0.281558	
0.805017	0.813232	0.799876	0.645376	0.729639	0.712706	0.582537	0.288114	
0.805124	0.813443	0.800008	0.645538	0.729493	0.712918	0.582794	0.288504	
0.804754	0.813553	0.800321	0.647201	0.731	0.713292	0.583467	0.290278	
0.424093	0.376753	0.420122	0.480778	0.497749	0.61236	0.558594	0.296223	
0.797053	0.806394	0.794989	0.644318	0.725782	0.713213	0.585203	0.293868	
0.804766	0.813824	0.800754	0.647205	0.730809	0.7137	0.583929	0.291071	
0.786186	0.805932	0.791408	0.646905	0.732366	0.710277	0.584728	0.292931	
0.804695	0.814303	0.80092	0.647548	0.731565	0.713482	0.584237	0.291438	
0.705525	0.751074	0.74985	0.63178	0.700389	0.705957	0.58579	0.301853	
0.80446	0.814085	0.800982	0.64776	0.731314	0.714047	0.584997	0.292858	
0.804549	0.814859	0.801043	0.648264	0.732106	0.713841	0.585245	0.292777	
0.804918	0.814826	0.801313	0.648397	0.732054	0.714064	0.58564	0.293559	
0.796084	0.814326	0.799343	0.649193	0.732763	0.714176	0.587955	0.296069	
0.804114	0.815553	0.801136	0.649179	0.732943	0.714231	0.586581	0.294537	
0.316968	0.398725	0.581413	0.487611	0.464752	0.639908	0.528668	0.274155	
0.790895	0.808882	0.798808	0.645601	0.72593	0.713926	0.587476	0.298043	
0.805091	0.81582	0.80151	0.649252	0.732736	0.714428	0.586924	0.295424	
0.805526	0.817064	0.801781	0.650694	0.734069	0.715023	0.588811	0.298243	
0.528317	0.522821	0.633661	0.547892	0.591129	0.688408	0.572765	0.312357	
0.798763	0.812985	0.80007	0.649879	0.729889	0.715207	0.590484	0.302768	
0.805492	0.817223	0.802108	0.650934	0.733648	0.715172	0.58938	0.299506	
0.721223	0.755327	0.745699	0.625181	0.708074	0.698595	0.586739	0.294541	
0.805633	0.817172	0.801913	0.651141	0.734988	0.714945	0.589684	0.29953	
0.805447	0.817497	0.802191	0.65158	0.733993	0.71544	0.590231	0.30095	
0.80604	0.817809	0.802567	0.651582	0.734928	0.71528	0.59029	0.300795	
0.804086	0.8173	0.80152	0.653133	0.734869	0.716194	0.592969	0.305139	
0.667717	0.710187	0.663151	0.630652	0.716903	0.683262	0.577706	0.295414	
0.80637	0.818599	0.803838	0.652784	0.736543	0.715695	0.592588	0.304488	
0.806351	0.818808	0.803997	0.653108	0.73631	0.716011	0.59296	0.304944	
0.806056	0.818932	0.804273	0.654135	0.737623	0.71655	0.594111	0.306699	
0.342491	0.322725	0.262684	0.534821	0.486858	0.574965	0.549388	0.304706	
0.775699	0.788972	0.773841	0.652794	0.727147	0.714636	0.596912	0.310801	
0.806282	0.819224	0.804736	0.654476	0.737135	0.716933	0.594573	0.307268	
0.805931	0.819226	0.805059	0.655062	0.738796	0.71711	0.595832	0.309192	
0.249759	0.19897	0.247469	0.448028	0.350361	0.541756	0.481744	0.271988	
0.770284	0.773566	0.771489	0.652611	0.721935	0.71477	0.597819	0.3136	
0.806332	0.819512	0.806012	0.655812	0.7383	0.717832	0.596418	0.31009	
0.803569	0.81867	0.804171	0.657733	0.738203	0.719636	0.597849	0.311746	
0.764053	0.797325	0.79703	0.642788	0.714664	0.715444	0.596625	0.31448	
0.806097	0.819373	0.806141	0.657884	0.73892	0.719553	0.598103	0.312679	
0.8047	0.819403	0.806679	0.656236	0.740648	0.717883	0.598463	0.313957	
0.806057	0.819979	0.80714	0.657344	0.739996	0.719039	0.598336	0.31323	
0.752542	0.76068	0.767223	0.652555	0.725056	0.716529	0.601517	0.322457	
0.80579	0.819483	0.806998	0.658015	0.739767	0.719836	0.599071	0.314588	
0.805029	0.819281	0.806897	0.658423	0.740699	0.719629	0.598993	0.314481	
0.806015	0.819786	0.807242	0.658443	0.740325	0.719812	0.599071	0.314555	
0.800306	0.817101	0.808075	0.655452	0.738353	0.719237	0.600186	0.317697	
0.805953	0.819899	0.807909	0.658397	0.740409	0.719807	0.599443	0.315649	
0.537549	0.650453	0.610972	0.463472	0.620288	0.669407	0.568292	0.294238	
0.80242	0.817801	0.805891	0.658335	0.740664	0.719984	0.599445	0.315617	
0.806291	0.820088	0.80775	0.659027	0.740948	0.719987	0.599527	0.315715	
0.806715	0.820626	0.80884	0.660497	0.742227	0.72034	0.600608	0.317502	
0.517186	0.556907	0.503159	0.45834	0.603829	0.660732	0.561529	0.299173	
0.80082	0.814525	0.802907	0.659896	0.743109	0.720092	0.60081	0.318693	
0.806622	0.820636	0.808804	0.661035	0.742871	0.720427	0.600747	0.317825	
0.785929	0.80345	0.794235	0.658467	0.732125	0.720392	0.60211	0.320213	
0.806842	0.820602	0.809279	0.661409	0.742452	0.720782	0.60108	0.318282	
0.775228	0.793748	0.781511	0.658411	0.737271	0.718702	0.601447	0.320264	
0.806843	0.8204	0.809299	0.662118	0.743278	0.720945	0.601399	0.318772	
0.766071	0.773024	0.784149	0.653237	0.716954	0.714833	0.600219	0.321359	
0.807152	0.820669	0.810151	0.662467	0.742797	0.721302	0.601489	0.319587	
0.785798	0.798913	0.791611	0.661146	0.733894	0.716136	0.601666	0.320949	
0.807176	0.820211	0.8101	0.663733	0.743657	0.721382	0.601971	0.320087	
0.754873	0.771083	0.787703	0.644115	0.698655	0.703517	0.599644	0.322625	
0.807579	0.820083	0.811344	0.664197	0.742751	0.721544	0.602458	0.321227	
0.807578	0.819918	0.811091	0.665527	0.743864	0.721626	0.602567	0.321401	
0.807965	0.819916	0.811888	0.665715	0.743427	0.721747	0.602993	0.321981	
0.795377	0.814686	0.809177	0.667906	0.741562	0.71773	0.603088	0.324016	
0.807481	0.819414	0.811975	0.667754	0.744279	0.721622	0.603408	0.322641	
0.550618	0.705973	0.756349	0.559407	0.570756	0.650597	0.586961	0.314923	
0.804135	0.818814	0.813797	0.664579	0.73997	0.720926	0.604973	0.323816	
0.808282	0.819675	0.812872	0.667698	0.743633	0.721709	0.604069	0.323108	
0.80691	0.819267	0.814556	0.671564	0.743906	0.721116	0.60639	0.324688	
0.217474	0.158116	0.272429	0.323603	0.256869	0.459149	0.421126	0.193928	
0.73742	0.755365	0.764051	0.64153	0.705939	0.712668	0.606055	0.324195	
0.808094	0.819446	0.816207	0.672319	0.743407	0.721281	0.607051	0.325365	
0.802811	0.81668	0.812422	0.672384	0.743115	0.722695	0.607685	0.324729	
0.808463	0.819886	0.81585	0.672716	0.74364	0.721846	0.607386	0.325261	
0.760035	0.758098	0.771382	0.663945	0.725521	0.714492	0.60873	0.331205	
0.808471	0.819498	0.816442	0.6731	0.743099	0.721707	0.607895	0.326243	
0.808437	0.820136	0.81628	0.673819	0.743871	0.721758	0.607623	0.325673	
0.808668	0.820217	0.816683	0.673624	0.743534	0.721968	0.608085	0.32627	
0.806443	0.820313	0.816135	0.676236	0.744054	0.721769	0.608327	0.326681	
0.782378	0.798536	0.800173	0.666059	0.734027	0.719957	0.610264	0.330869	
0.80879	0.821078	0.817263	0.675652	0.744115	0.722364	0.609138	0.327707	
0.808144	0.820583	0.818339	0.677614	0.744022	0.722905	0.610041	0.329252	
0.24013	0.330827	0.186357	0.255938	0.399444	0.502779	0.415954	0.206058	
0.784546	0.803031	0.79976	0.675271	0.736498	0.721003	0.607288	0.322094	
0.808356	0.821213	0.818276	0.678398	0.744536	0.72316	0.610115	0.328693	
0.806048	0.81594	0.812057	0.679719	0.744088	0.723908	0.611324	0.330678	
0.808329	0.821182	0.818225	0.678978	0.744565	0.72343	0.610476	0.329312	
0.639957	0.601627	0.598085	0.556388	0.588792	0.674802	0.583579	0.31453	
0.806178	0.816848	0.815841	0.678968	0.743886	0.722697	0.610447	0.329399	
0.808344	0.821566	0.818451	0.679265	0.744824	0.723365	0.610534	0.329372	
0.808188	0.821328	0.818149	0.680696	0.745028	0.724375	0.61119	0.329824	
0.47246	0.334993	0.544158	0.489077	0.290356	0.607185	0.491379	0.317739	
0.802267	0.810855	0.815309	0.678759	0.735889	0.721614	0.610336	0.33188	
0.80874	0.821694	0.81844	0.681007	0.745711	0.724145	0.611312	0.330329	
0.807822	0.820319	0.819161	0.68235	0.743993	0.724422	0.611841	0.333077	
0.754575	0.754419	0.774468	0.668432	0.697738	0.70933	0.604746	0.325619	
0.809243	0.821745	0.819218	0.683362	0.746254	0.724756	0.611912	0.33259	
0.807645	0.821266	0.819187	0.685457	0.744973	0.72502	0.613025	0.333965	
0.787856	0.816753	0.814036	0.683673	0.744555	0.723741	0.612429	0.333962	
0.808913	0.822114	0.819484	0.685633	0.746235	0.72508	0.612973	0.334033	
0.805073	0.822276	0.81873	0.684497	0.746096	0.725371	0.613662	0.335472	
0.809032	0.822421	0.819545	0.6855	0.746549	0.725344	0.613372	0.334611	
0.72524	0.772834	0.747587	0.655978	0.723349	0.707901	0.609559	0.331582	
0.808689	0.822401	0.818947	0.686363	0.747152	0.725504	0.61357	0.334637	
0.808995	0.822838	0.819719	0.686177	0.746661	0.725409	0.613665	0.3356	
0.809156	0.823072	0.8198	0.686646	0.747131	0.725623	0.613785	0.33543	
0.808507	0.823879	0.819708	0.688041	0.747361	0.72619	0.614479	0.337972	
0.12093	0.194218	0.105741	0.147579	0.229206	0.344511	0.392425	0.195378	
0.743708	0.768773	0.672938	0.667939	0.735879	0.713924	0.609438	0.328312	
0.808964	0.824305	0.81974	0.68868	0.748115	0.726303	0.614712	0.337296	
0.809092	0.824479	0.820441	0.688729	0.747884	0.726356	0.614759	0.337809	
0.809232	0.824973	0.820434	0.690131	0.748406	0.726842	0.615254	0.338697	
0.406103	0.279338	0.300546	0.503253	0.46196	0.580677	0.520112	0.319887	
0.793017	0.804706	0.775685	0.682698	0.738907	0.724818	0.613323	0.342175	
0.809574	0.825289	0.821139	0.689997	0.748115	0.727049	0.615279	0.33913	
0.809255	0.826202	0.821413	0.691246	0.748406	0.727167	0.616314	0.340229	
0.673206	0.731066	0.506993	0.632079	0.625743	0.692941	0.596573	0.340956	
0.807437	0.825106	0.813875	0.689419	0.745915	0.727043	0.616704	0.342608	
0.809384	0.826326	0.822217	0.691161	0.748278	0.727265	0.616501	0.340991	
0.792857	0.809004	0.793492	0.685124	0.741093	0.723781	0.617012	0.3372	
0.80969	0.826586	0.821817	0.691929	0.748556	0.727389	0.61671	0.340732	
0.802519	0.81942	0.81397	0.687164	0.739453	0.726961	0.617163	0.343229	
0.809896	0.827031	0.822031	0.692117	0.748198	0.727546	0.617021	0.341402	
0.756663	0.761644	0.758033	0.653613	0.715351	0.714095	0.616326	0.336742	
0.809775	0.827384	0.82121	0.692896	0.748494	0.727767	0.617742	0.341397	
0.810403	0.827601	0.821825	0.693046	0.748327	0.727854	0.617728	0.341968	
0.810478	0.82802	0.821673	0.693388	0.748527	0.727883	0.617992	0.341983	
0.810643	0.82817	0.821441	0.695059	0.747475	0.728333	0.620011	0.344017	
0.726969	0.690672	0.734673	0.630184	0.688935	0.697635	0.610022	0.330371	
0.810774	0.829751	0.821231	0.695471	0.748407	0.728352	0.62052	0.343563	
0.81109	0.830108	0.821598	0.69568	0.748429	0.728477	0.620624	0.343935	
0.811248	0.830687	0.821628	0.696524	0.749176	0.728794	0.621735	0.344591	
0.44763	0.356515	0.535496	0.47356	0.507134	0.610568	0.562457	0.311533	
0.804281	0.807842	0.818048	0.689629	0.741923	0.727583	0.622109	0.345814	
0.811426	0.830742	0.822169	0.696597	0.748991	0.728874	0.621878	0.344823	
0.810068	0.826379	0.819757	0.69847	0.747966	0.729138	0.622542	0.3444	
0.811499	0.831008	0.822184	0.697177	0.749035	0.729065	0.622097	0.34473	
0.756597	0.700165	0.782584	0.677912	0.720842	0.717267	0.621593	0.348167	
0.811185	0.830381	0.822308	0.697131	0.748673	0.729345	0.622517	0.34539	
0.81168	0.831264	0.822404	0.697603	0.749364	0.72931	0.622413	0.344967	
0.811783	0.831492	0.822711	0.697706	0.749295	0.729445	0.622556	0.345262	
0.812279	0.831633	0.822988	0.698925	0.749982	0.730034	0.623019	0.345839	
0.339425	0.206457	0.350136	0.516359	0.480357	0.554557	0.531728	0.329452	
0.794245	0.802386	0.806048	0.691759	0.739266	0.728425	0.622676	0.348337	
0.812429	0.83201	0.823266	0.698819	0.749846	0.730273	0.623105	0.346195	
0.812702	0.831044	0.82283	0.69938	0.751148	0.730216	0.623346	0.347253	
0.789049	0.769013	0.794849	0.690248	0.738992	0.727422	0.622531	0.349391	
0.813092	0.832243	0.823786	0.699785	0.750785	0.730612	0.623551	0.347723	
0.81317	0.832214	0.823438	0.699902	0.750519	0.730996	0.623747	0.348957	
0.803353	0.806402	0.803375	0.693279	0.750465	0.727081	0.622415	0.347235	
0.813711	0.832744	0.824196	0.700037	0.751085	0.730881	0.623781	0.348775	
0.81376	0.832764	0.824232	0.700179	0.751075	0.730906	0.62383	0.34893	
0.814257	0.832539	0.824142	0.701098	0.751702	0.730817	0.623957	0.349871	
0.614757	0.515019	0.558699	0.614395	0.65369	0.681376	0.588032	0.349823	
0.811506	0.82945	0.821484	0.700205	0.748806	0.731124	0.623742	0.351326	
0.8143	0.832716	0.82469	0.701238	0.751337	0.731019	0.623989	0.350256	
0.802506	0.807851	0.814878	0.698295	0.748443	0.728989	0.623857	0.349143	
0.814495	0.832842	0.824744	0.701398	0.751739	0.73103	0.624075	0.350213	
0.810006	0.823153	0.82125	0.702783	0.74635	0.730647	0.623502	0.353904	
0.81472	0.832705	0.825126	0.702027	0.751244	0.731116	0.624079	0.35106	
0.741201	0.754076	0.753843	0.667045	0.708996	0.716027	0.62077	0.346149	
0.814697	0.832146	0.824659	0.702506	0.752032	0.731358	0.624448	0.351146	
0.81527	0.832644	0.825639	0.702952	0.751409	0.731221	0.624307	0.351848	
0.815431	0.832541	0.825574	0.70326	0.751744	0.731405	0.624429	0.351929	
0.816615	0.831652	0.826217	0.706108	0.75138	0.731867	0.624969	0.354508	
0.364791	0.435957	0.343905	0.286602	0.389043	0.539447	0.529654	0.283665	
0.802329	0.813099	0.809137	0.700816	0.746802	0.730191	0.624669	0.353519	
0.816652	0.831742	0.826086	0.706309	0.751957	0.73202	0.625147	0.354556	
0.814229	0.828393	0.823887	0.705417	0.748741	0.731404	0.626152	0.356959	
0.817015	0.831868	0.826099	0.70672	0.751544	0.732065	0.62549	0.355217	
0.699673	0.717152	0.719665	0.636231	0.673175	0.703305	0.610832	0.347423	
0.816101	0.830955	0.824791	0.707536	0.75258	0.732408	0.625571	0.355272	
0.817026	0.831973	0.825908	0.70727	0.752219	0.7323	0.62557	0.355265	
0.816814	0.832416	0.82445	0.708076	0.751823	0.732963	0.62596	0.357113	
0.765163	0.782607	0.762087	0.685102	0.7341	0.723646	0.620367	0.353333	
0.817877	0.833238	0.824995	0.708978	0.753418	0.733028	0.626269	0.356874	
0.817968	0.833357	0.825165	0.709135	0.753519	0.733071	0.626306	0.357097	
0.817736	0.832742	0.823665	0.709473	0.755342	0.733015	0.626487	0.357832	
0.810954	0.821569	0.81661	0.705096	0.747585	0.732398	0.624801	0.358678	
0.818646	0.834012	0.824828	0.70964	0.754968	0.733241	0.626454	0.358075	
0.819342	0.834487	0.824342	0.710179	0.754952	0.733607	0.626879	0.358883	
0.395591	0.417748	0.290749	0.357698	0.401027	0.558972	0.54079	0.322284	
0.800065	0.8183	0.806925	0.702584	0.750662	0.731438	0.626329	0.358878	
0.819656	0.834407	0.82431	0.710394	0.756003	0.733661	0.627013	0.358952	
0.818027	0.827098	0.823126	0.710235	0.75538	0.73377	0.62705	0.360471	
0.819722	0.834707	0.82444	0.710481	0.75605	0.733747	0.627074	0.359333	
0.799251	0.790138	0.79981	0.702106	0.749912	0.728896	0.625547	0.359148	
0.819955	0.834652	0.824042	0.710732	0.756963	0.733726	0.62721	0.359442	
0.820065	0.834813	0.824299	0.710846	0.756713	0.733947	0.627379	0.359791	
0.820257	0.834967	0.824092	0.711102	0.757211	0.733916	0.627432	0.359839	
0.817716	0.831932	0.821935	0.712214	0.756614	0.734631	0.627909	0.362046	
0.820137	0.834885	0.823983	0.71171	0.757241	0.734315	0.627659	0.360594	
0.663092	0.694402	0.692921	0.633288	0.657645	0.687679	0.603698	0.345139	
0.819179	0.834206	0.822403	0.711852	0.758244	0.733962	0.627474	0.360108	
0.820398	0.835388	0.823936	0.711964	0.75786	0.734334	0.627663	0.360472	
0.820657	0.83524	0.823422	0.71371	0.757142	0.735119	0.627673	0.362749	
0.759101	0.792089	0.779868	0.680952	0.714895	0.717718	0.621434	0.353622	
0.821067	0.836046	0.823492	0.71448	0.758767	0.735443	0.627936	0.362424	
0.820653	0.836576	0.822411	0.716157	0.759189	0.735297	0.627792	0.363645	
0.808968	0.832764	0.820332	0.714223	0.747719	0.734832	0.626476	0.364887	
0.822034	0.836866	0.823009	0.716043	0.760056	0.735903	0.628084	0.364045	
0.820047	0.8346	0.818998	0.717521	0.755565	0.736715	0.627163	0.366517	
0.822312	0.836828	0.823033	0.716701	0.759856	0.736232	0.627926	0.364724	
0.685411	0.748778	0.741591	0.65392	0.641383	0.7108	0.622677	0.350866	
0.821508	0.836127	0.821882	0.716776	0.760044	0.736209	0.628463	0.364595	
0.822526	0.83691	0.82282	0.716923	0.760438	0.736289	0.62814	0.364718	
0.821632	0.835042	0.822078	0.717311	0.758248	0.736874	0.627749	0.36699	
0.822846	0.83699	0.823011	0.717344	0.76003	0.736608	0.62809	0.365554	
0.696298	0.710605	0.697681	0.611505	0.67324	0.687538	0.614833	0.353075	
0.822588	0.835623	0.821381	0.717726	0.760722	0.736587	0.628576	0.365578	
0.823177	0.837116	0.822703	0.717812	0.760566	0.736746	0.628325	0.3656	
0.821658	0.835927	0.821566	0.717529	0.757775	0.737438	0.627758	0.367843	
0.823268	0.837509	0.822911	0.718138	0.760142	0.737158	0.628275	0.366308	
0.822239	0.835453	0.821067	0.718486	0.760028	0.736208	0.628042	0.366389	
0.823847	0.837535	0.822734	0.718561	0.760555	0.737153	0.628379	0.366365	
0.82292	0.838135	0.822293	0.719129	0.760185	0.737949	0.628705	0.3681	
0.758069	0.814435	0.802496	0.707523	0.734329	0.719846	0.617416	0.363687	
0.824846	0.838251	0.822142	0.719642	0.760914	0.737913	0.628676	0.367855	
0.824866	0.83829	0.822209	0.719859	0.760867	0.73793	0.628742	0.367996	
0.825532	0.838544	0.821792	0.720886	0.760923	0.737894	0.628575	0.368766	
0.339408	0.428418	0.41629	0.625967	0.553764	0.571196	0.573827	0.381548	
0.786921	0.827874	0.812509	0.717953	0.750982	0.735451	0.626483	0.371368	
0.825722	0.838726	0.82209	0.720812	0.761012	0.738199	0.628681	0.369026	
0.825361	0.837157	0.819441	0.721549	0.762508	0.738054	0.629296	0.369396	
0.825934	0.838862	0.821498	0.721218	0.76169	0.738216	0.628948	0.369186	
0.722674	0.686357	0.702535	0.69702	0.724155	0.721136	0.618371	0.377235	
0.825249	0.838267	0.821408	0.72165	0.76055	0.738509	0.628624	0.370451	
0.825968	0.839093	0.821846	0.721498	0.761357	0.738392	0.628841	0.369687	
0.825584	0.839708	0.819293	0.723043	0.762608	0.738003	0.629476	0.370407	
0.788846	0.814931	0.77074	0.722106	0.753157	0.736621	0.626367	0.374538	
0.826443	0.84005	0.821366	0.723648	0.762271	0.738585	0.629223	0.371078	
0.826197	0.840229	0.82049	0.725758	0.763196	0.738897	0.628807	0.371627	
0.514271	0.659957	0.437611	0.641262	0.680057	0.640826	0.597592	0.35329	
0.820536	0.838985	0.808916	0.723995	0.764087	0.737784	0.629111	0.370989	
0.826481	0.84071	0.821145	0.725604	0.76356	0.738894	0.628947	0.371522	
0.822233	0.834393	0.816446	0.726074	0.761663	0.738314	0.628639	0.374551	
0.82653	0.840789	0.821208	0.726157	0.763362	0.739037	0.629041	0.372268	
0.82615	0.841095	0.820302	0.726408	0.764035	0.73898	0.629201	0.371782	
0.826627	0.841346	0.82115	0.72639	0.763836	0.73908	0.629135	0.37209	
0.825792	0.840805	0.820266	0.728366	0.76376	0.73874	0.628987	0.373573	
0.74805	0.779151	0.764847	0.690945	0.695836	0.727054	0.623962	0.357367	
0.8272	0.842238	0.820673	0.728389	0.76498	0.739235	0.629404	0.373279	
0.827244	0.842367	0.820711	0.72883	0.765135	0.739309	0.629403	0.37355	
0.825432	0.842183	0.819343	0.729129	0.764784	0.740293	0.62996	0.373652	
0.827285	0.84263	0.820493	0.729128	0.76534	0.739728	0.629625	0.37364	
0.819091	0.827468	0.813783	0.729123	0.754173	0.737796	0.626517	0.37708	
0.827544	0.842552	0.820689	0.729532	0.765176	0.739866	0.629421	0.374182	
0.827447	0.84264	0.820048	0.729751	0.765741	0.740112	0.629743	0.374064	
0.827819	0.842806	0.820583	0.73004	0.765598	0.740183	0.629576	0.374533	
0.827867	0.842954	0.820482	0.730185	0.765788	0.740254	0.629624	0.37456	
0.828363	0.843144	0.820357	0.731966	0.766285	0.740862	0.629532	0.376113	
0.685905	0.702006	0.758394	0.711266	0.657066	0.709302	0.60496	0.376964	
0.827249	0.842235	0.819611	0.734299	0.765835	0.740105	0.628686	0.377609	
0.828624	0.84317	0.8203	0.733037	0.766543	0.740648	0.629241	0.376744	
0.665889	0.749986	0.745198	0.71722	0.670303	0.715638	0.623504	0.376113	
0.827478	0.842511	0.820102	0.733551	0.765468	0.741286	0.62995	0.377204	
0.828719	0.843251	0.820414	0.733308	0.766412	0.741009	0.629581	0.376951	
0.814806	0.819662	0.792689	0.728526	0.765965	0.736851	0.628401	0.377427	
0.828984	0.843222	0.820083	0.733563	0.76683	0.741059	0.629613	0.377027	
0.828856	0.843113	0.820228	0.733987	0.766465	0.741249	0.629565	0.37746	
0.829171	0.843362	0.820219	0.734026	0.76682	0.741257	0.629623	0.37738	
0.829196	0.843358	0.820286	0.734198	0.766746	0.741331	0.629648	0.377538	
0.829878	0.843385	0.819823	0.735462	0.767002	0.741931	0.629928	0.37837	
0.533224	0.410112	0.350028	0.638097	0.703018	0.695231	0.60614	0.385216	
0.824802	0.832206	0.807609	0.735762	0.765351	0.741705	0.629055	0.38057	
0.829916	0.843345	0.819999	0.735674	0.766913	0.741991	0.629858	0.378625	
0.829055	0.838961	0.816444	0.735615	0.767473	0.742042	0.62958	0.37933	
0.830262	0.8433	0.819858	0.735749	0.767168	0.742109	0.62984	0.378778	
0.802603	0.791183	0.77937	0.732725	0.759122	0.738215	0.627399	0.38433	
0.83029	0.843185	0.819902	0.736179	0.766869	0.742186	0.6298	0.37941	
0.830533	0.843334	0.819983	0.736239	0.767256	0.742331	0.629836	0.379213	
0.830614	0.84342	0.820072	0.73645	0.767087	0.742395	0.629864	0.379522	
0.830715	0.842082	0.819753	0.737744	0.767666	0.742895	0.629959	0.380439	
0.807196	0.796798	0.796024	0.730131	0.755795	0.735297	0.627117	0.384624	
0.831297	0.843544	0.820324	0.737981	0.767342	0.742981	0.630024	0.381075	
0.830777	0.843037	0.820126	0.739465	0.767067	0.743247	0.630556	0.382451	
0.814673	0.805227	0.804283	0.736377	0.764425	0.738282	0.627615	0.38056	
0.831329	0.843809	0.820344	0.739427	0.767673	0.743423	0.630464	0.382267	
0.831509	0.843783	0.820378	0.73956	0.767646	0.743455	0.630501	0.382521	
0.831987	0.842883	0.819965	0.740285	0.768309	0.743662	0.630522	0.383616	
0.813709	0.80504	0.801565	0.740062	0.76132	0.739399	0.630069	0.386161	
0.832201	0.843849	0.820279	0.740523	0.768087	0.74381	0.630641	0.383963	
0.828945	0.842888	0.818345	0.740607	0.767658	0.743788	0.631102	0.38395	
0.83208	0.843919	0.820329	0.741028	0.768321	0.743948	0.630815	0.384003	
0.801446	0.757452	0.757552	0.728432	0.757721	0.737038	0.62847	0.388679	
0.832118	0.843331	0.820102	0.741186	0.768024	0.744002	0.630829	0.384608	
0.83218	0.843919	0.820412	0.74113	0.768219	0.743992	0.630828	0.384255	
0.831318	0.840665	0.817758	0.740798	0.768865	0.743575	0.630539	0.38482	
0.832435	0.843962	0.820378	0.741158	0.768437	0.74398	0.630802	0.384377	
0.819313	0.81959	0.797856	0.738974	0.763219	0.742268	0.629627	0.388302	
0.832544	0.84395	0.820456	0.741319	0.768264	0.744145	0.630817	0.384821	
0.83279	0.844109	0.820499	0.741424	0.768558	0.744061	0.630788	0.384825	
0.830789	0.840816	0.816713	0.74126	0.766601	0.744158	0.630482	0.387721	
0.832994	0.844118	0.820472	0.741621	0.768347	0.744322	0.630825	0.385508	
0.736911	0.748181	0.713966	0.697427	0.736441	0.708317	0.618294	0.378744	
0.832781	0.843615	0.819606	0.741811	0.769197	0.743863	0.630812	0.385187	
0.833206	0.844343	0.820556	0.741809	0.768761	0.744249	0.630855	0.385399	
0.834032	0.844496	0.820538	0.742355	0.768515	0.744894	0.630671	0.38715	
0.179123	0.285045	0.165043	0.152864	0.292578	0.398788	0.438703	0.256508	
0.798828	0.808198	0.784451	0.727424	0.751952	0.736663	0.627985	0.382883	
0.834298	0.844983	0.820739	0.742869	0.769339	0.744968	0.630865	0.387012	
0.834433	0.845108	0.820819	0.742915	0.769385	0.744953	0.630875	0.387191	
0.834867	0.84537	0.820461	0.743076	0.770152	0.745033	0.631011	0.388499	
0.302322	0.319004	0.2811	0.497251	0.404144	0.575289	0.525159	0.327617	
0.823238	0.822382	0.806239	0.736637	0.760293	0.742946	0.629335	0.390796	
0.835202	0.84566	0.820917	0.743023	0.769996	0.745138	0.631013	0.388877	
0.835776	0.84589	0.821233	0.743319	0.77	0.74553	0.630987	0.390077	
0.618323	0.689246	0.73448	0.699821	0.656834	0.690285	0.599717	0.385473	
0.833532	0.844968	0.820317	0.743043	0.770677	0.744912	0.630599	0.391448	
0.835769	0.846126	0.821254	0.743379	0.770607	0.745467	0.630939	0.390556	
0.82879	0.839365	0.819129	0.74368	0.765497	0.746108	0.631268	0.390829	
0.835959	0.846154	0.821443	0.743691	0.77061	0.745743	0.631113	0.39078	
0.725817	0.67747	0.744032	0.701325	0.681744	0.732348	0.619032	0.386377	
0.835301	0.845164	0.821403	0.743269	0.77019	0.745733	0.630932	0.391932	
0.836123	0.846305	0.821677	0.743672	0.770773	0.74578	0.631078	0.391235	
0.835616	0.844176	0.819758	0.744789	0.770786	0.74516	0.632212	0.392212	
0.83629	0.846211	0.821491	0.744366	0.771169	0.745732	0.631584	0.391642	
0.641903	0.463282	0.533886	0.623099	0.640467	0.68248	0.592182	0.386915	
0.834727	0.842118	0.819304	0.742669	0.769063	0.746306	0.630602	0.39331	
0.836472	0.846522	0.821974	0.744394	0.771089	0.7461	0.631438	0.392091	
0.836778	0.846794	0.822049	0.745721	0.7717	0.746672	0.632124	0.393502	
0.762063	0.512396	0.563153	0.660847	0.673906	0.707318	0.593296	0.401717	
0.835628	0.842823	0.817799	0.744949	0.76916	0.747081	0.631811	0.395488	
0.836811	0.847066	0.822289	0.74578	0.771496	0.746985	0.632127	0.393953	
0.822196	0.82051	0.771857	0.735441	0.768223	0.738985	0.630194	0.391099	
0.836986	0.847133	0.82222	0.746119	0.771938	0.746841	0.632169	0.393766	
0.836825	0.847205	0.822291	0.746212	0.771733	0.74726	0.6323	0.394318	
0.837001	0.847375	0.822461	0.746432	0.771971	0.747176	0.632309	0.394184	
0.837018	0.847146	0.822646	0.747392	0.772177	0.748104	0.632634	0.395437	
0.335661	0.38647	0.231617	0.347974	0.497234	0.492327	0.52234	0.319449	
0.818754	0.798898	0.777154	0.740943	0.770312	0.741219	0.631366	0.391309	
0.837276	0.847962	0.822657	0.747884	0.772483	0.747915	0.632652	0.395125	
0.837317	0.84794	0.822877	0.747947	0.772472	0.748047	0.632649	0.395316	
0.837543	0.847992	0.822534	0.749342	0.773089	0.748431	0.632742	0.395821	
0.500681	0.385907	0.340179	0.576182	0.617496	0.66105	0.585593	0.379756	
0.831261	0.830354	0.811604	0.745477	0.770831	0.747905	0.631823	0.398405	
0.837694	0.848002	0.823274	0.749402	0.773072	0.748647	0.632711	0.396245	
0.838131	0.847908	0.82305	0.75118	0.774137	0.748821	0.633275	0.397131	
0.367602	0.370487	0.502456	0.616328	0.538575	0.679908	0.58425	0.35335	
0.827263	0.838162	0.820302	0.750695	0.768412	0.748814	0.631889	0.398488	
0.838435	0.847645	0.823311	0.751577	0.774334	0.749043	0.633174	0.397483	
0.833434	0.843616	0.816982	0.749829	0.772989	0.748562	0.63309	0.396546	
0.838602	0.848082	0.8233	0.751772	0.7745	0.749052	0.633234	0.397406	
0.809798	0.803105	0.801752	0.746978	0.761595	0.745727	0.631398	0.400957	
0.838446	0.847586	0.823314	0.752405	0.77478	0.749064	0.633266	0.398108	
0.838776	0.848138	0.823376	0.75242	0.775069	0.749033	0.63331	0.397776	
0.838725	0.847994	0.823453	0.752796	0.775218	0.749049	0.633384	0.398199	
0.837904	0.846901	0.822057	0.752743	0.776143	0.748649	0.633948	0.397976	
0.838916	0.848228	0.823467	0.753175	0.775808	0.748993	0.633621	0.398191	
0.65456	0.538662	0.640442	0.670302	0.691394	0.720406	0.619949	0.391083	
0.836882	0.844599	0.822062	0.753379	0.775667	0.748895	0.633692	0.399796	
0.838838	0.848195	0.823625	0.753527	0.775994	0.749043	0.633683	0.398698	
0.838983	0.84788	0.823521	0.754296	0.77768	0.748673	0.634428	0.399253	
0.800062	0.760692	0.776418	0.744962	0.762245	0.743913	0.633163	0.402196	
0.839305	0.848467	0.823971	0.754765	0.77741	0.749014	0.634604	0.399827	
0.839399	0.848546	0.824006	0.754819	0.777509	0.74903	0.634657	0.399847	
0.839695	0.848126	0.824024	0.755488	0.778124	0.749292	0.635264	0.40096	
0.507761	0.550472	0.359735	0.427531	0.488566	0.559737	0.53692	0.336594	
0.830728	0.829862	0.802892	0.750516	0.774997	0.745789	0.634576	0.397814	
0.83986	0.848581	0.82421	0.755449	0.778319	0.749241	0.635336	0.400718	
0.839914	0.848478	0.824258	0.755599	0.778284	0.749287	0.635416	0.400907	
0.840181	0.848187	0.824226	0.756509	0.778809	0.749171	0.636045	0.401325	
0.303976	0.138976	0.26511	0.462982	0.371956	0.54066	0.522244	0.344642	
0.825254	0.809449	0.803718	0.748304	0.764541	0.745465	0.633098	0.403492	
0.840428	0.848294	0.824822	0.756802	0.778607	0.749383	0.635949	0.401669	
0.840227	0.847855	0.824431	0.757936	0.77986	0.749252	0.636334	0.402481	
0.743267	0.530803	0.725237	0.597011	0.712183	0.715051	0.623039	0.404776	
0.839212	0.843435	0.825133	0.755007	0.776292	0.749394	0.636349	0.40312	
0.840475	0.848291	0.825058	0.758061	0.779279	0.74946	0.636391	0.402658	
0.838008	0.844589	0.822706	0.756211	0.777508	0.748348	0.636238	0.403013	
0.840528	0.848338	0.825022	0.758432	0.779552	0.749433	0.636473	0.402775	
0.80437	0.804005	0.793824	0.73645	0.740413	0.740709	0.630639	0.406441	
0.840439	0.848083	0.82524	0.758847	0.778958	0.749535	0.636316	0.4035	
0.840534	0.848441	0.825162	0.758852	0.779451	0.749603	0.636633	0.403035	
0.840674	0.848565	0.825397	0.759227	0.779515	0.749649	0.636591	0.403375	
0.840456	0.848694	0.825402	0.760207	0.779517	0.750031	0.637135	0.403704	
0.299829	0.172979	0.273152	0.408668	0.389883	0.597263	0.486944	0.298378	
0.816635	0.820712	0.80315	0.746758	0.750706	0.74447	0.631989	0.40536	
0.840816	0.848813	0.825768	0.760536	0.779745	0.750023	0.636966	0.404187	
0.840859	0.848872	0.825792	0.760609	0.779805	0.750048	0.63703	0.404222	
0.841081	0.848671	0.82614	0.761445	0.779998	0.750266	0.637398	0.405172	
0.541991	0.509502	0.392801	0.409298	0.454818	0.572984	0.573539	0.345952	
0.83408	0.838345	0.813522	0.757058	0.774205	0.748181	0.638137	0.403295	
0.841159	0.848851	0.82613	0.761587	0.780276	0.750304	0.637569	0.405051	
0.840947	0.848405	0.826416	0.763089	0.780339	0.750825	0.637666	0.406235	
0.493968	0.505388	0.583056	0.666327	0.626891	0.632717	0.601227	0.378753	
0.834717	0.840417	0.821227	0.762213	0.780747	0.748929	0.639111	0.405823	
0.841205	0.848541	0.826374	0.763093	0.780741	0.750737	0.637973	0.406221	
0.84105	0.847754	0.826241	0.763555	0.779346	0.7511	0.63754	0.407566	
0.841413	0.848636	0.826636	0.763457	0.780406	0.750984	0.637854	0.406807	
0.64822	0.700931	0.648672	0.606081	0.62889	0.676251	0.592684	0.382325	
0.838732	0.84577	0.823654	0.763933	0.780326	0.750469	0.638563	0.406624	
0.841379	0.848682	0.826427	0.763925	0.780834	0.75104	0.638132	0.406824	
0.840155	0.847124	0.825647	0.764833	0.781247	0.751096	0.638062	0.408107	
0.8411	0.848582	0.826481	0.764416	0.781133	0.751105	0.638151	0.407373	
0.726755	0.764599	0.750176	0.691366	0.702991	0.733515	0.624161	0.389708	
0.840506	0.847778	0.825381	0.764445	0.78073	0.751526	0.63858	0.407265	
0.841247	0.848686	0.826357	0.764619	0.781283	0.751296	0.638338	0.407392	
0.84117	0.847943	0.826012	0.763836	0.781962	0.751684	0.637966	0.408638	
0.841458	0.848643	0.826448	0.76441	0.781689	0.75153	0.638224	0.407996	
0.631136	0.743601	0.629444	0.639294	0.674824	0.688192	0.599933	0.390099	
0.838155	0.847171	0.822846	0.765479	0.781154	0.751731	0.63842	0.408104	
0.841338	0.848745	0.826228	0.764985	0.78188	0.751738	0.638361	0.408075	
0.840542	0.84879	0.826363	0.764969	0.782136	0.752494	0.638417	0.408593	
0.808262	0.838454	0.802235	0.751399	0.771813	0.748278	0.63563	0.408655	
0.841423	0.848736	0.826225	0.765771	0.782647	0.752759	0.638362	0.408855	
0.841497	0.848638	0.826187	0.766005	0.783761	0.752727	0.638174	0.409784	
0.73016	0.758293	0.769911	0.693021	0.723532	0.718843	0.624091	0.40148	
0.838687	0.84797	0.825746	0.76326	0.782599	0.752558	0.638534	0.409258	
0.841652	0.848771	0.826371	0.765947	0.78372	0.752942	0.638321	0.409708	
0.838433	0.844143	0.822923	0.768082	0.784133	0.753506	0.637647	0.411375	
0.84147	0.848387	0.826202	0.766869	0.783891	0.753178	0.638211	0.41013	
0.792053	0.715838	0.752011	0.73555	0.764708	0.743331	0.63066	0.406215	
0.841051	0.847229	0.825831	0.765848	0.784033	0.753406	0.638183	0.410465	
0.841508	0.848692	0.826417	0.766698	0.784003	0.753285	0.638226	0.410251	
0.840851	0.847667	0.826729	0.767578	0.784302	0.754056	0.63908	0.411524	
0.756816	0.508386	0.60194	0.712608	0.750074	0.735626	0.618623	0.412923	
0.839327	0.837644	0.823387	0.767739	0.785106	0.753757	0.638169	0.412893	
0.840891	0.848105	0.826747	0.767815	0.784597	0.754166	0.638934	0.411866	
0.832905	0.841177	0.814247	0.763582	0.782498	0.749948	0.638376	0.410814	
0.84079	0.848257	0.826874	0.768016	0.784775	0.754109	0.639047	0.41188	
0.836429	0.840823	0.822421	0.765552	0.782586	0.754971	0.63698	0.415191	
0.840843	0.848166	0.826892	0.767966	0.784914	0.754498	0.638781	0.412535	
0.840449	0.848309	0.826793	0.768328	0.785059	0.754433	0.639205	0.412364	
0.840867	0.848353	0.827	0.768205	0.785218	0.754719	0.638857	0.412823	
0.840823	0.848401	0.827009	0.768335	0.7853	0.754759	0.639001	0.412849	
0.840631	0.848515	0.827043	0.768923	0.78585	0.75555	0.639131	0.414105	
0.756889	0.738009	0.740736	0.753141	0.767105	0.748718	0.639628	0.428737	
0.839916	0.847011	0.826452	0.768845	0.78581	0.7563	0.640173	0.415798	
0.824491	0.828502	0.801482	0.765517	0.783096	0.75024	0.636815	0.41255	
0.840442	0.848123	0.827038	0.769259	0.786017	0.756177	0.640182	0.415523	
0.839423	0.847849	0.826851	0.770121	0.786036	0.756472	0.638917	0.417059	
0.840263	0.848434	0.827112	0.769802	0.786381	0.756384	0.639781	0.41626	
0.749755	0.806362	0.784679	0.73556	0.701927	0.7452	0.635123	0.407374	
0.839489	0.848149	0.826705	0.770123	0.785968	0.756645	0.640644	0.416027	
0.840243	0.848444	0.827075	0.770024	0.786489	0.756523	0.640145	0.416199	
0.838234	0.843653	0.823784	0.769387	0.785985	0.756126	0.640532	0.4195	
0.840269	0.848069	0.827097	0.770065	0.786679	0.756591	0.640307	0.416977	
0.761034	0.766268	0.74657	0.714814	0.740149	0.738925	0.635579	0.409972	
0.839444	0.847723	0.826701	0.769923	0.787034	0.75652	0.640904	0.416963	
0.840166	0.848287	0.827182	0.77015	0.786964	0.75661	0.640562	0.416994	
0.839086	0.846588	0.826364	0.769946	0.786794	0.756748	0.64145	0.419533	
0.840109	0.848068	0.827089	0.770187	0.786981	0.756787	0.640976	0.418048	
0.55795	0.637437	0.654252	0.597687	0.673372	0.675632	0.601159	0.399498	
0.836737	0.844249	0.825625	0.768377	0.788112	0.755975	0.640901	0.418196	
0.840131	0.848292	0.827228	0.770177	0.787512	0.756805	0.641046	0.418127	
0.840601	0.847707	0.826338	0.77094	0.78665	0.757179	0.641309	0.419997	
0.815084	0.841576	0.821199	0.757789	0.771746	0.754448	0.640614	0.417926	
0.840467	0.848025	0.826779	0.770785	0.787665	0.757189	0.641484	0.419953	
0.839727	0.847859	0.826464	0.77106	0.788221	0.757123	0.641642	0.4203	
0.837188	0.84347	0.823766	0.769561	0.787051	0.75697	0.641852	0.420619	
0.84014	0.848277	0.826982	0.771048	0.78829	0.757275	0.641727	0.420441	
0.839063	0.846941	0.825088	0.770538	0.782172	0.757186	0.641467	0.421807	
0.840412	0.848291	0.826899	0.771338	0.787917	0.757371	0.641745	0.420704	
0.837185	0.845385	0.825124	0.770421	0.788416	0.757294	0.641372	0.421723	
0.840318	0.84823	0.826931	0.771447	0.788192	0.757452	0.641733	0.420946	
0.800895	0.806452	0.784756	0.758147	0.763303	0.747145	0.637896	0.422258	
0.840139	0.848202	0.826688	0.771859	0.787839	0.757312	0.641768	0.421633	
0.840363	0.848268	0.82693	0.771906	0.788177	0.757612	0.641835	0.421406	
0.840333	0.848365	0.826947	0.772041	0.788172	0.757595	0.641828	0.421648	
0.839848	0.848615	0.826945	0.773035	0.788496	0.758129	0.642076	0.422825	
0.812459	0.835728	0.802826	0.765474	0.783859	0.751804	0.63955	0.43617	
0.838539	0.849021	0.82633	0.773783	0.788816	0.758264	0.642579	0.425232	
0.0883756	0.215464	0.0994712	0.0726233	0.165498	0.179374	0.238364	0.175791	
0.702639	0.770594	0.694962	0.668047	0.696394	0.712172	0.609601	0.401666	
0.83804	0.848218	0.825942	0.773587	0.789266	0.758725	0.642844	0.424594	
0.838846	0.849106	0.826682	0.773973	0.789308	0.758593	0.642785	0.425039	
0.83821	0.848508	0.826515	0.774727	0.789575	0.758829	0.643161	0.425186	
0.838218	0.848956	0.825981	0.773942	0.788428	0.758777	0.642761	0.425828	
0.838721	0.848878	0.826653	0.774774	0.789562	0.758982	0.643148	0.42546	
0.835881	0.845937	0.82349	0.773725	0.789718	0.758864	0.6436	0.425783	
0.838671	0.848859	0.826688	0.774787	0.789672	0.759028	0.643257	0.42551	
0.834026	0.840643	0.819891	0.772209	0.786146	0.757056	0.642462	0.426691	
0.838759	0.848942	0.826707	0.774833	0.789614	0.758968	0.643254	0.425671	
0.838685	0.848839	0.826711	0.774921	0.789794	0.759031	0.643364	0.425684	
0.838766	0.848924	0.82674	0.774946	0.789744	0.759004	0.643362	0.4258	
0.838398	0.847937	0.826566	0.775079	0.790329	0.758902	0.643788	0.426498	
0.827554	0.834996	0.815307	0.769844	0.780435	0.755936	0.641108	0.426978	
0.838945	0.848818	0.826883	0.775387	0.790205	0.759094	0.643733	0.426717	
0.838361	0.848634	0.826653	0.775727	0.789769	0.759367	0.643931	0.427625	
0.83397	0.841132	0.823319	0.773385	0.789447	0.756812	0.643536	0.427285	
0.83877	0.848924	0.827047	0.775791	0.790325	0.759271	0.644079	0.427627	
0.838747	0.848636	0.826632	0.7758	0.789902	0.759098	0.643635	0.429141	
0.838939	0.848933	0.826947	0.775916	0.790403	0.759242	0.643927	0.428286	
0.765697	0.811242	0.786085	0.734332	0.681228	0.745861	0.639718	0.420102	
0.838266	0.848579	0.82727	0.775657	0.789751	0.759589	0.644391	0.428201	
0.838901	0.848899	0.827175	0.775919	0.790506	0.759408	0.644113	0.428279	
0.83696	0.847414	0.823903	0.775763	0.789768	0.759495	0.644362	0.430888	
0.83872	0.848984	0.826992	0.77604	0.790519	0.75952	0.64422	0.428937	
0.729946	0.722187	0.660273	0.722506	0.756555	0.728313	0.61899	0.424659	
0.837562	0.847097	0.825213	0.775698	0.790954	0.759402	0.64395	0.429225	
0.838736	0.848968	0.827207	0.776065	0.790697	0.759556	0.644206	0.429015	
0.838528	0.848483	0.826762	0.775931	0.790326	0.760065	0.644941	0.429907	
0.830002	0.833161	0.812543	0.773907	0.789324	0.758203	0.642172	0.430797	
0.838585	0.848917	0.827327	0.776065	0.790842	0.760062	0.644814	0.430078	
0.838341	0.848803	0.82719	0.776525	0.791153	0.759902	0.644697	0.431105	
0.838418	0.847286	0.826808	0.77505	0.790019	0.760656	0.645264	0.431487	
0.838724	0.848835	0.827354	0.776223	0.79115	0.760205	0.644913	0.431247	
0.837771	0.841492	0.821503	0.777847	0.790888	0.760227	0.64506	0.432469	
0.838682	0.848682	0.827112	0.776583	0.791105	0.760235	0.645119	0.431419	
0.838525	0.848267	0.826858	0.776314	0.791402	0.760257	0.644895	0.431867	
0.838682	0.848842	0.827343	0.7765	0.791245	0.760255	0.645054	0.431591	
0.838902	0.848651	0.827288	0.776485	0.790977	0.760501	0.645279	0.432476	
0.826884	0.837505	0.81301	0.773142	0.789028	0.757846	0.643322	0.432989	
0.839025	0.848769	0.827378	0.77674	0.791255	0.76047	0.645293	0.432575	
0.838915	0.848182	0.826858	0.777476	0.791221	0.760617	0.645592	0.433389	
0.82957	0.835739	0.810347	0.773873	0.789949	0.758502	0.644262	0.43368	
0.83923	0.848687	0.827264	0.777452	0.791326	0.760623	0.645635	0.433464	
0.838681	0.848392	0.827198	0.776481	0.790515	0.76091	0.645748	0.434736	
0.839326	0.848716	0.827427	0.777283	0.791135	0.760784	0.645704	0.43393	
0.793258	0.79419	0.746142	0.758423	0.781106	0.745778	0.637084	0.433045	
0.839379	0.84837	0.826376	0.777311	0.791428	0.760651	0.645841	0.433947	
0.839474	0.848785	0.827348	0.777339	0.79126	0.760777	0.64577	0.433938	
0.838742	0.847621	0.824423	0.777494	0.790895	0.760888	0.646374	0.434977	
0.839466	0.848835	0.827277	0.777415	0.791218	0.760826	0.645928	0.434196	
0.823132	0.818606	0.784027	0.772363	0.788056	0.756491	0.645199	0.434064	
0.839743	0.848811	0.826972	0.777351	0.791414	0.760819	0.646094	0.434243	
0.839717	0.849022	0.827256	0.777423	0.791231	0.760921	0.646087	0.434542	
0.839852	0.849084	0.827235	0.777419	0.791311	0.760934	0.64617	0.434561	
0.840242	0.849322	0.827087	0.777564	0.791255	0.761174	0.646551	0.435565	
0.408813	0.543739	0.377514	0.434281	0.523353	0.561297	0.5489	0.382773	
0.828801	0.833268	0.810965	0.774811	0.789181	0.757713	0.646839	0.434091	
0.840448	0.84936	0.827065	0.777646	0.791484	0.761113	0.6467	0.435476	
0.840425	0.849416	0.827115	0.777689	0.791433	0.761161	0.646711	0.435629	
0.840486	0.849276	0.826912	0.778192	0.791754	0.761182	0.647077	0.436389	
0.298316	0.236126	0.185517	0.550027	0.547975	0.523658	0.543855	0.384911	
0.814138	0.813352	0.793994	0.773109	0.786075	0.756843	0.644198	0.438363	
0.840424	0.849409	0.827259	0.778313	0.791633	0.7613	0.646994	0.436669	
0.840507	0.849477	0.827224	0.778358	0.791747	0.761281	0.64705	0.436672	
0.840315	0.84941	0.827212	0.778719	0.791984	0.761313	0.647135	0.437513	
0.618248	0.666537	0.582095	0.641493	0.711888	0.695072	0.610663	0.419248	
0.838019	0.845732	0.823227	0.777498	0.7922	0.760389	0.647048	0.436611	
0.840558	0.849584	0.827313	0.778725	0.792144	0.761268	0.647176	0.43739	
0.840756	0.849311	0.827383	0.778913	0.792143	0.761485	0.647337	0.438208	
0.389519	0.517879	0.47574	0.472732	0.560331	0.531068	0.538134	0.410182	
0.832496	0.840086	0.821153	0.774267	0.791649	0.757059	0.647161	0.43787	
0.840854	0.849627	0.827297	0.779178	0.79257	0.761345	0.647479	0.438204	
0.839589	0.849125	0.826532	0.779562	0.792717	0.761508	0.64767	0.439299	
0.840689	0.849633	0.827195	0.779363	0.792692	0.761426	0.64757	0.438636	
0.756628	0.794206	0.741399	0.745406	0.764036	0.74233	0.639907	0.434579	
0.840599	0.848975	0.826412	0.779226	0.793162	0.76123	0.647708	0.438626	
0.840892	0.849624	0.827197	0.779391	0.79293	0.761406	0.647636	0.438643	
0.840458	0.848766	0.826358	0.779994	0.792305	0.7617	0.647176	0.439834	
0.84102	0.849552	0.827112	0.779664	0.792888	0.761549	0.647507	0.439089	
0.763319	0.804381	0.765131	0.74567	0.752852	0.74552	0.640324	0.434603	
0.84093	0.848914	0.82674	0.779639	0.793306	0.761432	0.647705	0.439162	
0.841214	0.849448	0.827129	0.779734	0.793181	0.761545	0.647607	0.439131	
0.841339	0.84827	0.826746	0.78036	0.792481	0.761822	0.647176	0.440923	
0.826186	0.837224	0.811851	0.771605	0.78627	0.758466	0.646993	0.437639	
0.842103	0.84883	0.827166	0.780647	0.793237	0.761926	0.647481	0.440665	
0.841631	0.848894	0.826513	0.780675	0.793759	0.762081	0.647695	0.441294	
0.836918	0.844292	0.821916	0.778029	0.789682	0.761304	0.646239	0.442764	
0.842101	0.849181	0.827066	0.780803	0.793596	0.762282	0.647536	0.4417	
0.84174	0.849232	0.826304	0.780939	0.793257	0.762651	0.647723	0.442631	
0.83764	0.848709	0.824877	0.781165	0.793674	0.76222	0.647107	0.442911	
0.842375	0.849306	0.82693	0.781231	0.793524	0.762667	0.6476	0.442801	
0.841188	0.848072	0.821476	0.780702	0.794003	0.762175	0.648335	0.443019	
0.842388	0.849481	0.826718	0.781317	0.793656	0.762697	0.64777	0.442857	
0.809372	0.812888	0.776124	0.765968	0.784312	0.756831	0.643835	0.445581	
0.842173	0.849195	0.826567	0.781113	0.793508	0.76276	0.647378	0.443483	
0.842406	0.849496	0.826921	0.781312	0.793628	0.762755	0.647649	0.44307	
0.842654	0.849862	0.82659	0.781689	0.79379	0.762845	0.647853	0.443777	
0.602865	0.478545	0.421725	0.687083	0.714894	0.702704	0.593942	0.443541	
0.8373	0.843717	0.819551	0.779261	0.791872	0.762472	0.646176	0.445771	
0.842632	0.850047	0.826825	0.781651	0.793717	0.762985	0.647761	0.444051	
0.842678	0.850485	0.826477	0.781955	0.794008	0.762924	0.648085	0.444854	
0.66579	0.630244	0.715316	0.689949	0.725314	0.68451	0.615939	0.451677	
0.84005	0.846523	0.825708	0.779792	0.792223	0.762423	0.647179	0.446509	
0.842848	0.850509	0.826565	0.781898	0.793916	0.763112	0.648013	0.445158	
0.840358	0.847598	0.822673	0.781605	0.79451	0.762785	0.647911	0.444858	
0.842859	0.850629	0.826555	0.782015	0.79409	0.763114	0.648037	0.445125	
0.826326	0.838821	0.816774	0.779345	0.791445	0.762523	0.646752	0.44881	
0.842667	0.850768	0.82649	0.782034	0.794067	0.763264	0.648027	0.445563	
0.842859	0.850772	0.826466	0.782259	0.794303	0.763246	0.647993	0.445405	
0.842764	0.850881	0.826444	0.782253	0.794284	0.763343	0.648028	0.445705	
0.840809	0.849338	0.824135	0.782791	0.794706	0.763046	0.647751	0.445515	
0.842843	0.850883	0.826332	0.782542	0.794569	0.763361	0.648034	0.445702	
0.802361	0.827598	0.800599	0.766252	0.768585	0.757151	0.64351	0.447892	
0.842472	0.850957	0.82629	0.782304	0.794388	0.763617	0.647973	0.44633	
0.84275	0.850943	0.826215	0.782731	0.794835	0.7635	0.648084	0.446122	
0.84278	0.851056	0.826302	0.782686	0.79486	0.763636	0.648091	0.44633	
0.842647	0.851047	0.82603	0.783054	0.7955	0.764016	0.648356	0.447155	
0.508717	0.41264	0.473612	0.584665	0.562576	0.679882	0.583245	0.397228	
0.83078	0.844793	0.817267	0.778281	0.789531	0.762761	0.647412	0.448497	
0.842648	0.851153	0.826121	0.78299	0.795518	0.764119	0.648359	0.447382	
0.842654	0.851159	0.82608	0.78306	0.79561	0.764142	0.648427	0.447424	
0.842281	0.851138	0.825839	0.783033	0.796109	0.764686	0.64884	0.448601	
0.380423	0.444371	0.216146	0.227533	0.422208	0.453514	0.508962	0.338003	
0.818223	0.836076	0.797176	0.774011	0.783601	0.757954	0.647574	0.445453	
0.842654	0.851195	0.825731	0.783228	0.796251	0.764685	0.648953	0.448512	
0.842633	0.851256	0.825865	0.783174	0.796254	0.764791	0.648932	0.448654	
0.842797	0.851164	0.825501	0.783326	0.79655	0.765182	0.649402	0.449173	
0.427605	0.260883	0.360525	0.579022	0.578186	0.642495	0.579473	0.404717	
0.834309	0.835844	0.812144	0.778635	0.791516	0.763434	0.648387	0.450299	
0.842922	0.85127	0.825721	0.783268	0.796509	0.765278	0.649416	0.449364	
0.842967	0.851012	0.825309	0.78341	0.796925	0.765495	0.649895	0.449944	
0.668463	0.401141	0.645358	0.714703	0.752951	0.715491	0.628364	0.453727	
0.841509	0.841536	0.822262	0.781942	0.795647	0.766145	0.649573	0.451097	
0.843115	0.851231	0.825333	0.783346	0.796814	0.765724	0.649896	0.450136	
0.842577	0.850623	0.824069	0.78313	0.79713	0.765728	0.649958	0.449857	
0.84318	0.851357	0.82531	0.78339	0.797009	0.765777	0.649935	0.450092	
0.82676	0.811008	0.796238	0.774075	0.791634	0.762211	0.648311	0.454136	
0.843103	0.851086	0.825114	0.783359	0.797019	0.765959	0.649986	0.4506	
0.843195	0.851416	0.825237	0.783504	0.797253	0.765956	0.650018	0.450236	
0.843245	0.851385	0.825241	0.783505	0.797264	0.766023	0.650055	0.450433	
0.843307	0.851343	0.82496	0.783738	0.797902	0.766418	0.650258	0.450563	
