0.000000
0.000000
0.000000
0.000000
0.000000
0.000000
0.034990
0.005639
0.014556
0.091759
0.026611
0.045213
0.138414
0.144099
0.173755
0.188851
0.174866
0.208429
0.071656
0.067764
0.216683
0.226934
0.231492
0.261104
0.023341
0.071071
0.255291
0.271729
0.288848
0.169942
0.303722
0.310762
0.301091
0.319524
0.051353
0.261864
0.326605
0.331092
0.291956
0.336789
0.319923
0.343419
0.345740
0.363475
0.071360
0.182447
0.343644
0.367535
0.369277
0.379272
0.037626
0.166220
0.371231
0.386726
0.395814
0.122444
0.315387
0.400870
0.403875
0.406199
0.412985
0.320084
0.419733
0.422714
0.424964
0.305905
0.428799
0.435473
0.442004
0.210061
0.432924
0.444549
0.445730
0.447744
0.448920
0.452246
0.297129
0.452083
0.457648
0.461095
0.412175
0.464099
0.464950
0.469680
0.043495
0.188310
0.448850
0.472783
0.473501
0.478168
0.188376
0.454067
0.479979
0.471847
0.482728
0.269260
0.481575
0.485548
0.486179
0.431758
0.498836
0.500173
0.506882
0.140537
0.433094
0.508828
0.510707
0.505247
0.513255
0.260016
0.505592
0.515118
0.515173
0.446409
0.524163
0.519954
0.525717
0.321961
0.524238
0.527073
0.527361
0.462443
0.535617
0.521522
0.536726
0.537341
0.538132
0.539110
0.542364
0.217440
0.515883
0.543337
0.543769
0.486277
0.549169
0.552600
0.071224
0.489862
0.553687
0.554545
0.555566
0.514112
0.559136
0.561082
0.527909
0.563370
0.564017
0.562724
0.565044
0.551948
0.565897
0.568115
0.115057
0.500107
0.568906
0.569343
0.571217
0.205190
0.539051
0.572196
0.574328
0.252274
0.556462
0.575756
0.566687
0.576504
0.506263
0.577240
0.577867
0.578611
0.579562
0.536674
0.582358
0.584186
0.514034
0.585388
0.586034
0.587574
0.164457
0.531673
0.588791
0.589877
0.574931
0.591414
0.591840
0.592731
0.512909
0.594058
0.594498
0.595056
0.585787
0.596283
0.597367
0.559979
0.598742
0.598282
0.599514
0.403204
0.597319
0.600074
0.596010
0.600659
0.499326
0.600805
0.601260
0.602193
0.603261
0.574235
0.604418
0.605006
0.549215
0.607140
0.607382
0.609162
0.310818
0.600950
0.609698
0.604677
0.610367
0.489198
0.610112
0.610928
0.604875
0.611505
0.551856
0.612058
0.612478
0.613062
0.613242
0.574089
0.615939
0.617675
0.201277
0.594971
0.618342
0.617786
0.619133
0.343189
0.615467
0.619748
0.621086
0.198082
0.574578
0.622085
0.622423
0.623473
0.607117
0.624545
0.623029
0.625074
0.465103
0.622532
0.625501
0.627249
0.385564
0.623552
0.627792
0.623872
0.628673
0.424911
0.627901
0.629417
0.629209
0.630621
0.223851
0.608454
0.631413
0.626771
0.631869
0.632054
0.632574
0.632777
0.634147
0.540304
0.634223
0.609422
0.635432
0.633938
0.635886
0.635730
0.636137
0.636289
0.599258
0.637493
0.637630
0.638415
0.391048
0.630361
0.638661
0.638003
0.639009
0.536644
0.638773
0.639342
0.640125
0.605965
0.641204
0.642492
0.527382
0.641902
0.642906
0.506513
0.641943
0.643213
0.643985
0.601919
0.645004
0.645199
0.646061
0.239906
0.622766
0.646522
0.647528
0.452210
0.645814
0.647878
0.648461
0.562103
0.649906
0.650472
0.649394
0.650833
0.610864
0.651026
0.651298
0.651659
0.652459
0.620155
0.653209
0.654481
0.301273
0.618159
0.654887
0.655110
0.655187
0.612079
0.656624
0.656840
0.657505
0.335334
0.643366
0.657903
0.658686
0.394721
0.645789
0.659180
0.658385
0.659522
0.595742
0.659641
0.660030
0.660371
0.661349
0.258502
0.640562
0.661748
0.662839
0.360809
0.656027
0.663270
0.657482
0.663540
0.643010
0.663872
0.639715
0.664221
0.664534
0.664817
0.657940
0.665140
0.599031
0.665227
0.665771
0.666013
0.667356
0.287170
0.651609
0.667603
0.667773
0.668342
0.627636
0.669427
0.670219
0.254092
0.629505
0.670731
0.670900
0.671600
0.170581
0.629918
0.672062
0.672228
0.672983
0.458334
0.670102
0.673257
0.668842
0.673524
0.641527
0.673813
0.674086
0.674346
0.673739
0.674784
0.461525
0.671195
0.675148
0.676401
0.549669
0.675006
0.676683
0.641922
0.676876
0.677166
0.677411
0.678151
0.618124
0.678863
0.679061
0.679797
0.422330
0.667600
0.680078
0.680776
0.348759
0.664509
0.681288
0.681447
0.667801
0.682344
0.682246
0.682640
0.662320
0.682943
0.682929
0.683156
0.682051
0.683433
0.551834
0.682520
0.683667
0.684669
0.520107
0.682606
0.684871
0.677115
0.685091
0.673323
0.685382
0.666231
0.685702
0.676264
0.686040
0.660277
0.686398
0.686696
0.686954
0.684193
0.687322
0.586948
0.686376
0.687631
0.688550
0.287837
0.655903
0.689146
0.687815
0.689381
0.666676
0.689557
0.689699
0.689881
0.689995
0.680283
0.690763
0.691363
0.317186
0.681186
0.691593
0.690470
0.691812
0.569720
0.690533
0.691965
0.692347
0.443418
0.688364
0.692672
0.692873
0.661166
0.693635
0.693817
0.689626
0.694308
0.693897
0.694547
0.659254
0.694658
0.694883
0.695080
0.695767
0.216249
0.655114
0.696014
0.696194
0.696746
0.421484
0.684416
0.696946
0.697529
0.599945
0.696013
0.697765
0.687445
0.697926
0.693735
0.698155
0.664058
0.698333
0.698594
0.698743
0.699394
0.638683
0.699759
0.699993
0.700548
0.475612
0.694654
0.700687
0.699840
0.700849
0.665641
0.700866
0.701126
0.701281
0.701838
0.413559
0.691643
0.701993
0.702240
0.685187
0.702697
0.702868
0.694201
0.703151
0.703210
0.703548
0.571974
0.702205
0.703693
0.696745
0.703817
0.701449
0.704010
0.663513
0.704124
0.704411
0.704539
0.705414
0.396633
0.697570
0.705559
0.704398
0.705752
0.638432
0.705652
0.705941
0.706202
0.678300
0.706835
0.706952
0.707037
0.702211
0.707483
0.707834
0.410607
0.699398
0.708049
0.706895
0.708194
0.694351
0.708340
0.708482
0.708602
0.708125
0.708815
0.622233
0.708428
0.709002
0.709464
0.677460
0.709957
0.710215
0.706275
0.710755
0.709641
0.710952
0.644428
0.710701
0.711095
0.710741
0.711309
0.630597
0.711098
0.711506
0.710937
0.711714
0.710989
0.711891
0.712177
0.689725
0.712530
0.712595
0.712864
0.486302
0.703693
0.713033
0.712845
0.713194
0.656185
0.713089
0.713335
0.713516
0.698413
0.714083
0.714400
0.565608
0.711800
0.714608
0.712789
0.714799
0.714744
0.714957
0.715036
0.673402
0.715675
0.715819
0.715597
0.715984
0.710629
0.716120
0.716193
0.716392
0.716464
0.717078
0.650733
0.716954
0.717288
0.657981
0.717194
0.717456
0.708041
0.717548
0.717615
0.717732
0.717788
0.718222
0.540133
0.714633
0.718290
0.717312
0.718383
0.701868
0.718478
0.718591
0.718678
0.718907
0.704123
0.719321
0.719591
0.708930
0.719842
0.719919
0.720154
0.709666
0.720419
0.719660
0.720555
0.694599
0.720525
0.720617
0.719792
0.720691
0.712394
0.720789
0.720882
0.719818
0.721026
0.667285
0.720859
0.721147
0.721582
0.271081
0.702298
0.721884
0.721960
0.722308
0.403986
0.713983
0.722478
0.722851
0.634272
0.722437
0.723012
0.720583
0.723187
0.658518
0.722991
0.723331
0.723089
0.723561
0.570527
0.722262
0.723760
0.724417
0.609337
0.723093
0.724563
0.709813
0.724646
0.724768
0.724864
0.725319
0.391634
0.708744
0.725494
0.725570
0.725937
0.505855
0.720957
0.726131
0.726704
0.501620
0.723003
0.726875
0.724381
0.726994
0.712664
0.727121
0.727237
0.727352
0.727040
0.727550
0.615850
0.726871
0.727700
0.728089
0.702956
0.728420
0.728477
0.728872
0.470914
0.720897
0.728964
0.729018
0.729307
0.368818
0.716665
0.729494
0.729797
0.631421
0.728493
0.729959
0.728328
0.730069
0.707106
0.730115
0.730214
0.730374
0.730643
0.365887
0.714973
0.730857
0.730905
0.731271
0.475111
0.725853
0.731366
0.731740
0.561041
0.729148
0.731861
0.731769
0.732024
0.610507
0.731009
0.732155
0.732034
0.732293
0.672909
0.732026
0.732402
0.732402
0.732550
0.624565
0.731633
0.732669
0.732788
0.720591
0.733097
0.733347
0.677416
0.732326
0.733429
0.732530
0.733542
0.692546
0.733256
0.733635
0.733973
0.637125
0.732253
0.734140
0.729193
0.734218
0.731869
0.734324
0.734367
0.734505
0.734559
0.734969
0.696620
0.735038
0.725337
0.735345
0.735341
0.735552
0.695747
0.735469
0.735643
0.734650
0.735757
0.689164
0.735652
0.735864
0.735814
0.736031
0.599623
0.734772
0.736165
0.736340
0.727548
0.736543
0.736550
0.735060
0.736773
0.735533
0.736835
0.735865
0.736906
0.715107
0.736930
0.737062
0.737116
0.737496
0.728484
0.737821
0.154370
0.657009
0.737652
0.738041
0.738089
0.737861
0.738272
0.737125
0.738309
0.734891
0.738343
0.738379
0.738411
0.738437
0.731520
0.738723
0.738759
0.736111
0.738979
0.738949
0.739074
0.698033
0.738963
0.739150
0.738569
0.739241
0.670429
0.738638
0.739306
0.739368
0.733764
0.739586
0.739714
0.739373
0.739831
0.738407
0.739867
0.739798
0.739939
0.740070
0.734216
0.740188
0.740281
0.734490
0.740460
0.740333
0.740538
0.711128
0.740413
0.740586
0.740177
0.740645
0.727742
0.740681
0.740775
0.740821
0.741095
0.472584
0.734459
0.741162
0.741197
0.741409
0.408798
0.727509
0.741500
0.741539
0.741700
0.618155
0.740090
0.741770
0.741942
0.486948
0.737718
0.742069
0.742000
0.742151
0.702311
0.741992
0.742215
0.742074
0.742298
0.706475
0.742229
0.742374
0.742390
0.734529
0.742757
0.742818
0.740143
0.743033
0.743060
0.742288
0.743304
0.742371
0.743360
0.724364
0.743272
0.743405
0.743632
0.580662
0.740765
0.743709
0.743933
0.647342
0.742551
0.744002
0.742787
0.744053
0.738849
0.744110
0.744163
0.744213
0.743511
0.744283
0.726743
0.744291
0.744397
0.744468
0.744726
0.525321
0.739915
0.744786
0.744820
0.745066
0.373895
0.732509
0.745151
0.745195
0.745387
0.479113
0.739321
0.745469
0.745620
0.622525
0.743714
0.745699
0.745384
0.745756
0.733047
0.745778
0.745852
0.745894
0.746061
