0
0.152674554043809
0
0.918447708076121
1
1
0
0
0.15329897311241
1
0.640064232726352
1
1
0.939895791545403
1
0.794649243932388
1
1
1
1
0.844142190052442
1
1
1
1
1
1
1
1
1
0.762942286696618
0.999816896250389
0.991792959274529
0.958542057039499
0.917635057045842
0.877265393752251
1
1
0
0.937238837355324
0.66851530785976
0.844609807683804
0
0.983164858236852
1
1
0.601075679937823
0.99997722664969
0.0953623006982073
0.758481539131539
0.348033324543557
0.997449187627922
1
1
1
0.718742237744323
0
0.720486973667194
0.645044940528762
0.67317630422333
1
1
0.977535174526979
0
0.656792944794985
0.733046001803089
0.57835140275792
0.438674689156966
1
0.624275093435688
0.696439826312885
0
1
0.572608857040471
0.2568323868447
0.694903219452432
0.909262907095203
0.105192353668587
0.280397646456476
0.853017802439992
1
0.0920966899273398
0.866841006690771
0.396216938498352
0.855992569518142
1
0.859268634933003
1
1
0.797247329056263
0.548946620492782
0.900869454752223
1
1
1
1
1
0.999997781227033
0.529777108857834
0.920781332499842
1
1
1
1
1
0.999999941253659
0.834814553900494
0.850585275982275
1
1
0.980743726122087
0.112437808914395
0.984564440582453
0.961312430345101
0.426803261852387
0.604060608785903
1
0.5920870010776
0.229531458508588
0
0.981340918908531
0.398592498819325
0.00669533066526042
0.698191420806822
0.855163304196905
0.0797519850804622
0.487159490901937
0.728863608724147
0.748375391634675
0.0677927290897659
0.462178539506288
0.480288860392769
0.387233675557026
1
1
1
1
1
0.999998898913063
0.783080123948772
1
1
1
1
1
1
0.999999986656098
1
1
1
1
1
1
1
0.633188773810076
1
1
1
1
1
1
0
0.646550087994884
1
1
0.987269220293491
1
1
0.90054962223089
0.0356089236838352
1
1
0.999999987859611
0.989811302380508
1
1
0.817441287453134
1
1
1
1
0.828613393083904
0.434541695875123
0.999999458728212
1
1
1
0.668528141279462
0.501520932919842
0.395867275696492
0.988848079745132
0.816912652957686
1
1
0.348844416295841
0.703414608849508
0.930746419596968
0.972174813829681
1
0.999999747247499
1
0.872075150357849
0.474732937598452
0.915534359299294
0.773601356321358
1
1
1
1
0
1
1
1
0.727117254411309
1
1
0.595651677903511
0.990124712748261
1
1
0.978560518286337
0.324333473185772
0.218857602368897
1
0.986315393843174
1
1
1
0.586677563467912
0.686834265470485
0.397790508991595
1
0.984513782147003
1
0.443782990780149
0.627937954354835
0.563472663888509
0.825239050318816
1
1
0.756211810511987
0.972200842497289
0
0.993958058924869
0.539051976301103
0.999999984905927
1
1
0.585956883722269
0.597304137526852
0.373373569507609
1
0.768125212900091
0.997737474747111
1
1
0.80506894997775
0.999999578781402
1
1
0.879899216558921
0.641917402107256
1
0.924113849103358
0.825117169194531
1
1
1
0.986213394848047
0.476294216902987
0.206728904399375
0.930218608292579
0.945308014355258
1
1
1
0.958635027312757
0.95440926185476
0.884195512517911
1
1
1
0.914443347664996
0.994431234224164
0.99999999566734
1
1
1
1
1
0.624114645473561
0.999996297729686
1
1
1
1
1
1
0.689751814637203
0.884378800057788
1
0.999999458285326
1
1
1
1
0.963514274481125
0.940441926362977
0.926097498983454
0.345611368015551
0
0.740108627538756
1
0.896754732731246
1
0.882677730040752
0.89573461503881
0.999765797196462
0.514051388595683
0.816951083144871
0.94427489580689
0.840077355369151
1
0.932974596824959
0.937878703320249
1
1
0.876536714035834
0.999999992239712
0.722892382805177
0.999973969796083
0.913588492178227
0.787283406975548
1
1
1
1
0.559961809504147
0.677905964838859
0.782935839778413
0.827364382802021
1
1
0.971180799051896
1
1
6.0842324027364e-05
0.889899016643983
0.873764740095654
1
1
0.904210954806492
1
1
1
0.335514989220179
0.951834854625797
0.895039896265879
0.735722498415243
0.946421560029864
0.90488031295877
1
1
0.915370214431307
1
0.954782811191114
0.823914819476376
0.53362522660024
0.999999960736444
1
1
1
1
1
0.9512418201051
0.799878317726771
1
0.999987593851567
0.999999976842623
1
1
1
1
0.966850252375411
1
0.876535428986461
0.510660928573669
0.774977327312146
1
1
1
0.939126285496376
1
0.227173419054717
0.729222376901696
0.00278396457733453
0.821425757381836
0.999999954911347
0.999881680356682
0.754483588477897
1
1
1
1
0.634907939906301
0.966271404356002
0.594764823442009
0.800305468787893
1
1
1
1
0.986746049918507
0.982434350467444
0.947237863521016
0.746672781209719
1
1
1
1
1
0.829564037579662
0.981387722835776
0.69773716262024
1
0.999999990126143
1
0.711865632867437
1
0.855822292746158
1
0.932861738612959
0.883888558311527
0.118373934242814
0.707226886379701
0.230933403049891
0.631382971268231
0.695242236528713
1
0.999999719204341
0.669393452066484
1
0.500003167118521
0.999999349318597
1
1
1
0.99999995242662
1
1
0.999996982824917
1
1
1
1
1
1
1
1
1
0.999999997220295
0.994219363778508
1
1
1
1
0.999999999581646
1
0.851692096062879
0.15895944209275
1
0.474722912364163
1
1
0.985064845140996
0.58277398976766
0.801331312698008
0.748146973993612
1
0.59535189396268
0.818818799370244
0
0.8787523090587
0.631426874856433
1
0.969763750339494
0.812232978551424
0.60657874371211
0.91917204211143
1
1
1
1
1
0.940520451330996
0.999996503078284
1
1
1
1
0.999999991813312
0.787943027903174
0.957273666051132
0.999999988950603
1
1
1
0.99999960522968
0.68453605298253
0.429265764113348
0.960518345515907
1
1
1
1
0
0.552493736033664
0.0384884675210902
0.953029616683238
1
1
0.983942816111818
1
0.646102108666957
0.953836740243141
1
0.945657332651726
0.709178214953071
0.725435608830761
0
0.629331100974623
1
1
1
0.999405574561286
0.948098481527533
0.489134999903479
1
0.999981035654328
1
1
1
1
0.992517108134032
1
1
1
1
1
0.999793232613513
1
0.999999939539765
1
1
1
1
1
0.999999995341906
0.871241735684467
0.999999987430007
1
1
1
1
1
1
0.888181211291952
0.613688356339748
1
0.464521424860898
1
0.885710628493636
1
1
0.798448020550537
0.46017923441614
1
1
1
0.891453932339461
1
1
1
1
0.66562437935839
1
1
0.819908195004957
0.999327591890443
0.471895409533567
1
1
0.889044274116891
1
0.750721229957889
0.999944250300561
0.787845561575892
0.556772655136181
1
0.749186428409577
1
1
0.910315157528203
0.955699459200399
0.68395689660365
0.981105663643964
0.997857999430883
0.673833838733435
1
1
0.956770551559281
0.6987175821741
0.983793571291896
0.999963178127953
0.950757515719428
0.988382652012699
1
0.640755716234263
0.47636055348846
0.637715395739635
0.926268502164798
1
0.895669437832434
1
0.90567080294105
0.350260964432732
0.901482950890829
0.852861352918464
0.997257696041784
0.877270976926654
0.834851523788901
1
0.527458360327732
0.892860402703912
0.999993311545894
0.999999997860649
0.858715676567737
0.9998134590908
0.999999987415832
1
0.258691182846543
0.97456268040727
0.917444331708509
1
1
0.99999982441422
1
1
0.610754638082572
0.538430801922776
0.209106787582873
1
1
1
1
0.839334215697225
0.95415208974233
0.81346531123724
0.874053267496824
1
1
1
1
0
0.771766563525072
1
1
1
1
0.800638070221125
0.614280883450434
0.898978197845039
0.967671866293149
1
1
0.988248926786468
0.891162351117447
0.637892860740658
0.987349120899376
1
0.945325793329221
1
1
0.86754398361285
0.461529557691407
0.999926796133346
0.999807130690597
1
0.994895920407547
1
1
0.895536998001299
0.843024474745059
0.999729266452572
0.995708585654796
1
0.824725870851808
0.999916627767258
0.377925027724812
1
0.999997495186502
0.962790237116857
0
0.99999948301376
0.695845588990935
0.762336914382036
0.851690953682556
0.912792945922919
0.823719838379177
0.849092342881946
0.298699899674663
0.784751417305597
0.730308628430391
0.109511419284252
0.846922047702428
0.763435980573347
0.92399168637428
0.769803277005974
1
0.999999643782427
0.999963824196173
0.461598513307578
0.999999574510791
0.709378064689228
1
0.963949992903769
1
1
0.999521597018125
0.463050090500705
0.9999917085441
1
1
0.87489325914419
1
1
0.479353274813736
0.627784899988001
1
1
1
0.916812356885731
0.999945021064223
0.735886244290204
0
0.941539027384976
1
1
1
0.999999276303234
0.984347745785721
0.768564879079887
0
0.999999971267532
1
1
1
0.9999999713595
0.966536880888444
0.979548813364091
0.480781449571525
0.973550671852578
1
1
1
1
1
1
1
0.812383658617415
0.95527010353933
0.558723412460165
1
0.747523853452077
1
1
1
0.774293484768644
0.615609818294931
0.866456770735253
0.440446946392835
0.731206217231667
0.800908066143711
1
1
0.720021875890227
0.999999977445124
0.904386578679452
0.993589992727509
0.990821989149221
0.93008664604247
1
1
0.991232492310646
1
1
0.989948606318866
0.95784769523124
0.928273118721542
1
1
0.511818127083272
1
1
0.873684994470049
1
1
1
1
0.201173033660358
1
1
1
1
1
0.852331526255013
0.984632578456974
0.119965449844581
1
1
1
1
0.999999994589129
0.999064339836574
0.699036027924067
0.612045700010966
1
1
1
1
0.99999529545525
0.937274117413669
0.162469653450918
0.963941999440293
1
0.999999999671153
0.851906858103381
0.915598031137377
0.954275230895777
0.728099837906203
1
1
1
0.893197264414456
0.781659723014842
0.838823585821661
0.196636191627943
0.768898838858821
1
1
0.311791841293883
0.551426648214531
1
0.725387810121056
1
0.999990935618232
1
0.70536921187204
0.653010895984571
1
1
1
1
0.975915611524556
0.999866579048924
0.730867375956439
1
1
1
1
1
0.996959822500903
0.999996273315065
0.767846321634823
1
1
1
0.410045222993308
1
0.999979993880429
0.999999979094507
0.700754843589939
1
0.729101497616855
1
0.9189909852264
0.764916457654385
0.000225838569911794
0.999999944781731
0.38730861337227
1
0.975429998619016
0.99982649011649
1
0.724341995363876
0.604254136973838
0.10034004450069
0.229504169891332
0.665350084321675
0.921030004242461
0.999825637766088
1
0.999769725844609
0.730774371485609
0
1
0.820628493350746
1
0.85273904783572
1
0.512367544282551
0.999999974900549
1
1
1
1
0.928633302229622
0.999996283333173
0.0832616882972573
0.852893084965799
1
1
1
1
1
0.826187151598304
1
0.949050958758091
1
1
1
1
1
0.590491036646019
1
1
1
0.999915585473932
0.999999991223426
1
0.75512756369868
0.831217552552919
1
1
0.87073466357884
0.742723400856975
0.560839186280684
1
0.991919006751131
0.951029772699972
1
1
0
0.133774351514342
0
1
0.999995965324423
0.999996250850203
1
0.989053054192037
0
0.744683541926353
0.40682230078415
1
1
0.999999325284449
0.910934564206953
0
1
1
1
0.88194528782475
1
0.999999869828519
0.562475546143947
0
1
1
1
0.991203857326414
0.998475793940699
0.99937351164825
0.735721106478932
0.404506205944358
1
0.761243019487459
0.99999999855785
0.925932443156912
0.743712780269663
0.754957831888132
0.277488617105777
0.924278115689921
1
0.624694251170516
0.999999963667842
0.378913960057163
0.419443774717226
0.633209954170062
0.920153904370264
0.932442660479285
5.34891734128324e-07
0.999999995967711
0.774491326180417
0.936578152423241
0.999900464838789
0.736616949568497
0.956008455422055
0.960727492182766
1
1
0.979774118663354
0.872142663276149
0.982270020933444
0.999565131816311
0.741025484025629
0.789405315641674
1
1
0.950676930667632
0.99999999018766
0.999998326688884
0.899315536158224
1
0.999999973355152
1
1
0.4813448638206
0.22376444955709
0.261560923343534
0.183772599108984
1
1
1
1
0.345139047193245
0.843789208985326
0.476452894697643
0.787835693254628
1
1
1
0.908162323371757
1
0.675502356822728
0.914017665875645
1
1
1
0.667672367775116
0.999999998288328
1
1
0.999999988659751
1
1
0.655533387906501
1
1
1
1
0.833262313051779
0.970798949248259
1
0
1
1
1
1
1
0.52456367636859
0.624499325893172
0
1
0.68383660050749
0.999128414383109
1
0.598082507108442
0.671100739951783
0
0.0398026842953983
1
0
0.6996069161544
1
0.663999586485545
0.925039425977394
0
0.516077499644828
1
0.844774616366958
1
0.770218408886114
0.661860686089346
0.999999988356838
0.522527034646474
1
1
1
1
0.999139242710517
0.999999489364761
0.838546173014088
0.322663285330065
1
1
1
1
0.998548024679046
1
1
1
1
1
1
0.995004630697973
0.992179090895639
1
1
1
1
0.99991178061125
1
0.303564335694465
0.975649964811053
1
1
1
1
0.659699810149242
0.322177889964002
0.842345561631916
1
1
1
1
1
0.846164845451091
0.61959117043427
0.964241703283229
0.999999983876469
1
1
1
1
0.992975120897784
0.880091494110748
0.935727022841817
0.692010506112069
0.992531768885353
1
1
0.985494120733775
0.539302815793018
0.709816660753845
2.04395003271638e-06
0.272518916547179
0.515252233098247
1
1
0.659797189309612
0.999563321141706
0.999979206863376
0.999969262754558
1
0.601728050859866
0.504371475260269
0.950923752373765
0.8760729323731
0.999917311903091
1
1
1
0.670078201923966
0.678467820822421
0.378241419484383
0.0490724858162469
0.526438737840749
0.996312093295649
0.999999918211181
1
0.781893820565338
0.800650404740585
0.477935583592212
0.605904095470548
0
0.106447505363434
0.899799087287079
1
0.502467394296443
0.605075523149141
0.560309284045924
0.745447016938467
0.792700318095033
0
0
0.732768144810697
0.694853912099316
0.901492691372868
0.999004941365237
0.999574381061491
1
0.843135185574616
1
0.0344947527746156
0.633377355220972
0.500383009310246
0.999647328115434
0.713514654644953
1
1
1
0.882169095826045
0.00116683062488515
1
0.888733459406878
0.000417456010568437
0.252027554861411
0.740698574877715
1
1
1
1
0
0
0.158617684566274
0
1
1
1
0.667064629803515
0
0
0.220486285551222
0
0.212142116539463
1
1
1
0
0
0.723038765787687
0
0
1
1
1
0.668321720465267
0.91502370189946
0.998641418550925
0
5.25801898101559e-06
0.250469030096182
1
1
1
0.999999786924665
1
0.691286113777753
1
0
1
1
1
0.915463255809889
1
1
1
0.813080185342406
0.999999986503625
0.999999764850697
1
1
1
1
1
1
0.105885698613905
0.99659145191591
1
1
1
1
1
0.777275885903223
0.897177983044489
0.942686261059432
1
1
1
1
1
0
1
0.979424881991421
1
1
1
1
1
4.76830461152638e-06
0.931559964589734
0.995094235738036
1
1
1
1
1
0.0183445562574846
0.033065317723125
0.908107712078051
0.999404984176253
0.916103916006314
1
0.885666140034054
1
1
0.0103383919988106
0.0630177277490893
0.925928251384489
0.801671396471838
0.182143839022386
0.990847509399016
1
1
0.826478065202737
1
0.999999998926964
0.640872060895528
0.594210120020997
0.122320052066113
1
1
1
1
1
0.791263719772262
0.941201978267033
0.024762357625743
0.99999585208075
1
1
1
1
0.729014297634567
0
0.000306908548073416
0.624492741469815
1
1
0.949560649353394
0.999999982372777
0.760294037553541
0.589961492289907
0
0
0.580911331287339
1
0.944937833114941
0.734627058775775
0
1
0.000301944406137055
0.547226635421076
0.327762561489093
1
1
0.568349576241343
0.907138718299663
1
0.876269182322376
1
0.990852397625224
1
1
1
1
1
1
1
0.33048939256661
0.907851241211452
1
1
1
1
1
0.252578957262346
0
0.827513149548504
1
1
1
1
1
0.0396458654378602
0
0.176630511499081
1
1
0.646822625752155
0.999999984761846
1
0.857571122902668
0
0.991326149093049
1
1
0.0510218628741349
0.992310300677797
1
0.999998097914383
0
1
1
1
0.13784103894125
0.482320991988254
1
1
0
0.627376194980968
0.999999977673749
1
0.612141413742929
0
1
1
0
0.000978952197505532
0.885134804486851
1
0.764268936307413
0
0.707896137299549
1
0.999999551873493
0.190317253573929
0.610652503936805
1
0.727884870802185
0.450103037915952
0.295368117631331
1
0.999999999459221
1
0.117020741245235
1
0.88846620758061
0.977561374460726
0.460348095752924
1
1
1
0.584389815838626
1
0.999999998628958
0.854150949958022
0.189980115735459
1
1
1
0.212728307931063
0.380344008903317
1
0.321254917490422
0.91219078355548
0.902482870896753
1
1
0.418578527780308
0
1
1
1
1
1
1
0.361430292841862
0.757971440292597
1
1
1
0.31789808504568
1
1
1
0.718993517387824
1
1
1
0.391819925196533
0.304361739409444
1
1
0.161182551925243
0.992738523822636
1
1
0.803323135080576
0.183903523543156
1
1
0.277518920599125
0.134943479600857
1
0.292441640100797
0.985817676575745
0.428944869632601
1
0.945129211602497
0.942946472986718
0.00480401786180982
1
0.904880327077842
0.545591114242206
1
0.485032996849559
0.882841061470379
1
0.0623868281357067
1
0.543756942529412
1
1
0
1
1
0.179846770250541
0.147933253393395
0.269165605844667
1
1
0
1
1
0
0.373016558262579
1
1
0.949251419011336
0
0.694674225066285
1
0.946794625187641
0.458670471002092
1
1
0
0
0
0.9457099351009
1
0.820314018806235
1
1
0.601225246559373
0.428603307295656
0
0.946831129635631
1
1
1
1
1
0.999192803063758
0
1
1
0.99654188162319
0.999989755924228
1
1
0.99895017234194
0
1
1
0.778025281197001
0.493361514444453
1
1
0.897375867514037
0.116445491768217
1
1
1
0
1
1
1
1
1
1
1
0
0.955370131641096
1
1
1
1.0918098013108e-07
1
1
0.147444884621015
0.999998674350669
1
1
1
0
1
1
0.246983759977129
1
1
1
1
0
0
1
0.999993047569902
1
1
1
1
0
0
0.999985118084487
0.669878255584906
0.0337557994576914
0.999974280245783
1
1
0.999651963120694
0
0.999815893388671
0.774293273622505
0
0.9676946852585
1
1
1
0.851339504349997
0.515146485794487
0.959846627548667
0.924919033366646
0.955819039188141
0.816149966679356
1
1
1
0.999769941497697
0.99998825119794
1
0.649804010196563
0
7.34460710305194e-07
1
1
0.923301020994655
0.999996056764886
1
0.889364516479849
0
0.0437420062852575
1
1
0.540632113591186
0.999995941501253
1
0.610172838125814
0
1
1
1
0.698877709497216
0
0.911549906743039
0.330832248001467
0.0387812485994936
1
1
1
0.642196221377402
0
0.999994169944847
0.126590603514271
0.594417227968113
1
1
1
0.730488365902177
0.15521856095984
1
0.547719917849089
0.809827073531083
1
1
1
0.420662954132445
0.720011028916565
1
1
0.999999876929098
0.228136440166202
1
0.999999987846756
0.777505347608864
0.265266107171734
1
1
1
0.192117197718763
1
0.904435982127108
0.999988024832364
0
1
1
1
0.649491495848986
0.99999999445005
0.819981018898218
1
0
0.999999970919625
1
1
0.999694880137688
0.462118486493668
9.66586819560269e-05
1
1
1
1
1
0.981845777725081
0.150183824019055
1.99826771281868e-05
1
1
1
1
1
0.473503719920021
0.371357624482691
0.999998654241045
1
1
1
0.19806359197529
1
1
1
0.999999966487528
1
1
1
0.886109346138536
0.953709129798905
1
1
1
1
0.851201932592273
0.955779599655113
0.928067699481026
0.473562411272935
0.999993451435984
1
1
0.999971220395579
0
0.9959829643968
0.655264261498128
2.70436650126122e-06
1
1
0.737634183357669
0.566708263396144
0.801091984399029
0.458186008372399
1
1
1
1
0.0901635128341675
1
0.000802689281047771
1
1
1
1
1
0.997648563535431
1
0.715018255548739
0.983244757605197
1
1
1
1
1
1
0.229054549357319
0.999868068246677
1
0.999994867869498
0.374266565159809
1
1
1
0.340925794802105
1
1
0.728816713789446
0.169753117097093
0.842122513473091
1
1
1
1
1
0.999994959079981
0.682680159550038
0.199061630683505
0.960222389272452
1
1
1
1
1
1
0.752439722201313
1
1
1
1
0.962623650436029
0.987190364450669
0.46267264313113
1
1
1
1
1
0.626331794747419
0.143730253356321
0
1
1
1
1
0
1
1
0.999969519625411
0.312750092042871
0.954068225560887
1
0.500066522232529
0
1
1
1
0.863153298228518
0.332319425744758
0.251041658095082
0.874926720616856
1
1
1
1
1
0.682299258744542
0.842969896694663
0.10120386265331
1
1
1
1
1
0.608994307054829
1
0.536605938997318
1
1
0.915502747255899
1
1
1
0.999909055250976
0.409295440621654
1
0.0603441380315263
0.99999865858685
1
1
0.999998305556499
0.851704302989891
0.999912831998144
1
0.853923065552265
1
1
1
0.999998076058223
0.697413909019181
1
1
1
1
1
1
1
1
1
1
0.884002981854646
1
0.506326676653568
1
1
1
1
1
0.201908983874102
0.84714909765467
0
1
1
1
1
1
1
0.983727760951628
0
1
0.902241938646502
0.998289642422782
1
1
1
1
0.860979199651636
1
0.573507153894118
0.886068739891843
0.807222268551132
1
1
0.36599877464942
0.999044495625059
1
0.576495382241757
1
0.787162788646317
1
1
0.555694247511201
0.610975542990553
1
0.330963111484704
1
1
1
0.997567356636228
0.487934415413591
0.94434889752469
1
1
1
1
1
0.995349396450825
0.637489547407696
1
0.960715290759795
1
1
1
1
1
1
1
1
0.999986663123872
1
1
1
1
1
1
1
0.961575450619414
1
1
0.999995816880532
1
1
1
0.762300265231097
0.684657136360775
1
1
0.999999957110849
1
1
0.654716866467975
0
1
1
1
1
1
1
0.939906629590086
1
1
0.670408398067313
1
1
1
1
0.999999651199819
1
1
0
0.192527935358747
0.997632119302459
1
1
0.999996964642052
1
1
0
1
0.645524226711393
0.942409676602893
0.999999995069452
0.999999976805998
1
1
1
1
1
0
0.554822686269717
1
0.521795718260193
1
1
1
1
1
0.768853559821105
1
0.996203797530192
0.746271710959081
1
1
1
1
0.938747039753855
1
1
0.898793109028363
0.993839014960291
0.924258611069393
1
1
1
1
1
1
0.765309773468784
0
0.665305833686975
1
1
0.898261673044223
0.274316171759344
1
0.999999672690422
0.997329409827261
0.276163797304823
0.885631771202375
0.81203680637138
0
0.752213564555171
0.955015609209896
0.999999974834792
0.999993706357582
1
0
0
0
0.614761802122035
0.935123226486044
1
0.931066521907638
1
0.675625724230662
0.762811583121185
0.929171178743901
1
0.82499450851882
1
0.207379432552006
1
1
0.999447672743484
1
0.541082146178458
1.44397319245238e-06
1
0.752757387137773
1
1
0.999998274182402
1
0.30756021784068
0.169091892090249
1
0.732970516841448
0.999999968764443
1
0.999547658284805
1
0.922509570821819
0.230358274174063
1
0.522613900768321
0.511847221617661
0.398481042809402
1
1
0.947380936089006
1
1
1
0.827940432112468
0.202144735367942
1
1
0.917986716287018
0.980494335831764
1
1
1
1
1
0.954813260846002
1
0.492655691990016
1
1
1
1
1
0.066233013503492
1
1
0.999999880728902
1
1
1
1
1
1
1
0.557485854627983
0.999999929954745
1
1
1
1
1
1
0.287483767776063
0
1
1
1
1
1
1
1
1
1
1
1
0.999999969319598
0.856131954618763
1
1
1
1
1
1
1
0
0.901185515667235
1
1
1
0.000265555455092172
1
1
0.844377576123627
0.883444216012199
0.936496773983495
0.543730249256282
0.495113416938026
0.836493785138782
1
1
1
0.999999581822475
0.53310641660198
0
0.860676518837167
0.999999986906146
1
1
1
1
1
1
1
0.861201203161382
1
1
1
0.999999987963827
1
1
1
0.707557084514966
0.94773534941848
0.649058971743516
0.816244795870537
0.388686788244823
1
1
1
0.623080658974921
0.54684958478518
0
1
1
1
1
0.532967518156815
1
1
0.945778738395197
1
1
1
0.458270792050453
0.97009662570401
1
1
1
1
1
1
1
1
0.677016989184699
1
1
1
1
1
1
1
0.895626904048637
1
0.883290987753963
1
0.849667305738276
1
1
1
1
1
0.176409561812249
0.636146847353854
1
1
1
1
1
1
1
0.516708948690956
1
1
1
1
1
1
1
1
1
1
1
1
1
1
1
1
1
1
1
1
1
0.0751659667549186
0.84263699350567
1
1
0.249858423167033
1
1
0.649950875509713
0.999989413145108
1
1
0.85681406677022
0.274782959558622
0.634257693090749
0
0
1
1
1
1
1
0.437648463822236
0.692510425421793
1
1
1
1
1
1
1
1
1
1
1
1
1
1
1
1
1
0.999999356158784
1
1
1
0.680555895844192
1
1
1
0
0.438629410034485
1
1
0.608776297241021
0.041153952962523
1
0.494053209833298
0.991616625892091
1
1
1
1
1
0.0924609529668485
0
1
1
1
1
1
1
0.921786530211728
0.999644443513591
1
1
1
1
1
1
1
1
0.999204817603393
1
1
1
1
1
1
0.999999997323068
0.107972485073917
0.281520725424862
0.0497277252455643
1
1
0.962371159848925
1
0.22418325215555
1
0
0
1
1
1
0.970186295676548
0.183302379932921
1
1
1
1
1
1
1
0.976547581912171
1
1
1
1
0.0156008174290676
0.999997184402211
1
1
1
1
1
1
0.0471574277568543
0.00301865320889562
1
0.993479036102956
1
1
1
0.0847405686886642
1
1
1
0.95686592757356
1
1
0.974809773203552
0.783722728375363
1
1
1
0.975509167609491
1
0.807075427135211
0.924132513186074
1
1
1
1
0.39243955016885
1
1
1
1
0.999936818969761
1
0.754467092629424
0.982930417335662
1
1
1
1
0
0
0
1
1
1
1
1
0.185069037609426
0.748437801752446
0.506047312221861
1
1
1
1
1
1
1
1
0.999971047359324
1
1
1
1
1
1
1
0.788532123243688
0
0.880795824478366
1
1
1
1
1
1
0.80339238640727
1
1
1
0.773867092152915
1
0.138122828411966
1
1
1
1
1
0.456497989922378
0.65898943726461
0
1
1
1
1
1
1
0.906787430895067
0.998311617145059
0.26105009510139
1
1
1
1
1
1
1
0.127901432914647
0.492020877518936
0.608913416473611
1
1
1
1
1
1
0.223781188341045
0.854137509384211
0.282379929299589
1
1
1
1
1
1
1
1
1
1
1
1
1
1
1
1
1
1
1
0.979482675059833
1
1
1
1
0.999998990033603
1
1
1
1
0.238433035646164
1
1
0.0951967408366156
0.976492144054777
3.44351262011074e-05
1
1
0.767526521769273
1
1
1
0
0
1
1
1
0.905370153841499
1
1
0.567420398280195
0.552222893342598
1
1
1
1
1
1
1
1
1
1
0.246277075946744
1
1
1
1
1
1
1
0.919159380857994
1
1
0.929770268812911
1
1
1
1
1
1
1
1
1
0.608969786840225
1
1
1
1
1
1
0
0
0.312499408330361
1
1
1
1
1
0
0
0
1
1
1
1
1
0.897451215787546
0.850979939956144
1
1
1
1
0
0
1
1
1
1
0.447164816806528
0
0
0
1
1
1
1
0.353004493850757
0
0
1
1
1
1
1
1
1
1
1
0.957328391274858
1
1
1
1
1
1
1
0
0
1
1
1
1
1
1
0
0
1
1
1
1
0.00527587039047646
0
0
0
0.332494348690036
1
0.829758372226109
0
0
0
0.938342554219721
0
0
0
0
0
0
0
1
1
0
0
0
0
0
1
1
1
1
1
0
0
1
1
1
1
1
1
1
1
1
1
1
1
1
1
1
1
1
1
0
0
1
1
1
1
0.580862248188205
0
0
0
0.99945747980226
0.206048243886601
0.905823214764545
0
0
0
0
0
0
0
0
0
0
0
