0.011385
0.011565
0.013435
0.042281
0.017561
0.056625
0.053321
0.129286
0.115354
0.177331
0.069926
0.201731
0.156589
0.236247
0.248136
0.231093
0.266314
0.203571
0.289021
0.165807
0.292604
0.300880
0.321114
0.333596
0.119509
0.321449
0.373071
0.324498
0.377520
0.375190
0.386755
0.394437
0.227358
0.403181
0.420544
0.407432
0.426143
0.105720
0.350019
0.430827
0.435347
0.443168
0.231628
0.459159
0.472535
0.474717
0.496151
0.059885
0.383043
0.499421
0.497455
0.503069
0.502781
0.508892
0.095350
0.328727
0.511036
0.516777
0.530747
0.065371
0.136106
0.425483
0.538601
0.540272
0.551822
0.093615
0.216496
0.537461
0.556262
0.564388
0.466231
0.570709
0.573161
0.577335
0.415061
0.585991
0.587897
0.596380
0.116497
0.529195
0.598911
0.600931
0.602434
0.569905
0.604515
0.287727
0.603905
0.606453
0.606293
0.610482
0.164620
0.574875
0.614067
0.611801
0.617703
0.225468
0.610250
0.620969
0.619099
0.624988
0.202876
0.614015
0.628069
0.610310
0.630626
0.425678
0.633075
0.635691
0.637761
0.641008
0.466274
0.649603
0.650848
0.655999
0.025073
0.410178
0.658365
0.660339
0.664460
0.554991
0.667932
0.668877
0.675301
0.241991
0.645192
0.676328
0.604711
0.677373
0.678309
0.679343
0.680053
0.685480
0.078316
0.543667
0.686949
0.687975
0.691659
0.117937
0.524922
0.692392
0.694981
0.699849
0.531926
0.702257
0.635561
0.705626
0.706345
0.711039
0.134891
0.610055
0.712573
0.713333
0.714324
0.601491
0.718931
0.720028
0.723025
0.282901
0.699189
0.723827
0.724417
0.724653
0.633315
0.729594
0.732614
0.241307
0.694369
0.733735
0.718742
0.734532
0.735113
0.735942
0.736456
0.739588
0.321295
0.727406
0.740325
0.708884
0.741044
0.741671
0.742440
0.742939
0.745765
0.166183
0.577683
0.747013
0.747902
0.750620
0.297524
0.729784
0.751391
0.751846
0.754825
0.168126
0.675951
0.756177
0.756604
0.759673
0.322833
0.745704
0.760411
0.757005
0.761517
0.566265
0.761568
0.763422
0.764369
0.766080
0.682900
0.768648
0.769033
0.772197
0.427613
0.766734
0.772956
0.714899
0.773758
0.774501
0.775251
0.767239
0.776293
0.547924
0.776076
0.777202
0.740197
0.777678
0.777992
0.778582
0.778881
0.780885
0.323272
0.760119
0.781278
0.777332
0.781763
0.732913
0.782310
0.782851
0.783303
0.780176
0.784092
0.529747
0.782360
0.784757
0.787376
0.267811
0.759909
0.788357
0.787819
0.789272
0.516147
0.787838
0.790104
0.789544
0.791070
0.494841
0.785854
0.791824
0.793139
0.751144
0.794684
0.795497
0.783216
0.797298
0.794436
0.798033
0.630425
0.796799
0.798685
0.800875
0.230602
0.734682
0.802661
0.803186
0.794017
0.803708
0.656794
0.803484
0.804170
0.806079
0.167321
0.749650
0.807145
0.808079
0.793892
0.809299
0.803348
0.809676
0.774303
0.810059
0.810427
0.810769
0.808383
0.811386
0.655717
0.811282
0.811953
0.796720
0.812394
0.754403
0.812628
0.813155
0.813500
0.814944
0.218356
0.783107
0.815648
0.815903
0.817752
0.273819
0.789530
0.818260
0.817205
0.818790
0.546499
0.816323
0.819216
0.820474
0.297205
0.792535
0.821119
0.819636
0.821518
0.720541
0.821523
0.822125
0.822462
0.823288
0.325369
0.758677
0.823895
0.824058
0.825028
0.580199
0.822387
0.825403
0.824829
0.826180
0.597076
0.824888
0.826914
0.824105
0.827594
0.428752
0.817289
0.827983
0.818449
0.828145
0.824829
0.828353
0.802271
0.828584
0.828808
0.828989
0.828865
0.829457
0.400920
0.821824
0.829831
0.830982
0.797186
0.831658
0.387891
0.814594
0.832156
0.832536
0.808910
0.833602
0.832778
0.833950
0.734825
0.833550
0.834162
0.834307
0.810425
0.835503
0.836318
0.574990
0.833079
0.836576
0.826418
0.836783
0.798554
0.836895
0.837135
0.837316
0.838158
0.446769
0.828629
0.838299
0.838351
0.817032
0.839238
0.839510
0.836123
0.839892
0.838210
0.840083
0.781728
0.839975
0.840228
0.840834
0.376905
0.819787
0.841265
0.841780
0.425620
0.834297
0.842087
0.841190
0.842278
0.818708
0.842457
0.842651
0.842799
0.842893
0.822238
0.843949
0.843278
0.844185
0.748898
0.843899
0.844355
0.844783
0.818657
0.845500
0.845894
0.838563
0.846401
0.846741
0.815702
0.847606
0.847061
0.847880
0.757098
0.847503
0.848071
0.845754
0.848274
0.732608
0.847526
0.848426
0.848597
0.833075
0.849129
0.849291
0.848875
0.849646
0.843041
0.849758
0.839960
0.849857
0.849957
0.850053
0.850023
0.850279
0.607391
0.846774
0.850475
0.851034
0.840032
0.851465
0.516290
0.847344
0.851805
0.846954
0.851969
0.816998
0.851992
0.852187
0.852342
0.852761
0.402290
0.837607
0.852920
0.852982
0.853411
0.519684
0.847692
0.853538
0.853928
0.435389
0.843605
0.854226
0.853958
0.854399
0.810433
0.854397
0.854523
0.851493
0.854632
0.848538
0.854793
0.844021
0.854989
0.842086
0.855146
0.855204
0.855414
0.855500
0.856025
0.757343
0.855636
0.856174
0.832013
0.856164
0.856290
0.855899
0.856510
0.783620
0.856374
0.856713
0.854435
0.856892
0.786996
0.856732
0.857056
0.857163
0.839299
0.857868
0.857990
0.853025
0.858329
0.857655
0.858473
0.809431
0.858281
0.858560
0.859004
0.712138
0.857186
0.859163
0.858271
0.859343
0.804975
0.859319
0.859516
0.859541
0.841003
0.860504
0.860153
0.860678
0.790909
0.860471
0.860806
0.861168
0.839642
0.861587
0.861814
0.857396
0.862204
0.861456
0.862365
0.783482
0.862017
0.862502
0.862652
0.847105
0.863367
0.863509
0.858459
0.864044
0.863378
0.864218
0.797571
0.863948
0.864341
0.863709
0.864491
0.835398
0.864592
0.864808
0.864925
0.865444
0.365204
0.835075
0.865748
0.865843
0.866297
0.282450
0.840327
0.866505
0.866595
0.866772
0.857392
0.867100
0.867478
0.841152
0.867664
0.865277
0.867953
0.865800
0.868082
0.850944
0.868164
0.868288
0.868386
0.868855
0.445328
0.858990
0.869027
0.868613
0.869155
0.787434
0.868612
0.869259
0.869615
0.737803
0.867999
0.869705
0.868599
0.869807
0.856509
0.869926
0.870037
0.870143
0.868641
0.870259
0.843242
0.870298
0.870464
0.870566
0.871026
0.581427
0.865482
0.871127
0.871569
0.534441
0.866322
0.871769
0.871528
0.871919
0.870128
0.872056
0.872274
0.480015
0.853940
0.872435
0.872496
0.872722
0.596822
0.866863
0.872844
0.873074
0.868180
0.873248
0.873539
0.642575
0.870692
0.873749
0.871095
0.873852
0.849743
0.873883
0.874026
0.874099
0.874478
0.674177
0.872218
0.874560
0.873714
0.874673
0.842386
0.874697
0.874905
0.875002
0.875462
0.482371
0.867561
0.875580
0.875924
0.448571
0.866596
0.876102
0.876029
0.876226
0.833695
0.876144
0.876318
0.875287
0.876408
0.861590
0.876455
0.876511
0.876643
0.876852
0.647420
0.870047
0.876997
0.877039
0.877386
0.700883
0.875515
0.877481
0.877848
0.856530
0.878176
0.878607
0.599721
0.874043
0.878746
0.877007
0.878849
0.858557
0.878910
0.879032
0.879122
0.879405
0.295512
0.848230
0.879596
0.879678
0.879950
0.574357
0.875936
0.880056
0.880436
0.805033
0.879950
0.880533
0.875929
0.880636
0.872793
0.880757
0.868383
0.880865
0.880929
0.881056
0.881109
0.881528
0.471469
0.871059
0.881612
0.881669
0.881868
0.866161
0.882107
0.882384
0.616003
0.877937
0.882474
0.882280
0.882574
0.837204
0.882455
0.882658
0.882932
0.549159
0.877468
0.883069
0.883199
0.876783
0.883409
0.883414
0.881348
0.883658
0.882925
0.883733
0.881541
0.883816
0.870657
0.883897
0.883997
0.884069
0.884407
0.213709
0.813586
0.884510
0.884754
0.885030
0.746579
0.883814
0.885110
0.885298
0.868998
0.885627
0.885699
0.884069
0.885979
0.885784
0.886110
0.793612
0.885347
0.886199
0.886374
0.875530
0.886663
0.886674
0.880104
0.887018
0.886709
0.887141
0.875278
0.887190
0.887195
0.887350
0.887379
0.887644
0.878983
0.887885
0.471559
0.879584
0.888059
0.887813
0.888165
0.790252
0.887384
0.888229
0.888317
0.885997
0.888456
0.888478
0.887662
0.888671
0.886013
0.888719
0.888225
0.888787
0.862274
0.888782
0.888862
0.889153
0.491305
0.880296
0.889277
0.889502
0.752481
0.888094
0.889565
0.888978
0.889623
0.881554
0.889685
0.889740
0.889805
0.889222
0.889871
0.878153
0.889920
0.890003
0.890067
0.890325
0.489710
0.878832
0.890470
0.890511
0.890797
0.593687
0.886978
0.890893
0.890844
0.891010
0.748453
0.889620
0.891103
0.891316
0.733736
0.889820
0.891400
0.891212
0.891503
0.840632
0.891307
0.891605
0.891370
0.891731
0.821470
0.891249
0.891834
0.891823
0.891971
0.773748
0.891037
0.892085
0.892090
0.883487
0.892470
0.892458
0.892546
0.857897
0.892423
0.892600
0.892447
0.892686
0.821036
0.892303
0.892766
0.892996
0.680407
0.890101
0.893101
0.892668
0.893177
0.870695
0.893183
0.893313
0.893379
0.893673
0.752178
0.892051
0.893734
0.891721
0.893797
0.888168
0.893876
0.886639
0.893956
0.894026
0.894093
0.893667
0.894197
0.804996
0.893527
0.894284
0.894574
0.617437
0.887822
0.894665
0.894718
0.889284
0.894973
0.894982
0.894477
0.895222
0.893910
0.895290
0.892163
0.895360
0.888502
0.895439
0.895477
0.895546
0.895596
0.895831
0.652146
0.889899
0.895881
0.895914
0.896050
0.887677
0.896182
0.896340
0.690768
0.892851
0.896424
0.895612
0.896473
0.893183
0.896526
0.895130
0.896592
0.889852
0.896657
0.896720
0.896777
0.896455
0.896864
0.844400
0.896556
0.896937
0.897206
0.656720
0.893153
0.897293
0.897195
0.897362
0.864842
0.897259
0.897419
0.897400
0.897501
0.845282
0.897268
0.897573
0.897474
0.897664
0.853671
0.897493
0.897740
0.897696
0.897848
0.820271
0.897402
0.897933
0.897800
0.898016
0.859077
0.897930
0.898092
0.898129
0.890614
0.898477
0.898408
0.898555
0.871184
0.898501
0.898620
0.898695
0.889682
0.899077
