0.14739599202636
0.169180828292897
0.596482149159107
0.298889836993449
0.673095151225876
0.136629019550852
0.86241510173806
0.345752433236258
0.999872122122082
0.562428557053722
0.626410105175741
0.199727387841376
0.688994548740873
0.484530204825746
0.737801258689799
0.0843631242022637
0.800277561727845
0.832143397593382
0.881131326505597
0.537753726952058
0.999999988216537
0.0997988945876519
1
0.143096178382826
0.638542473880349
0.556544993956162
0.991157412669592
0.456427390015357
0.648305493050643
0.0737057342235774
0.324164773710026
0.00657601854469448
0.532663398975449
0.338752979962175
0.442466530234876
0.489779580121597
0.203317985024388
0.509076163152279
0.693887422312542
0.254479031870946
0.731455657944181
0.544598754508407
0.232538818199414
0
0.520468032059652
0.199458082436691
0.408896207465337
0.550207626518605
0.51402680890993
0.44843061866279
0.726664614323683
0.789972785942812
0.70366980326047
0.999994481834041
0.53285893484844
0.848569102859169
0.0807301477233099
0.314385134400039
0.384509320541726
0.511389209075708
0.671485643780096
0.687333622190504
0.871573799879259
0.922561359699611
0.562110019786262
0.896965093555384
0.999999978894509
0.972978330137349
0.338831055363052
0.927142715904252
0.399215280242294
0.512867679461758
0.44173090840801
0.999999803452312
0.497032056757905
0.993138064479083
0.924457368637765
0.557512004842463
0.762223517161538
0.75018753705729
0.786928133017353
0.744155845905762
0.503234825345161
0.062559230644331
0.510712497579339
0.592609115305503
0.38022965986527
0.225356450525359
0.183099022907611
0.201384532090652
0.137234972449074
0.531713637820189
0.170114126563111
0.347502986251195
0.654551672664676
5.45316249995086e-09
0.410108235346773
0.689358787183261
0.315360865868522
0.904309599234609
0.81982099047661
0.356957450711194
0.246748147028693
3.8983397555487e-09
1.42823672277752e-10
0.485043085476142
0.834420137802586
0.639457515035061
0
0.205274308982455
0.642715133784751
0.0938635474781964
0.580522454001989
0.821138956674262
0.747862198198691
0
0.182367436596681
0.691131503547306
0.453119295940118
0.566749690417263
0.362470871126585
0.23890632651865
0
0.210069768715234
0.999999988258565
0.279317346047157
0.0748629786940407
0.405355775309087
0.504496811954043
0.644990781754794
0.851303630860576
0.216864006226958
0.897842353715504
0.247478083278705
0.812463116462757
0.788791031709922
0.249108315965512
0.0929373737102965
0.60114805725987
0.963232114080644
0.37295762546605
0.731604788337811
0.368984233237104
0.981862995022328
0.533440433215253
0.314053434400932
0.474769439398954
0.662649081644312
0.447727100914898
0.692030056265915
0.793244875804981
0.547085390656809
0.42732789191079
0.999946484853603
0.559063669383715
0.296038817339892
0.152486668091133
0.861524353639468
0.527133432360078
0.626925151810857
0.201023107177814
0.619137136171095
0.507815344437251
0.443896392435557
0.771345813120714
0.137180016679408
0.0698655249377186
0.658915024643914
0.498445078405606
0.270687222420675
0
0.550340098294706
0.685206766946768
0.46588613535375
0.31689654254494
0.555650898639092
0.0988078205535597
0.571747727368103
0
0.619724485225743
0
0.142850247928055
0.62827381651259
0.0483749143602554
0.0849505124138229
0.212753270782317
0.557469207025121
0.690713009442779
0
0.662784401621059
0.51974679585211
0.667420444459566
0.058452643811267
0.524131278297947
0.0568255639738515
0.519260801289289
0
0.997968036867664
0.327619960359338
0.506494740021308
0.837222343252603
0.86956672298187
0.570370897798166
0.917825648049228
0.580120175779844
0.716986032588872
0.545014611273924
0.248574392827023
0.688792489892242
0.792912804590305
0.832759490844695
1
1
0.477591641212992
0.81835371795352
0.772816823941459
0.893172364489482
0.781211641984567
0.999999985135879
0.999999497028383
0.759873247288481
0.83715254422921
0.240467724819135
0.0107213882983002
0.379654164791101
0.681306318143792
0.595594100272695
0.902458282609649
0.574683520387712
0.4891423684479
0.567819963469535
0.42748375926456
0.685016479224448
0.41315323169385
0.731859977741668
0.165337172357372
3.6937552600232e-06
0.47609352727681
0.999979392798612
0.068912956510533
0.432720028590691
0.363173028769857
0.669293435725386
0.299915513474528
0.999021993707266
0.354230287330681
0.225009013415023
0.672039846170705
0.734329089880965
0
0
0.502492006673576
0.193127013424149
0.0330966712700175
0.447742660890476
0.0375115498230664
0.833077025391337
0
0.934619858397917
0.186836990461554
0.316707920452045
0.20334085742324
0.115012074720317
0.540821277929448
0.0970537312251433
0.412818101494096
0.444187794252232
0.22408080019007
0.139154853559826
0.630527245314923
0.52539615010765
0.0738430927088242
0.536328865180671
0.762884038786669
0.28360144144219
0.759154915730499
0.398563819430552
0.417644425556867
0.681771196942595
0.773466276478666
0.979457154666482
0.285239028162158
0.642532444747212
0.575005462473769
0.365925491660611
1
0.0889689948927991
0.337051914211895
0.596992239000779
0.31080152305623
0.999999991476494
1
0.898505925365319
0.662557280695314
0.599365082007942
0.954730606610683
0.425130184461433
0.400686951757096
0.370279642259778
0.540215654329231
0.183279522072439
0.887791481125884
0.363951167543537
0.388143683106463
0.50773964591213
0.286219098276971
0.224782740728968
0.0464001656230078
0.000805077151649829
0.280424442149583
0.0704305945454619
0.87585428154658
0.812564315178405
0.733416028197128
0.715106759292876
0.836809671688095
0.70152554405604
0.715907414936479
0.412394418372269
0.437913295512673
0.134531389774218
0.503404277447027
0.0173918839005537
0.508849273894499
0.30807165238518
0.507987370100972
0.363230437279289
0.710578725152378
0.0870256016510375
0.139278238265598
0.755376289023805
0.382252584535039
0.498531571387312
1
0.354148675036506
0
0.735118681768784
0.0766073145439223
0.557306198038729
0.275460151401636
0.362612327367398
0.0318272265067072
0.0538513046950216
0
0.73739939535183
0.414467736380678
0.737651896427462
0.0376053230953997
0.213004425602379
0.509059580310356
1.67094034679659e-05
0.0276457441331103
0.79870007334633
0
0.557485517702536
0.358167399174161
0.613735475257956
0.11863898586427
6.78687283277454e-08
4.14247049468095e-07
0.759982739784888
0.0984034733533955
0.849283550596344
0
0.553279114938215
0.297234159668103
0.617434994850999
0.699217683457056
0.999999996984512
0.262324699442693
0.991734998471083
0.0859664399172178
0.96098058478347
0.671498677492729
0.86688956577747
0.639547351351543
0.795352419721646
0.346884310397356
0.936375848550731
0.155900857030384
0.971051105791547
0.183817094001604
0.959600122011366
0.705166131505214
0.574281026134358
0.0172875425306349
0.194185728604692
0.46168175488094
0.392847104565925
0.0599620762839378
0.411129224307305
0
0.432939107673171
0.833893920127876
0.846119328789544
0.514360282227073
0.846617025299398
0.127934235829681
0.802600362097061
0
0.600030077252209
0.438578941635091
0.347445606013016
0.23078920111826
0.331161557334821
0.305129266515077
0.167892665759247
0.298358535331503
0.356010652320957
0.179293847027009
0.00126913839883744
0.111225267531727
0.0104435416376635
0.288058210917452
0.375682528769954
0.605951789564172
1
0.713856175754544
0.909632126092082
0.493388281205969
0.892702553405919
0.395004066672078
0.31158682598377
0.999999995132473
1
0.283820136692697
0.734825502240571
0.4292612873475
0.999999997117493
0.999999881017697
0.744967140339996
0.999886298664723
0.161905127169455
8.11575609002962e-07
0.99999935310882
0.516067473310301
1
1
0.707832168143265
0.824232267245229
0.423842263673265
0.781241533845768
0.579186154534735
0.543184710988883
0.999999992336559
0.762776979216737
0.743449135208566
0.438803815826307
0.276085984964792
0.316176116502978
0.551339407326681
0.80311755692146
0.663095264458238
0.999999893547389
0
0.426429409015013
0.973873704768755
0.269093489024425
0.510211728908128
0.753510621405065
0.852842815648434
0.307088223202162
0.77165524413218
0.346641524448413
0.925707483376777
0.964595042408807
0.960149628791941
0.146257187638357
0.720258168768003
0.225418028106949
0.546458890406454
0.438135887272005
1
0.259578645843281
0.153886121033973
0.494033804125021
0.218583710133162
0.707052655994045
0.0882798253955289
0.811901836317039
0.536980712914581
0.132480717395747
0.000247200510298857
0.999932889268865
0
0.869228767736135
0.276047287952752
0.620052606757114
0.385265178397336
0.348793025810824
2.07362464516665e-08
0.213125655571244
0
0.65323140801178
0.00925803660911856
0.464549877961197
0.3288564834046
0.235973702794673
0.561966279843825
0.290503991388811
0.661426288890368
0.437705574806678
0.26561227239223
0.356191704395616
0.602644817013036
0.310258136358956
0.0323239708088183
0.501684887985749
0.949239913412524
0.0715620554156945
0.946177530021864
0.335193654813621
0.0939277222253767
0.876369690727141
0.481338455924618
0.460173410172614
0.602436232494808
0.774517469586185
0.965938556871178
0.967182019568818
0.924748301536795
0.523457121913527
0.0678436112407633
0.627302806864921
0.657986023510755
0.393413269666049
0.40689175279654
0.977703195978049
0.50991124250381
0.745324228622597
0.214778182270061
0.292427827664471
0.999999977121455
0.667886419652984
0.517277014362179
0.929188550961019
0.254156403515366
0
0.00127213438647118
0.0333021850467577
0.493142794281244
0.730376090566559
0.700795379152511
0.774276107178308
0.50449372513046
0.3187180259154
0.517178098854931
0.874297060915194
0.0675580246988379
0.974379750752638
0.358196644330704
0.999999997306991
0.310265668085699
0.744107366477825
0.246956211756407
0.99694633922209
0.541977581166153
0.999999398045892
0.455139008612918
0.725452470877339
0.973868350193165
0.421648429527224
0.0841749147355744
0.999999999738902
0.835606117948033
0.95574652379343
0.472652025004744
0.625605913978398
0.257712370201928
0.999998820555439
0.344436213179496
0.999999996099545
0.779969412372473
0.151706285831606
0.874404193246509
0.0570151223695543
0.131839017039125
0.423709692402709
0.264432851542476
0.999999927662867
0.905675873343741
0.695440379383871
0.779753377725781
0.13758320957768
0.569820346772395
0.848945104537313
0.270986005816138
0.807305480050881
0.0844555857049764
0.640627645956483
0.105384574470095
0.727943201610132
0.53277753519357
0.793888375849853
0
0.561718029168401
0
0.514901209877846
0.387183080758717
0.765799364224916
0.736787659438191
0.716453899146523
0
0.4943183756767
0
0.366384724839159
0.0355193398935713
0.206420830705094
0.149371188368465
2.43308570592477e-09
2.33314630830055e-10
0.735020043291336
0.143724987638906
0.901795698687423
0.331718448448758
0.43870144403138
0.494318538598473
8.51871465204415e-08
0.0488337019245277
0.395642983554978
0.611727301323451
0.83831015435369
0.585808916336237
0.962271690661468
0.492617842651856
0.269229303819732
0.206848051371462
0.553030406817767
0.950475867878349
0.279613939130243
0.99994769481594
0.988397572310044
0.821284269007968
0.853707511832351
0.456268860624815
0.107039901318343
0.999999986195852
0.483463877016581
0.939957989189512
0.667557298070786
0.0412263470648528
0.582891340501872
0.802872747574694
0.46156705675867
1
0.763803709407123
0.936631493610179
0
0
4.82173591696723e-10
0.310558759004938
0.413939206060433
1
0.656294557283417
0.999999979549018
0
4.30552900094821e-05
0.491880325770365
0.0280060818432318
0.855143186784046
0.751727222614489
0.610056892733517
0.000944827045747249
0.385227208856519
9.27337731195791e-06
0.355587067722251
0.918110290555637
0.379399022084803
0.466557550240534
0.481294719400823
0.894187802574852
0.133438425898256
0.737843589493189
0.141107468215466
0.749611915168606
0.992389648020662
0.867736989895236
0.594050889538105
0.668600876475043
0.673170448718196
0.785901901375649
0.989065803897361
0.405214801640373
0.999999999573816
0.741880819884427
0.999999986230669
0.316675609035302
0.83064952035105
0.993130396611162
1
0.913239390969876
0.673198909643429
0
0.48384856991621
0.496863063231478
0.756919671075749
1
0.911181857317696
0.266253748722291
0.539999923268136
0.216230714634893
0.721980553878538
0.25003031552227
0.905356802471909
0.511588402904754
0.878229766377241
0.0271897319339687
0.80543948995587
0.767978161059
0.813334982671981
0.304135272164536
0.758415187740564
0.530453594420081
1.33733662780232e-08
0
0
0
0.605488857211486
0.868965354789753
0.880782875360482
0.407147066717419
0.240923243044764
0
0.384553436976397
0.750178349683027
0.142176989782992
0.999999951442827
0.948815842034017
0.608377450784437
0.39465958297792
7.55518522511272e-11
0.621398515567088
0.795866178017652
0.517312813747568
0.270600932750377
0.566602814567694
0.303308201437128
0.688053749885467
0.423312644186595
0.187669731429282
0.486182858167367
0.999999966315223
0.929155792667772
0.156572963421195
8.30609502345075e-07
0.952859569798774
0.391539702761417
0.357219765162345
0.688990245101648
0.422019195437007
0.633017153478029
0.158281122373644
0.000553328177226288
0.706736783692163
0.337935026711424
0.56360811614471
0.999995087944216
0.616876006773689
0.107560156752029
0.0532543636821066
0.119948113389985
0.36679365738464
0.357349186889526
0.946710150860984
0.498993577827154
0.155171204565329
0.924836521112856
0
0.155942634286048
0.125562347565035
0.892553915807251
0.734916207058004
0.472773708763555
0.391758701366467
0.357779758430659
0
0.303619442395689
0.669600171421428
0.890434036491407
0.215195604337971
0.54373142690782
0.893779325536638
0.306824962227105
0
0.859231845218389
1
0.495604423734233
0.380408824766097
0.178527204593243
0.652265899191657
0.908776939287919
0.883535681826856
1
1
0.610316132723503
0
0.651234482900188
4.47765917787922e-05
0.497649878964703
0.0785907756454931
0.640702358888112
0.826040107119411
0.0120933336511166
0.525249720861236
0.156607486294787
6.57494635107864e-05
0.510317378271479
0.382457396898396
0.0719261625003574
0.156780735558327
0.709157151036224
0.167290186250821
0.390193509982799
0.722264382173208
0.448313513227126
0.000465305190361935
0.919264888204312
5.52062124990098e-10
0.0489219483507091
0.34686745439739
0.604858361183732
0.177813386066759
0.999999918765443
0.393193197733664
0.466192599877222
0.437624072444206
0.309861753056832
0.49746699087197
0.480297526643027
0.769665099089835
0.848568081745725
0.876839882678099
0.240403182864897
0.777781276798497
0.078391701328851
4.35327052757273e-08
0.632313498459601
0.611280689135585
0.999999977098944
0.715326450593624
0.434482523181953
0.696235284216993
0.373877189392332
0.445372589920266
0.480707178811206
0.903572972779351
0.999989144444358
0.670238015918439
0.149106307288979
0.703822943698244
0.420715562395336
0.607322262397112
0.999999147778315
0.283422710651122
0.454895193511101
0.315517213443285
1.4519781035442e-09
0.785922009363642
0.193440898849936
0.349757115705887
0.909520882655939
0.9970820187689
0.6005127669712
0
0
1.71648488944392e-08
0.676800002873478
0.999717153208595
0.163561781528097
0.425121862922956
0.564518616157144
0.494096230492762
0.074152029635799
0.680407841658436
0.872721374884197
0.999973068173766
0.178847329897621
0.866231967588823
0.986249318029242
0.914128765708925
0.188724321603738
0.85165621989244
0.824654916241698
0.873886252158399
0.63641403245982
0.182500225331101
0.628126632259852
0.316654750157125
0.904001562981583
0.999991726278101
0.254704499058874
0
0.821415324258996
0.276149153824252
0.130524369748182
0.395751103508193
0.999999800153085
0.872020900267002
0.903720425359698
0
0.270277587651663
0.166548762393214
0.742099888717072
0.422525504290767
0.376170136181637
0.276276412310819
0.00424567817098492
6.10427210119224e-10
0.219214924489928
0.607833518761874
0.630862750900312
0.058002834637083
0.549206938144622
0.399475239836218
0.445052801402053
0.340380301760074
0.355792878202346
0.297872641563891
0.573838153070902
0.538720715554325
0.208580601904152
0.267289403917588
0.0517294745706735
0.564867973605277
1.63284039318047e-09
0.333835013298111
0.276181505093858
0.830921321690907
0.406838353421234
0
0.548104965088722
0.40721350882504
0.183594712494869
0.697417901455197
0.999999965620812
0.191265065530327
0.606998913955017
0.000741728234251088
0
0.818799281166289
0.221871161723586
0.227409919742126
0.374218630643075
0.274660192104622
0.669140726193628
0.553565581638131
0
0.0968846726898766
0.249215562170967
0.682593497180372
0.844501932851295
0.622382227055414
8.37384295872264e-07
0.999999996454369
0
0.207655612884984
0.997364331516986
0.832870386712188
0.866368891177831
0.495839400101977
0.0186106853070327
0.730222387405743
1.17792198518594e-06
1
0.869205368279007
0.331458176313227
0.185825583053178
0.991346850622721
0.0566672708726666
0.18502139822583
0.767766950420938
1
0.723790535316964
0.99999637805528
0.948319324472585
0.323360190922005
0.00869817019840566
0.463503646164871
0.907367373537146
1
0.167596046174867
0.996211145128691
0.436270088315127
0.999999626147895
0.111778353203094
0.985758177372765
0.999999894421673
1
0.111376951845272
0.45817131349414
0.589805079578086
0.527496208066099
0.658207787482089
0.737160100263492
0.999924033902587
0.378117408763767
0.436476564020705
0.685162735961599
0.950406497748454
0.931355907458886
0.999999994207573
0.94745973389971
0.995818889433015
0
0.826323659817637
0.52955173685978
0.484935502262062
0.0308121691804396
0.999999970727168
0.526409665160376
0.999995403806927
0
0.378626738718231
0.883659389461399
0.788772897444094
0.708953950365704
0.999936539110382
0
0.742405776258833
0.834239557446713
0.337628623254909
0.148315396695713
0.737003826548547
0.410972484470148
0.883738007022801
0
0.153671755171453
0.358134752943226
0
0
0.489265427020039
0.640453332820289
0.165450651288472
0
0.193735742951438
0.284273371240565
0.807845954357032
0.664782873302728
0.446687968207292
0.338790546944142
0.303444070872064
0
0.0508917175957794
0.30346709656129
0.00630858197525751
0.651438503316345
0.998564261717967
0.0877883126540395
0.82711113945723
0
0
0.249842851583359
0.261266837661497
0.856246986735846
0.688375956571651
0.90105652827638
0.156495173737314
0
0.602855061459724
0.811782926271065
0.874229681468944
0.348364623382548
0.517536531807191
0.915883568991078
0.450674353925791
0.562002140324323
0.377012795501517
0.75973465336785
0.524111092912623
0.938192228148583
0.401800404775202
0.543574445720796
0.23349613017472
0.999999314769584
0.7480621355844
0.674873180006745
0.840752565017644
0.250939116654896
0.242893604692135
0.59385117599025
0.257946887542437
1
0.149506248711404
0.506361279006576
0.478937131353704
0.447014020259682
0.977991648455125
0.420439225001189
0.459097169387323
1
0.158184984265616
0.325997153846844
0.262198018305334
0.43048326687757
0.999999580672302
0.9999998350687
0.778584475671932
0.999821143551501
0
0.652183445277327
0.396668410148691
0.85293907300978
0.999999752531608
0.388587413426601
0.99999999408437
0.999726094715629
0.00032550378599344
0.143520178248341
0.0685341209575767
0.334981149517312
0.384689171029627
0.164493163145578
0.999999996134186
0.999999944089718
0.958494163850481
0.749131577753809
0.10149504942683
0.576659100983354
0.337287204905206
1.61553400543501e-08
0.999999455373912
0.303089564263313
0.155858309325106
0.614090594506957
0.87078736918618
0.357470999771657
0.460878161051556
1.05894767614281e-08
0.269982193007925
0.817005250617945
0
0.514328893048581
0.125050535502475
0.403031131408974
0.450158223665839
6.25464458550814e-09
0.34527286925445
0.517118574574606
0.222859462978599
0.480316935570813
0.000365716361475011
0.956694314156788
0.426110465384398
6.32138074428554e-10
0.905632691762929
0.0412398533002129
0.997469360811059
0.457605533996254
0.000334849559212235
0.766266863566102
0.372115332467277
0.292419596081338
0.166762988237863
0.323369087583039
1
0.0801320266307553
0.496515321516021
0.533379313817628
0.0778441702023588
0.754919595296257
0.354319390313079
0.824651229199384
1
0.404769674923589
0.184249175018871
0.280850131503788
0.208568736596328
0.225564182271787
0.101982705109999
0.999436194363918
0.0231819527974555
0.933822288577875
0.783856999706529
0.238445468470669
2.73921440307802e-09
0.354709429983001
0
0.97336097090032
0
6.32359287074763e-07
0.398164176214475
0.999804350743315
1.02703673916479e-06
0.253917339811617
0
0.0156825935671302
0
7.6424715518868e-09
0.159571490793455
0.95919423774583
0.546625625418498
0.724238838825986
0
0.506396734261472
0.308296096953966
0.973774364031425
0.557540572065648
0
0.999999994426749
1
0
0.365728329642863
0.902155411131977
0.995513860848338
0.999994788328751
0.361591146729344
1
1
0.673529183519535
0.999999937012878
0.60678648722694
0.935769039550148
0.999996144122703
0.837063754228971
1
1
1
0.771154757163469
0
0
0.864807508352734
0.888980741936042
1
1
1
1
0
0
0.363043442043424
0.560351939525351
0.999999563204514
1
1
0.637790592105909
0.354318238524892
0.999999908387094
0.786885728462636
0.910110635701313
0.999988140055642
0.138442202402243
1
0.00145496862004027
1
0.795548320977589
0.998019220943391
0.462278781346585
1.49955857182817e-05
0.0512160506535213
1
0.930630473033512
0.999999996226878
0.651356243586142
0.611815363292683
0.314534838044183
0
0.0213906542024592
0.358339347778898
0.826785488702942
0.877978986166077
0.77053758537871
0
0.42944367356039
0.183710262938677
0.931306373436901
4.00788478327405e-05
0.697795389769156
0.497793112649123
0.000108451845402852
0
0.00890033646094112
0
0
0.0755074510984753
0.516548744541329
0.160003606255614
0.0162833218172448
0
0.641467800980392
0.414474292681171
0
0.803675856514848
0.143036969551517
0.000390236767680399
0.411104406229098
0.599761552320248
0.355998372810862
0.00729803766669719
0
0.937957048863528
0.543929576872199
0.954994678496615
0.767006529730493
1
0.425085513049205
0.00278478641493891
2.19157791603342e-06
0.500358277537283
0.909624190554095
0.860187794800764
0.966757050834242
1
0.663749924391241
0.547804605579836
0.722520715245087
0.388789013196945
0.656957809870778
3.67153187913638e-07
0.223903261479411
0.859522546329766
0.575364386446954
0.283109046061525
0.868486335608801
0
0.122904885780555
0.602924341398101
0.909423680535924
0.351669996970361
0.439356236385225
1
1
0
0
0.235712943025205
0.660984539018932
0.0989170001631716
1
1
1
0
2.10279895564634e-06
0.280742895510864
0.267033292005944
0.970829462201811
1
1
1
0.317888739975239
0.390571064486435
0.208238960329369
0.0299413343298837
0.975370208415021
1
1
1
1
0.999831954295279
0.680158873098824
0.322333929108578
0.999884238677818
1
0.999999529961217
1
0.945521219440477
0.985811996794438
0.960750726099461
0.715286928727191
0.999999568311961
0.999999994930957
0
0.554472684748341
0.922002433535327
0.321976542418765
0.552338203984329
0.588264370149801
0.788910581983306
0.632711500264626
0
0.254525605615523
0.140030723910054
0
0.718673697320992
0.999993379711655
0.148074783758057
0.158596263319517
0
0.485402702974988
0.546657665986597
0
0.101789591515917
0.228116854677125
0.049629253961408
0.151707126995701
0
0.191464823873916
1
6.71787140902461e-10
0.261656338637033
0.58254414692242
0.383869182752714
0.248455836750404
0
0.997755457369167
1
4.290888567887e-09
0.116226750988874
0.17438748014869
0.973209252243529
0.417309469712666
0
0.425429473694148
0.649673341133641
0.61893929354158
0.893507355279163
0.356709643367763
0.22526891830996
0.504722301585719
0.513124545601957
5.00669085587562e-09
0.773653170475334
0.010728531561622
0.240664671731034
0.999942771165631
0
0.808414307458706
0.58873777748475
5.07475832187793e-10
4.77711908335407e-09
0.602991946429642
0
0.666110371482419
0
0
0.542585413209939
0
2.70161804737882e-08
0.128253908181144
0
0.350522069055123
0.45453243054652
1.64670849840592e-09
0.0333348758188568
0
0.0841327161360332
0.0433314148711513
0
0.364128107577225
1
0.396033177391639
1
0
0.921249878593489
0.22246865063651
0.0899122278045821
0.433694718651387
1
1
1
0
0.993134163310107
0.515033134261262
1
0.471654022794853
1
0.999999983748815
1
0.845530371590551
0.999868383404676
0
1
0.834110743467311
1
0.800369671205193
1
1
0.999997190736831
0
1
0.726557867077378
1
0.998658481384429
1
1
0.528454720281141
0.408675833275399
0.0981412686722364
0.667442200833625
0.707313120622247
1
1
1
1
0.686712389124968
0.996904172482189
0.98728115254472
0.919014087134015
0.81800508037976
0.99999999772499
1
0.366523297675232
0.982022654487855
1
0.999999997896664
0.526987491736976
0.527041067395057
0.135847285076405
0.141893122732066
0.56681900927511
0.179598327887927
0.999999999451252
0.13095267681168
0.811206856803795
0
0.491423008573929
0.0603156534241869
0.950558258497439
0
8.79687662450603e-05
0.666473798556518
0.889311493600782
0
5.7079408699285e-09
0.117061099604903
0.222578151970199
0
0
0
1.30540803245863e-09
1.61702869385617e-09
0.814735479717693
0.963339757845164
0.770664792329702
6.46452037346193e-05
0
0
5.19146620407959e-09
0.318348603362807
0.578614767207821
0.279051811817628
0.723775224536643
0.00134623661026539
0.782854509097171
0.274221055627379
7.3585285667886e-09
0.342859692136034
0.033899656803636
7.61226652602894e-10
0.39752997858148
0.978121233081457
1
1
0.816784736847534
0.188972692656333
0.0612920714461674
2.87608950900571e-09
0.54774924805935
0.570504660971005
0.121470585681432
1
0.52788955453181
0.606658343968885
0.215867226884282
1.69187417640896e-06
7.3383242542133e-09
0.379409730551235
0.0622106673779965
1
0.896063002662662
0.393287315695537
0.751457236694211
0.228161456844217
7.76688468889569e-10
0
0
0.849938633782806
0.702834601680132
0.552341530745616
0.520198504603673
0.10253931958703
0
0
0
3.01476945658205e-09
5.09485414509467e-09
1
0.718970293619153
0.288405270193259
0.661068446021709
0
0
4.30931237600216e-09
3.86967236706371e-09
1
0.999999982533847
0.689169176477117
1
0.000413014748249107
0
0.396326271928081
0.449486212234264
0.99999984230775
0.985526022271392
0.289674352521446
1
0.581674752329398
3.63520152988724e-09
1
0.999999714463256
0.0712166147863606
0.893640721511865
0.88692559745325
1
0.999999996392741
0.558376180518405
1
1
1.3882944160468e-09
0.993812980576562
1
1
0.999999929355392
1
1
1
0.015580711221998
0.999643473264206
0.999975102592122
1
0.999999916115798
1
1
1
0.974453659451974
0.85854320178108
0.560019754561877
0.0832837409807037
1
1
0.460077112686
0.256607090111071
0.59060239151342
0.267471261122284
0.110842882133726
0
1
1
0.677311864075871
6.55337977864167e-06
0.999998168664342
0.111387625678498
0.845957180418719
3.88816086882012e-09
0.563435211446898
1
0.666000329644031
0.0272802289005512
0.585104783470178
0.946067780005632
0.486429231109143
0.373545877503274
0.427894822053741
1
0.222182918547831
0.350842376087289
0.301630245328936
0.0130007056486282
0.0669950549512303
0.811585950572683
0.0593158147407448
0.323313817224423
0.595463950093131
1
0.993518555924632
7.65136956785344e-09
0.358010328548053
0.903989372280292
0.0820050713292136
0.284376257734977
0.752761005184201
0.990851577614129
0.508960079948832
3.16264304522638e-09
0.00175241942282103
0.284381404293286
0.0977020649398604
0.455160452793932
0.905011037747061
0.401885533987327
1
0.273687768706826
0
2.42491155955563e-09
0.447861483860835
0.608221328653512
1
0.159773219355408
0.999849511366195
0.999999558150971
0
2.99408544475647e-07
0.00589442308729355
0.791909357690944
1
0.993290206979721
0.831947459148691
0.999999807999209
0.562909275297772
2.10722645748115e-09
0.123962322824513
0.488050528457124
1
0.630721678898065
0.689857226901794
0.999999830172085
0.615829004779101
7.75981557867577e-09
0.0696828006259407
0.365362069824295
1
0.801473935121628
0.591237566665406
0.999999554788824
0.0315129131888165
1
0.0478900513565295
0.495781138155378
0.45546477860262
0.728062423728517
1.24927673283197e-09
0.99999016020862
2.22313180226482e-05
1
0.331378302263783
0.170051948497648
0.735288908795202
1
0.101955409370044
0.731473661962202
0
1
0.560366283690949
0.120043118646199
0.574104660899177
1
0.000433287992781738
0.744143346612515
1.61225212162493e-07
1
0.494085350553724
0.0241667786709997
0.00652898057907058
1
0.253993889760097
0.952217344612644
0.84271662286791
1
0.296739054942157
0.467315555016695
3.54092624646504e-05
0.0838076615652278
0.354008159634517
4.74767673653473e-09
0.792965893340686
0.699200820372176
0.600016644783072
0.356656075591561
0
0.356570712239397
0.738826029853548
2.39084117800749e-07
0.0118723355031996
0.371316222858963
0.989281163988684
0.721154783052446
0
0.35628552609636
0.889374157364003
0.000131314029445242
0.217378317596184
0.775002225517046
0.506467451486698
0.694047686998935
0.000154969489618279
0.360668184071067
1
0.488491528337785
0.385160424852905
0.713034675893354
0.424819860349167
0.96095757394709
5.04355528030325e-09
0.623239815331649
1
0.750192089431937
0.772626559024809
0.816308244510191
0.745322255854155
1
0.24599413614387
0.999999583004796
0.894329093096627
0.915772373101553
0.022616664360215
0.568387951883774
0.999996222557403
1
0.450241672463031
0.187744989545348
0.31470880716539
0.807794827642229
0.15613851392884
0.520331452739201
0.836875301773965
1
0.566268881306231
0.0787739053741958
0.293515465703558
0.372297252481933
3.1638845097996e-09
4.29059071943523e-09
0.936112931516728
1
0.267435427171085
0.100564949257836
2.65988584194634e-09
0.000435639967655068
1.99866674403129e-09
5.90519081811421e-05
0.0968782417059206
0.766983284203952
0.999972056721882
0.0283635357659686
2.25722008664105e-09
0.163477339916167
1.39153483004784e-09
0.0152178247658102
0.00100947419719912
1.04917935093783e-08
0.896163761065517
0.600299794185883
1.67707836995269e-09
0.282896941133924
0.513430547951269
0.117175072576464
0.265870412050296
2.66957372126104e-09
0.924960883154717
0.416316867187956
1.05699573169632e-09
0.540852463273665
0.406932888755097
0.173542803560548
0.533626641413275
6.68049461586526e-10
0.99664073175772
0.806580859540111
0.000908220122625312
0.595911878540766
0.65714035898417
0.606348782229411
0.915583053855683
0.0519155134102395
0.681078395367024
0.413268201076483
0.568211136351061
0.615189580041784
0.375918453487801
0.619741134867127
0.722735157735004
0.266140821376695
0.873611536295219
0.836189661745779
0.721460468869698
0.629179329926446
0.0275500439468815
0.3599625724995
0.0070273987995757
0.579243096465744
0.337476189309847
0.746822987984178
0.875948220775448
0.111501845474937
0.302123031303221
0.0757080404449181
0
0.303811427058869
0.140797292264297
0.999890968366369
0.79916669638126
0.389383880824118
0.181764189670075
0.800233546065858
8.31981701614371e-05
0.22069843149065
0.0856035706704864
0.822278661104663
0.328251705249784
0.419498228203287
0.0402162824512783
1
4.26391416015543e-05
0.265366995368938
0.188270322713299
0.697198638505561
0.808284940469276
1
0.218773343484719
1
4.40260545711877e-07
0.693382696964141
0.230863498854105
0.181149526884874
0.696340552905826
1
0.155516645178462
1
1
0.999999432811531
0.945002166456285
0.858708375578202
0.32372908264892
1
0.00573617197581995
0.999992968221267
1
0.999999956240561
0.517976422932316
0.288888986002058
0.0705356199706931
0.527171238620131
0.117745527985734
0.824097972794073
1
0.962084594739474
0.0737098732994371
0.549345063674063
0.0918992350404835
4.59931119388886e-09
0.410567092892871
0.00354080805324623
1
0.313536170394462
0.295785670396639
3.85589324365047e-09
0.138976184252907
0.397023024132041
0.420003780802454
5.57687500967364e-09
0.904371939781715
0.20321527854162
0.990408767952197
3.6662074652506e-09
0.0146361752545065
0.052445915656325
0.618254508880432
4.09533500616524e-09
0.67842556616277
0.755644290783833
1
0.51867056487091
2.30321763619199e-09
0.808967354160667
0.673090824391161
0.0708073413661958
0.895715612519131
1
1
1
0.162639273626887
0.999995095660643
0.323260369727054
0.43144631766855
0.555173807306746
1
1
1
0.898413976949747
0.811810821880935
2.81876344849317e-07
0.223304766857252
0.23793940196783
0.697417322596309
1
1
1
0.000188258052192523
0.399650640445138
0.40061432230484
0.119816237660333
0.291737716374518
1
1
0.196079007822425
0.325892496306238
0.842099010311498
0.08684891382484
0.0269763157534466
0.216000063456554
0.757002047317054
1
0.216476177768767
0.480626458563922
0.304289635348312
2.95839273384624e-09
0.315837588399281
0.999999447250348
0.799372410177974
1
0.293999660639077
0.45594459425142
0.046269928017812
5.67380032548095e-09
0.537699765237161
0.999999847524154
0.770936278381083
1
0.508154636012141
0.682309019341557
6.12191151665003e-06
1.1293744579273e-07
0.302298880306014
0.364549833134175
0.929223888247976
1
1
0.578645644471605
0.146923480141279
0.000625196327265936
0.220598206484797
0
0.213731224993482
0.549134204241365
0.999999992050992
0.503612075678875
0.506106296183621
0.74856032907266
0.184368253485841
0
0
0.0443518096154071
0.970002666842056
0.293692345464495
0.283881451240159
0.855980713630929
0.347828850444053
0
0.505417900080749
0.0962676722703524
0.074491030980067
0.217858827513763
0.73696584070719
0.77747069701972
0.742499419789567
0.321025239820145
2.29200423160214e-09
0.238858342639754
0.627210615018781
0.171554331034535
0.808805869093366
0.284495166031661
0.431349513908314
0.72872375802391
0.421359474674748
0.511726038613641
0.272023700458905
1
0.231300426742154
0.0002710429496441
0.0111640244375962
0.972699120373374
3.24637831749051e-09
0.629505346482068
1.43373726725885e-05
0.786007821889047
0.262616401067396
3.66875427617376e-05
4.10297154692574e-05
0.705172974615259
6.60445263582887e-05
0.571169506089782
0.327218025798187
0.895961350598083
3.5702099405946e-09
0.484152331875963
6.16100289627546e-05
0.780436061555445
5.33350600132073e-09
0.142748368705244
0.117643918472605
0.475792962158089
0.0234084391057269
0.854294442351707
0.370016118079511
0.860289744853033
0.00646812839236577
0.363691912903243
0.68345199575491
0.688460257657287
0.0603020224508947
0.540476472881924
0.999999981495156
0.955457429727357
1
0.735412611499092
0.294564644648706
0.24069304092041
0.100545596371491
9.1915604984842e-10
1
1
0.596510272005519
0.370632615488612
0.255034511514934
0.690124641969572
0.0111778349796973
0
0.999996310939965
1
0.54288371533166
0.134158656978489
0.0833273576591409
0.110440376573812
0.0628825626628021
0
0.801966642386811
1
0.262283960514545
0.417173600109337
0.279444718874612
0.176435534121027
0.275640125356226
0
3.18104392116629e-05
1
1
1
0.465578491027664
0.58815350259241
0.403506129528623
0.760704004314116
0
0.274815848619596
1
1
0.948293647129449
0.731657532049779
0.675966031611957
1
0
0
0.566606305970614
1
1
0.587894940579117
0.51657030630404
1
0
0
0.55472846789057
1
0.871977150994406
0.752801666453508
0.171829752294274
1
4.89466110266916e-10
0
0.342170637107524
1
0.961848207951411
0.0400956076597864
0.334778586606175
1
4.3944775583733e-08
0
0.471785377330292
1
0.42108330673388
0.81297954057245
0.893169006477951
0.73175236410529
0
5.48739650412326e-06
0.70631601984037
0.413151606378678
0.147794054864437
1
0.987079222262875
0.625342242122132
0
0.458725950885605
0.384222528911598
0.206664165120103
0.111436549740116
1
0.987315027907866
0.458534739363511
0.844581667202055
0.653154003826782
0.0778131623400546
0.224345764066768
0.452619269168519
1
0.0904513812396719
0.883898335272763
1
1
0.427735545377296
0.733654749350414
0.932905802734746
1
0.0487505404009828
1
1
1
0.680008815693116
0.872485816370199
0.709227920038174
0.959834880553116
0.351895131541083
0.573406276050811
1
1
0.0289707448596554
0.628378172035416
0.127894809315144
0.550209362365371
0.664476477495079
0.0189269419333483
1
1
0.243799811888426
1.23797388917659e-06
1.93070355906771e-09
0.890181246924087
0.808011618891957
1.57458034451269e-09
1
1
1.97969262891854e-08
0.000121997325446983
0.000204964356151713
0.338478133602536
0.774128757802148
1.02024647642647e-09
0.430270269099087
1
1
0.000344825659081309
0.297982374365638
0.256440280340969
0.620682343631544
0.0813586783114186
0.699073672673956
1
1
0.473584028848681
1
0.297734486867026
0.632863314422692
0.218117849351527
3.93823548975594e-05
1
1
0.999999596890087
1
0.0562842293649339
0.180029316190316
0.794332513735739
0
0.509660049869175
1
0.999999863760068
0.0846496065630135
0.503608545074524
0.963303604260986
0.213167498423654
4.29247863517827e-07
0.490116468334835
1
0.859588323548043
0
0.608017452849895
0.998470935974346
0.185553079847166
0.54633769879225
0.000240722538447934
0.861785160207273
0.19381738669175
0
0.978390983927795
0.837902541493106
3.67068479070129e-09
0.92568339958565
0.209950360037983
0.855908220067684
1.20690295472684e-09
0.270284027147879
0.459239231781005
0.853999334170252
0.169935302219753
0.699870396686075
0.527883959243473
0.616862519360122
0.684457949199464
0.684298094659685
0.132409732758247
0.753786976837217
0.0225596536570882
6.31071142963285e-08
0.505774870596594
0.710001157287412
1
1
0.367950419936993
0.116782868734882
0.0180521188726549
1.62359772709485e-09
1.49719109134177e-09
0.681975579372757
1
0.510690250463805
2.93979273632887e-05
0.423352120236089
0.16918175695072
0
8.68766530034168e-05
3.46109141109227e-07
0.559026495990211
0.0296592071913911
0.159697826363034
1
0.72584368547946
0.126326328924867
0
1.86527818583546e-06
0.515073597742421
3.00365866176317e-05
0.0111142383227098
1
1
0.880576949260322
0
7.27783585841124e-05
0.0460546073716024
8.60735365733007e-05
0.520921438258334
1
0.567209753889305
1
0
0.0891528868218567
0.0353782500387818
0.000352553523192154
0.523530003465059
0.285991439237048
0.61131010865958
0.723571723327206
0.526531241062422
0.238114503664077
5.72127402402528e-09
3.01243165489135e-08
0.488150026364838
0.62153925596358
1.60430160866606e-09
0.000285077417674198
0.928195922078791
0.0710677177534279
3.49292768044361e-05
1.70333715968677e-09
0.0809481060758268
4.21614249410599e-08
1.01533401753482e-06
7.26560602009821e-06
0.999999220162639
0.368184794438308
0.0194738325370733
1.65365744835527e-07
0.871022813848177
0.1846919744025
0.42862537617096
0
0.692369002014923
1.56675119636492e-05
0.00122491057633971
0.00500053480956043
0.293980069440832
9.14354089888685e-08
1
0.381371143068543
1
2.53499419669843e-05
0.255241566326492
3.93715160340351e-09
0.971770697211545
0.0749349996947625
1
0.537002920677742
0.846238762289161
0.129928035046947
0.408062080811372
0
0.785895370065895
0.724522519274365
1
1
0.924272027043588
1
0.953400513125635
0
0.868258719160598
0.631378236337435
0.541458735773516
1
1
1
1
0
0.934386590838041
0.81654475270072
0.254355714901139
0.616654061718492
0.999999262746405
1
1
0
0.303871035260822
0.63519723844773
0
0.5977725068868
0.820544370318248
1
0.542622883823535
0.189930107664798
0.518530059661724
0.609813583545068
0
0.0893801089686828
0.487839858202369
1
0.234656345221937
0.623278628070086
0.463353525732572
0.17042787952834
0
0.0483209076340775
0.0229100262009297
0.0639791092074858
0.522333144280061
0.562164571042819
1
0.140714548532987
2.14367809482466e-06
0.299086315064896
0.906400667766114
0.585307725442805
0.544854242781036
0.129815920490064
0.747312121998539
0.221745776746389
0.0181236740779682
1
1
0.999999932042237
0.586020601565347
0.769749888338806
0.590974564177985
0.2196304542445
0.360016248945607
1
0.705941539306856
0.999999918978026
0.767631007368779
0.300322068732951
2.90446183450589e-09
0.861630233074974
0.433996356775194
0.475608209741606
0.79134878489874
0.619017672178802
0.665813512360655
0.544641177396486
0.200155350030336
1
0.736220661733763
0.0221019007212963
0.0218309779954419
0.701991189534602
0.637614566720604
0.712456562134015
0.000156303629396985
1
0.639835481455963
0
0.141681050500101
0.627940758671539
0.500601663446214
0.818392236632615
0.655126222895894
1
0.459590816859683
0.0307236392580183
0.811480486742
0.417345646523006
0.0439502324028871
0.610322225698941
0.732320733571347
1
0.686710442658649
0.482135523297325
1
0
0.511516443181424
0.51114391943454
1
1
0.565138384940117
0.740688899462149
1
0.300874388746444
0.715385885894978
0.695475100314513
0.540662155860057
0.936171763501807
0.620631301354929
0.356020621299084
0.408759793567956
1
1
0.11074250815546
0.286331498630207
0
0
0.214614593231031
0.240394120376318
1
0.654737760149543
3.11494329892055e-05
0
0
0.127578316723195
0.105707535060499
0.418579564732723
1
0.214297751246311
2.02061943736592e-05
0
0
0.829317927271004
0.665569618786112
2.06491495786665e-05
0.999660440988813
0.0525949312616997
2.95286355417872e-09
0
0
1
1
0.114935751789132
0.556105847371256
0
0.00743111298526801
0.708372302678049
0
1
1
0.955300922687125
0.0349677940898816
0
0.186117543941094
1
1
0.190743768017401
1
1
1
0.297351427172897
0.989781861262926
1
0.999993987623916
0.330594165862
1
1
1
0.99590371856444
1
0.675873495788844
0.492237883833327
0.753321087079232
1
1
1
1
0.229262407770983
0
0
0.199181902845317
0.600760429578823
0.833366461114714
1
1
0.271843405470187
0
0
0.556963993997528
0.615545201068114
0.0494364630060652
0.908309226267498
0.0705904729618238
0.226538957635957
0
0
0.444209340177109
0
0
0.113535902776244
0.287355065481995
0.217213999525477
0
0
0.142453218379606
0
0
0
0.0362924936729561
1
0.848390452873781
0
0.11427538480456
0.305005947769977
0
0.623446983105071
0
1
1
0
1
0.591294704500964
0.828053187887381
0.720861617732684
0.41662246715781
0.648368385086711
0.999255666814804
0
1
0.936265863058064
0.65856830687558
1
0.797248501333498
0.964252246219758
0.215094593203356
0.536160065073378
1
0.60132417376382
1
1
1
0.721726072898071
0.230822906339097
0.272126543180143
1
0.18028170167499
0.600564187352465
1
0.822551136377948
0.242112759336115
0.374903323092977
0.00829712622626521
0.861523313811191
0.426200417754865
0
1
0.515686516014317
0.355254380264268
0.0450531783433467
0.189684827399987
0.485990993322518
0.655733616786058
0
0
0
0.443038679454817
0.678209259020722
0.651973006615028
0.85813126394792
1
0
0
0
0
0.403516276241908
0.349078826892682
0.588814031452802
1
1
0
0
0.329783620612481
0.752631018078314
0.615662826802268
0.33560925851105
1
1
0.126243374460371
0
0.0939459081522307
0.818028847597812
0.393165067410619
0
0.77841839446026
1
1
1
0
0.206565848218769
0.454844325401087
0
0.388483277676102
1
1
1
0.594868914216924
0.290773621765818
0.685380213000289
0.340749316258001
0
0.464657829006983
1
1
0
0.52963194720388
0.666459064846108
1
0.435600278535714
0
0.708404788399669
0.554195379953673
0
0.312864365959493
0.36864396680329
1
1
0
0.591650900638074
0.413470319314072
0.350912290707769
0.578074843680651
1
1
1
0
0.846502865602698
0.37696610007542
0.334518737309818
0.968304507848269
1
0.9982738230318
1
0.427732025231916
0.318019047854224
0.184921809413382
0.836213743619755
0.798491005166163
1
0
1
0.489294226603338
0.41927676210525
0.497148998518638
1
1
0.49354264993482
0
0.100672936597785
0.360604038112994
0.0647954096341805
0.238901535722577
1
0.00123013828570148
0
0
0
0.767165597244258
0
0.0118453283102948
0.539713323416674
0
0
0
0
0.510466687471497
0
0.521327061020296
0.206847578773083
0
0
0
0.0542476655680354
0.624564489020483
0.492366617420183
0
0.143704865867801
0.244627993027993
0
