0.00110772	0.000629336	0.00186374	0.00430794	0.00120859	0.00297335	0.00289955	0.00258634	
0.00113699	0.000641149	0.00188425	0.0043925	0.00122449	0.00304418	0.0029906	0.00264878	
0.00145301	0.000766764	0.00210054	0.00528709	0.00139098	0.00380853	0.00399043	0.00332009	
0.0101975	0.0039014	0.00683801	0.0251869	0.00523304	0.0267496	0.0368529	0.0224446	
0.00567935	0.0264068	0.00103599	0.0442049	0.00100593	0.0063377	0.0108064	0.0390106	
0.00830415	0.0179735	0.00441842	0.0175713	0.00679104	0.135251	0.228097	0.143314	
0.0113022	0.00954732	0.0951451	0.0848709	0.00905081	0.123415	0.258558	0.198338	
0.0132685	0.00670358	0.0151239	0.0062621	0.0472324	0.253898	0.36864	0.201444	
0.0425203	0.0174712	0.132235	0.0734992	0.13762	0.486474	0.483958	0.299521	
0.0544852	0.0166091	0.202696	0.082436	0.0821228	0.456613	0.601606	0.404246	
0.0897683	0.0339101	0.277662	0.112113	0.146001	0.526895	0.672996	0.398344	
0.129216	0.0599141	0.148772	0.0897589	0.0527851	0.357912	0.538274	0.405503	
0.155542	0.0641598	0.304723	0.120464	0.149004	0.549086	0.694426	0.435032	
0.00920735	0.00131775	0.057079	0.0301885	0.0104834	0.014864	0.023759	0.0107925	
0.0721506	0.0255746	0.169057	0.0514228	0.157799	0.341584	0.409507	0.254758	
0.192613	0.0865874	0.349169	0.141862	0.198085	0.561804	0.683886	0.408836	
0.226041	0.107791	0.372877	0.154197	0.175709	0.561847	0.702206	0.43552	
0.174437	0.181782	0.294123	0.191547	0.188242	0.447659	0.540507	0.408982	
0.301179	0.184927	0.391593	0.203515	0.209381	0.562047	0.689817	0.43596	
0.00318463	0.0103102	0.000116653	0.00447892	0.0225666	0.165041	0.0677075	0.0154396	
0.0302941	0.0189886	0.0574391	0.0227726	0.0167488	0.117034	0.29189	0.350783	
0.344472	0.222011	0.402217	0.187151	0.187041	0.566214	0.705229	0.468533	
0.359629	0.253878	0.419787	0.218488	0.223655	0.579173	0.70867	0.453347	
0.384092	0.280414	0.426567	0.224058	0.2178	0.578745	0.712137	0.464137	
0.371283	0.344435	0.416327	0.269577	0.306048	0.587164	0.709253	0.453053	
0.0449859	0.0674286	0.0292247	0.0791674	0.0239148	0.0164874	0.328734	0.495041	
0.374353	0.25098	0.392826	0.291042	0.248351	0.509555	0.670383	0.518141	
0.450897	0.454836	0.458653	0.303296	0.307726	0.593095	0.710847	0.48455	
0.4092	0.126338	0.414716	0.235392	0.275375	0.572346	0.696004	0.446675	
0.485772	0.407083	0.478029	0.315421	0.318231	0.604769	0.727856	0.479303	
0.473767	0.396787	0.47832	0.341709	0.314629	0.589691	0.710351	0.501163	
0.491815	0.463013	0.4849	0.33042	0.318845	0.60339	0.723363	0.490075	
0.44073	0.440037	0.465949	0.386694	0.384231	0.624918	0.732353	0.465767	
0.267425	0.203984	0.292031	0.304812	0.225966	0.412681	0.629618	0.53856	
0.517273	0.483559	0.505808	0.410352	0.377058	0.618471	0.727663	0.496113	
0.520532	0.500509	0.511099	0.415749	0.394475	0.624152	0.732785	0.489675	
0.425045	0.333262	0.424654	0.448901	0.397023	0.546284	0.692442	0.527833	
0.530667	0.503791	0.517804	0.434592	0.404601	0.619599	0.728469	0.500878	
0.15121	0.0823656	0.212472	0.194095	0.282868	0.440634	0.558393	0.32364	
0.463055	0.379014	0.478244	0.432161	0.425488	0.61626	0.732722	0.467357	
0.533414	0.510504	0.524172	0.44231	0.42293	0.627083	0.734155	0.492706	
0.540521	0.516239	0.528323	0.454631	0.430175	0.625098	0.731709	0.498863	
0.519585	0.449662	0.536696	0.523503	0.508816	0.621296	0.732275	0.490669	
0.175725	0.180117	0.144263	0.295564	0.185538	0.208071	0.534578	0.540703	
0.56074	0.514374	0.549592	0.543971	0.511942	0.598029	0.715402	0.52072	
0.56852	0.535176	0.579207	0.555061	0.555705	0.634414	0.73144	0.509781	
0.571364	0.539529	0.581089	0.55898	0.562617	0.633949	0.730673	0.512797	
0.577942	0.548899	0.595509	0.587602	0.60495	0.638246	0.732544	0.522851	
0.0631763	0.0890548	0.225755	0.178792	0.195572	0.281614	0.414799	0.333917	
0.493646	0.281304	0.559946	0.534187	0.443923	0.53919	0.675814	0.488213	
0.576941	0.548747	0.598852	0.596879	0.604334	0.638742	0.732582	0.518765	
0.585672	0.553207	0.599764	0.601895	0.615061	0.631872	0.728698	0.529254	
0.583762	0.558784	0.605453	0.603663	0.623192	0.639887	0.731884	0.525247	
0.592337	0.556521	0.611069	0.624082	0.643209	0.631014	0.725834	0.538157	
0.424264	0.270066	0.448002	0.462073	0.385428	0.487459	0.683885	0.481712	
0.590258	0.565731	0.617453	0.627168	0.657453	0.644613	0.731544	0.529643	
0.595682	0.570765	0.62116	0.631405	0.666452	0.644635	0.730641	0.533826	
0.605691	0.578712	0.62919	0.647289	0.692938	0.645917	0.729079	0.542546	
0.0171738	0.0170969	0.00406083	0.0135159	0.02236	0.342373	0.283861	0.209504	
0.410544	0.294936	0.431629	0.423454	0.384394	0.451147	0.669636	0.481633	
0.606436	0.578012	0.630082	0.649472	0.695255	0.650672	0.731211	0.537785	
0.611227	0.581936	0.633228	0.652704	0.70095	0.650705	0.729821	0.542002	
0.619305	0.576565	0.630587	0.662682	0.713565	0.653153	0.729394	0.54065	
0.550006	0.36623	0.352808	0.507285	0.417197	0.467018	0.654885	0.562198	
0.630935	0.589697	0.644767	0.67046	0.724441	0.65657	0.726857	0.548347	
0.632017	0.591532	0.645271	0.672845	0.727544	0.658507	0.728055	0.547095	
0.649382	0.599228	0.649632	0.688998	0.743894	0.665357	0.728522	0.549467	
0.313133	0.0942755	0.333629	0.548966	0.394702	0.413887	0.537812	0.474169	
0.658298	0.574732	0.655619	0.700259	0.758573	0.668379	0.721894	0.557449	
0.576907	0.370491	0.545807	0.604259	0.550788	0.631351	0.704672	0.520596	
0.672216	0.609345	0.656196	0.708092	0.762452	0.675827	0.727574	0.554489	
0.675054	0.608411	0.65853	0.711432	0.765708	0.675002	0.72671	0.555603	
0.677561	0.567197	0.641574	0.721152	0.779121	0.68951	0.732382	0.551004	
0.681506	0.604754	0.655232	0.716907	0.773112	0.682499	0.729724	0.553896	
0.0131326	0.0200379	0.000754112	0.0462771	0.102999	0.163502	0.201592	0.340319	
0.552043	0.286808	0.416553	0.577436	0.538259	0.500223	0.654113	0.571906	
0.685187	0.611809	0.66138	0.717702	0.773642	0.678989	0.726462	0.557668	
0.686589	0.611986	0.660973	0.720459	0.775726	0.681639	0.728118	0.556582	
0.699051	0.613613	0.66087	0.72227	0.775112	0.681125	0.723455	0.562644	
0.604475	0.493829	0.575917	0.590877	0.63113	0.605208	0.702919	0.538645	
0.699573	0.616419	0.665563	0.732179	0.784827	0.688867	0.727708	0.560021	
0.701691	0.618003	0.665874	0.732474	0.786129	0.68959	0.727581	0.560671	
0.712137	0.623253	0.666554	0.73981	0.795179	0.696656	0.728056	0.561899	
0.238298	0.287148	0.387263	0.268781	0.312716	0.435196	0.569305	0.498481	
0.701649	0.6112	0.655492	0.728009	0.7792	0.687941	0.727375	0.563577	
0.714091	0.622358	0.66795	0.742394	0.796144	0.698154	0.728788	0.562704	
0.587707	0.472656	0.351188	0.521129	0.516297	0.47262	0.674007	0.551511	
0.717413	0.624939	0.668384	0.740378	0.797545	0.697293	0.728384	0.564792	
0.718769	0.624333	0.669566	0.745706	0.799149	0.700683	0.729383	0.563925	
0.721215	0.626159	0.670563	0.74556	0.801209	0.701193	0.729299	0.564907	
0.73251	0.630078	0.673534	0.754088	0.807411	0.706708	0.73114	0.56802	
0.100662	0.07553	0.0582009	0.00493128	0.0445275	0.150565	0.193154	0.366357	
0.680219	0.485136	0.505511	0.661924	0.624492	0.601596	0.690588	0.569875	
0.73624	0.631766	0.675473	0.75364	0.810706	0.708095	0.730527	0.569617	
0.737424	0.632769	0.675985	0.75556	0.811353	0.709107	0.731291	0.56926	
0.752945	0.630537	0.676682	0.759233	0.814496	0.715853	0.730761	0.574719	
0.570504	0.256653	0.542754	0.579629	0.546775	0.617899	0.707802	0.529313	
0.752206	0.634597	0.683607	0.766636	0.817878	0.717396	0.734853	0.570797	
0.755028	0.637995	0.68526	0.766548	0.820306	0.718599	0.733897	0.572846	
0.763501	0.642589	0.690615	0.771997	0.82251	0.723634	0.735003	0.574568	
0.00376829	0.00912399	0.0360225	0.130435	0.0774347	0.115338	0.211527	0.350566	
0.705286	0.445153	0.667418	0.770581	0.767327	0.717176	0.725249	0.576936	
0.765437	0.641077	0.69309	0.774729	0.824392	0.724132	0.734633	0.575277	
0.766488	0.642983	0.693269	0.775633	0.824677	0.72501	0.735498	0.574783	
0.767705	0.582723	0.687278	0.77591	0.819186	0.724336	0.731701	0.58478	
0.768805	0.641577	0.695261	0.776781	0.82559	0.725817	0.734947	0.577162	
0.604414	0.161263	0.4798	0.621023	0.550129	0.62792	0.714423	0.534859	
0.76823	0.63667	0.690501	0.779575	0.823875	0.727284	0.737468	0.573877	
0.769322	0.644921	0.695201	0.77834	0.826058	0.72687	0.736016	0.576027	
0.774381	0.64574	0.700143	0.781953	0.8288	0.727951	0.735733	0.582582	
0.0164565	0.0298001	0.107392	0.0751107	0.0872073	0.274719	0.542211	0.339874	
0.709002	0.489059	0.618653	0.765974	0.746869	0.68678	0.737834	0.565966	
0.776031	0.652538	0.700671	0.785867	0.829613	0.730839	0.738321	0.580642	
0.776999	0.653699	0.701703	0.785844	0.830661	0.731159	0.738054	0.581613	
0.780304	0.656574	0.710182	0.794402	0.83304	0.734921	0.73858	0.582384	
0.0235635	0.0504082	0.0582985	0.0429782	0.181686	0.163303	0.116957	0.370148	
0.512526	0.458335	0.552046	0.725166	0.669172	0.586514	0.705053	0.59622	
0.781632	0.662337	0.710712	0.792051	0.834585	0.734163	0.737724	0.586387	
0.783155	0.662338	0.712043	0.793974	0.83526	0.735236	0.738322	0.585271	
0.78138	0.666199	0.714874	0.795212	0.837058	0.735033	0.738918	0.591543	
0.596757	0.602088	0.674506	0.779972	0.757347	0.715342	0.731623	0.558039	
0.787549	0.667942	0.71861	0.799308	0.83832	0.737475	0.739872	0.58802	
0.788475	0.668709	0.718827	0.799351	0.838718	0.737638	0.740034	0.588995	
0.792913	0.673638	0.72414	0.803109	0.840593	0.739872	0.740837	0.590927	
0.159985	0.32401	0.170381	0.361561	0.464525	0.528133	0.661513	0.54871	
0.772761	0.669337	0.691911	0.794394	0.828532	0.738465	0.743693	0.589998	
0.793274	0.674415	0.724903	0.804559	0.840999	0.740329	0.741628	0.590916	
0.710583	0.649545	0.680291	0.780112	0.79533	0.723727	0.732982	0.601011	
0.794171	0.675886	0.726132	0.804526	0.841598	0.740582	0.74133	0.592404	
0.706341	0.645733	0.699693	0.79874	0.802221	0.73254	0.746525	0.580386	
0.794993	0.677227	0.727696	0.806628	0.841528	0.742272	0.742875	0.591037	
0.513198	0.489657	0.620076	0.764648	0.746302	0.681739	0.707198	0.601808	
0.796191	0.675834	0.729659	0.806379	0.842908	0.742328	0.741664	0.595611	
0.796191	0.680093	0.730576	0.808704	0.842746	0.744754	0.743438	0.590662	
0.799043	0.679767	0.731432	0.808163	0.843649	0.744599	0.743162	0.594167	
0.788558	0.686326	0.735822	0.813803	0.844441	0.750054	0.743701	0.587536	
0.596918	0.593175	0.653854	0.791563	0.81751	0.726735	0.722427	0.560441	
0.804892	0.685239	0.738	0.812269	0.846088	0.750046	0.745062	0.596893	
0.805625	0.687178	0.738551	0.812714	0.846314	0.750807	0.745298	0.595527	
0.808885	0.693598	0.742946	0.814496	0.848286	0.754294	0.745686	0.59746	
0.205342	0.113409	0.32523	0.620337	0.371398	0.583735	0.672686	0.434317	
0.758254	0.666268	0.72911	0.818037	0.837068	0.754558	0.751298	0.58564	
0.809517	0.695863	0.742846	0.815624	0.84832	0.755016	0.746871	0.595889	
0.77585	0.63179	0.729523	0.816888	0.834564	0.749901	0.737416	0.609785	
0.809871	0.695301	0.744679	0.8166	0.848858	0.755275	0.745827	0.598424	
0.757588	0.596968	0.69131	0.808189	0.808273	0.75387	0.753482	0.582406	
0.811081	0.698992	0.743929	0.817174	0.849011	0.756735	0.747498	0.59681	
0.737526	0.613787	0.63137	0.793897	0.79842	0.723099	0.724243	0.612054	
0.811535	0.700982	0.745537	0.818448	0.849669	0.756934	0.745906	0.599222	
0.764864	0.666493	0.711545	0.792006	0.81287	0.748639	0.745668	0.594757	
0.8124	0.70281	0.747733	0.818758	0.849988	0.757981	0.747069	0.598947	
0.623338	0.636269	0.583319	0.670246	0.721863	0.689031	0.70278	0.612018	
0.813533	0.706391	0.748032	0.81911	0.851101	0.757883	0.746058	0.601519	
0.814413	0.708162	0.750639	0.820632	0.850647	0.758702	0.746826	0.600761	
0.815309	0.709438	0.75098	0.820645	0.851951	0.759455	0.746706	0.602394	
0.789928	0.718366	0.74815	0.801281	0.836963	0.756427	0.744127	0.598168	
0.816211	0.71394	0.753042	0.82183	0.851001	0.760106	0.746987	0.601595	
0.245259	0.39557	0.276281	0.372866	0.411815	0.56686	0.623469	0.544341	
0.807086	0.710916	0.751395	0.815436	0.851465	0.76135	0.747441	0.607653	
0.817342	0.71382	0.753998	0.821607	0.852438	0.761159	0.747538	0.603899	
0.81672	0.725623	0.75185	0.827228	0.851646	0.764104	0.745896	0.597018	
0.550501	0.60518	0.534426	0.759623	0.808534	0.712589	0.698146	0.519517	
0.822075	0.726626	0.759127	0.825096	0.853235	0.765088	0.749535	0.605982	
0.823375	0.727622	0.760393	0.825387	0.853397	0.765904	0.749109	0.605422	
0.822562	0.731915	0.763316	0.822791	0.854169	0.769368	0.750013	0.610001	
0.111397	0.178768	0.324387	0.322553	0.284339	0.365634	0.364833	0.231823	
0.747258	0.707583	0.70797	0.825277	0.839807	0.760766	0.735993	0.576759	
0.82613	0.734607	0.764199	0.825762	0.854601	0.770183	0.749557	0.606738	
0.826147	0.735475	0.764492	0.825562	0.854933	0.770307	0.750019	0.608123	
0.826915	0.742037	0.76261	0.829259	0.855338	0.773344	0.748037	0.603204	
0.695505	0.6873	0.635325	0.798946	0.839831	0.756441	0.734928	0.577797	
0.831154	0.743874	0.768776	0.827357	0.856037	0.774535	0.750532	0.608458	
0.83067	0.746372	0.767434	0.825376	0.856438	0.778325	0.748417	0.605238	
0.832187	0.746588	0.770211	0.827062	0.856977	0.776828	0.750205	0.607617	
0.433014	0.500058	0.406021	0.71038	0.657144	0.611042	0.580374	0.543943	
0.824322	0.740172	0.760065	0.82493	0.854231	0.775461	0.751574	0.612791	
0.832329	0.746497	0.771581	0.826918	0.856968	0.777177	0.751262	0.609876	
0.836473	0.750925	0.772755	0.828896	0.85621	0.780353	0.750543	0.608512	
0.695333	0.622925	0.561432	0.793616	0.824181	0.765598	0.738429	0.610213	
0.837074	0.752681	0.778303	0.828159	0.857468	0.781508	0.751531	0.611862	
0.837407	0.753685	0.778228	0.828299	0.857557	0.782101	0.752488	0.611579	
0.8321	0.73777	0.772001	0.828465	0.855632	0.785107	0.751243	0.616022	
0.837442	0.75363	0.779066	0.828661	0.857765	0.783018	0.752327	0.612713	
0.713789	0.367294	0.524718	0.769395	0.713727	0.751574	0.740747	0.586055	
0.838043	0.751885	0.77581	0.828423	0.856806	0.783394	0.753966	0.611184	
0.838124	0.754871	0.779147	0.828763	0.857834	0.783248	0.752959	0.612242	
0.839888	0.756803	0.780628	0.830952	0.858674	0.785	0.75199	0.613633	
0.194876	0.0626825	0.129022	0.330071	0.27743	0.493543	0.521998	0.400568	
0.822206	0.676128	0.720232	0.811805	0.839953	0.784721	0.755574	0.607825	
0.840648	0.75979	0.781362	0.830426	0.858712	0.786206	0.753316	0.613301	
0.842969	0.764306	0.782499	0.833413	0.860366	0.786033	0.75274	0.614358	
0.0884589	0.0924589	0.240287	0.386196	0.398935	0.420295	0.535558	0.516655	
0.81982	0.734306	0.741283	0.817542	0.84609	0.783044	0.752623	0.614614	
0.843134	0.765361	0.783074	0.832471	0.860119	0.787318	0.753965	0.615574	
0.83396	0.751947	0.780971	0.83369	0.859982	0.789838	0.753194	0.616035	
0.842743	0.765759	0.783826	0.833083	0.860716	0.788173	0.753989	0.615847	
0.778182	0.565294	0.704773	0.806802	0.809995	0.777189	0.75006	0.610695	
0.843517	0.766818	0.78348	0.832265	0.859911	0.788962	0.755372	0.6166	
0.843154	0.767313	0.784776	0.83348	0.8612	0.788794	0.754179	0.617212	
0.843922	0.768527	0.784891	0.833369	0.860916	0.789478	0.755177	0.61678	
0.841702	0.767694	0.785733	0.834994	0.862294	0.790929	0.753682	0.619909	
0.78599	0.686257	0.751023	0.818334	0.833311	0.788174	0.76191	0.605597	
0.844905	0.773396	0.787375	0.834928	0.862431	0.792581	0.756555	0.61851	
0.841172	0.77651	0.787588	0.835985	0.863705	0.794086	0.755421	0.622589	
0.712163	0.751803	0.743503	0.817353	0.849693	0.783559	0.75863	0.595472	
0.846287	0.777754	0.789888	0.837018	0.863899	0.795125	0.757119	0.620028	
0.84661	0.778302	0.790027	0.837105	0.864146	0.795418	0.757007	0.620635	
0.846944	0.782918	0.790734	0.837588	0.864239	0.79804	0.759126	0.620566	
0.0945442	0.105619	0.0608725	0.390809	0.299907	0.382232	0.441097	0.436488	
0.72874	0.744668	0.724514	0.822302	0.858128	0.787578	0.744597	0.634351	
0.84825	0.782568	0.791378	0.838333	0.864873	0.797983	0.758138	0.622384	
0.837281	0.731919	0.781497	0.839977	0.85881	0.793154	0.757982	0.618391	
0.848842	0.783124	0.791993	0.838913	0.864908	0.797697	0.758323	0.622044	
0.831998	0.730642	0.777174	0.838568	0.857273	0.795515	0.752905	0.628354	
0.848855	0.783324	0.792393	0.839408	0.865188	0.797772	0.757992	0.622976	
0.847163	0.757352	0.786513	0.84019	0.861654	0.79854	0.760378	0.621593	
0.84965	0.783813	0.792814	0.839892	0.865457	0.798187	0.758628	0.62281	
0.813397	0.660864	0.746318	0.828701	0.837954	0.787578	0.747192	0.631547	
0.849982	0.784294	0.793952	0.840504	0.865883	0.798021	0.758327	0.624232	
0.823292	0.74513	0.756797	0.824321	0.850131	0.802351	0.761107	0.61755	
0.850447	0.785586	0.794281	0.840535	0.866108	0.79987	0.759265	0.623783	
0.728506	0.717655	0.70641	0.796482	0.834212	0.769133	0.742405	0.637913	
0.850813	0.785922	0.794806	0.841131	0.867083	0.799315	0.75886	0.626109	
0.850138	0.78714	0.794843	0.842056	0.866876	0.800594	0.758913	0.623481	
0.851533	0.785917	0.794857	0.841303	0.866749	0.800852	0.75955	0.626895	
0.852357	0.787612	0.796101	0.84216	0.86743	0.800811	0.759386	0.625844	
0.851725	0.786963	0.794445	0.84206	0.867183	0.802157	0.760131	0.628671	
0.809843	0.74606	0.72109	0.844538	0.865494	0.786568	0.747548	0.60913	
0.853631	0.789335	0.796887	0.84298	0.868135	0.802173	0.759994	0.627497	
0.853785	0.790653	0.797344	0.844058	0.869215	0.802164	0.76004	0.627876	
0.385481	0.315604	0.492068	0.668076	0.611622	0.535754	0.561209	0.609855	
0.825896	0.763474	0.766225	0.838839	0.860838	0.797398	0.754812	0.629428	
0.85436	0.790224	0.798308	0.843723	0.868821	0.802619	0.760414	0.628994	
0.854504	0.790653	0.798459	0.843922	0.868925	0.802612	0.760407	0.628876	
0.854718	0.791406	0.799946	0.844533	0.868804	0.802807	0.761327	0.631301	
0.540959	0.43834	0.413575	0.762204	0.608619	0.61557	0.603184	0.511557	
0.846923	0.78301	0.782235	0.846867	0.868934	0.799495	0.758195	0.625131	
0.855232	0.792217	0.800173	0.845058	0.869181	0.802823	0.761259	0.630742	
0.854298	0.791186	0.799792	0.84524	0.869808	0.804159	0.761746	0.634303	
0.822629	0.746886	0.736359	0.841765	0.861886	0.792292	0.754317	0.618864	
0.856226	0.794292	0.802391	0.846235	0.870229	0.804259	0.761833	0.633017	
0.85703	0.796771	0.801723	0.847189	0.87022	0.80464	0.761956	0.63569	
0.118863	0.129414	0.128222	0.304254	0.276695	0.423494	0.42697	0.384252	
0.830331	0.743849	0.757338	0.837454	0.84886	0.802283	0.757666	0.638361	
0.857087	0.796823	0.803395	0.847027	0.870818	0.805359	0.762025	0.636497	
0.855488	0.798473	0.804823	0.848488	0.872148	0.807622	0.763574	0.632616	
0.783714	0.759432	0.746166	0.836435	0.865693	0.796817	0.756251	0.648	
0.858388	0.799345	0.805239	0.847973	0.872148	0.807464	0.763754	0.636364	
0.859698	0.799234	0.800015	0.84893	0.871476	0.805077	0.761933	0.640737	
0.85913	0.800599	0.805074	0.848557	0.872203	0.806765	0.763285	0.637989	
0.704823	0.682314	0.589604	0.817328	0.849502	0.790784	0.735135	0.625	
0.857149	0.800223	0.803544	0.847739	0.872098	0.80836	0.764112	0.639993	
0.858728	0.800897	0.805229	0.84827	0.872233	0.807556	0.763738	0.638938	
0.836044	0.798341	0.80081	0.851664	0.872496	0.808965	0.760924	0.633137	
0.859035	0.801473	0.806088	0.849137	0.872503	0.808116	0.763486	0.638125	
0.729419	0.781316	0.739806	0.833272	0.866672	0.804864	0.757879	0.650791	
0.858738	0.802759	0.805385	0.848442	0.872594	0.808909	0.763848	0.640364	
0.859728	0.802511	0.806989	0.849594	0.872608	0.809359	0.763666	0.639177	
0.859611	0.803825	0.806019	0.849135	0.872948	0.809731	0.763996	0.640721	
0.860362	0.803692	0.807108	0.849356	0.872953	0.81018	0.764117	0.640093	
0.830806	0.7589	0.781992	0.842788	0.861426	0.807457	0.760341	0.648953	
0.860652	0.804016	0.806566	0.849768	0.873064	0.810381	0.763897	0.641111	
0.809895	0.647939	0.769944	0.826274	0.849602	0.808049	0.768714	0.628564	
0.860454	0.803806	0.807863	0.849138	0.873134	0.810762	0.764873	0.640101	
0.861089	0.804188	0.806882	0.850032	0.873157	0.811001	0.764185	0.641684	
0.861146	0.804977	0.807632	0.849765	0.87333	0.811071	0.764601	0.641204	
0.86212	0.806034	0.808462	0.850214	0.873784	0.811808	0.765396	0.642812	
0.554263	0.157667	0.489042	0.70743	0.622969	0.777464	0.755315	0.567954	
0.855441	0.781114	0.803262	0.848024	0.870098	0.813079	0.76877	0.637653	
0.862233	0.806625	0.808933	0.850177	0.873929	0.812111	0.765962	0.642153	
0.863447	0.799567	0.808277	0.851867	0.873774	0.813935	0.765835	0.645328	
0.863101	0.805653	0.809035	0.85109	0.874124	0.812989	0.76596	0.64363	
0.712462	0.220951	0.570005	0.740997	0.744191	0.786384	0.761737	0.596833	
0.862005	0.795536	0.804949	0.849623	0.872833	0.814762	0.768899	0.640494	
0.863308	0.807881	0.809044	0.851004	0.874358	0.813565	0.766832	0.642891	
0.864563	0.807364	0.809469	0.852248	0.875288	0.815994	0.767223	0.645334	
0.306656	0.0878649	0.34052	0.404427	0.503692	0.436067	0.596222	0.466292	
0.82889	0.743797	0.771096	0.841615	0.865077	0.806211	0.767495	0.635666	
0.865101	0.809373	0.809401	0.852769	0.875477	0.816506	0.767772	0.644546	
0.85016	0.797969	0.794266	0.849477	0.870054	0.816288	0.768184	0.650734	
0.864927	0.809408	0.809715	0.852517	0.875097	0.816964	0.768055	0.645483	
0.857723	0.793421	0.788004	0.854438	0.872138	0.811498	0.766498	0.63997	
0.865542	0.810047	0.809809	0.852984	0.875148	0.816854	0.768211	0.645028	
0.859243	0.802298	0.801953	0.850612	0.872952	0.817654	0.768003	0.649845	
0.865244	0.810213	0.810147	0.85272	0.875032	0.817662	0.768558	0.646362	
0.831057	0.733495	0.743256	0.844075	0.833609	0.779447	0.75372	0.634526	
0.866509	0.810859	0.810779	0.853818	0.874657	0.817148	0.768656	0.645979	
0.865695	0.810491	0.810868	0.853004	0.875228	0.818575	0.769339	0.646733	
0.866736	0.811029	0.81141	0.853957	0.874983	0.817746	0.768801	0.647149	
0.866576	0.811564	0.811499	0.85377	0.875151	0.818493	0.769354	0.646988	
0.867857	0.807766	0.811686	0.855129	0.874672	0.817929	0.768415	0.648945	
0.867303	0.811315	0.812036	0.854424	0.875216	0.818443	0.769011	0.647811	
0.821859	0.53875	0.671843	0.792571	0.736095	0.775661	0.76826	0.629623	
0.866972	0.80918	0.810764	0.853413	0.874089	0.819652	0.770663	0.647285	
0.867364	0.812118	0.812181	0.854227	0.875364	0.819039	0.769626	0.647677	
0.869427	0.810839	0.812509	0.855243	0.875509	0.818849	0.768597	0.650337	
0.843947	0.782118	0.78392	0.840332	0.838894	0.800667	0.766199	0.644609	
0.869537	0.813298	0.814596	0.855446	0.876644	0.820276	0.769597	0.650174	
0.859025	0.811116	0.810181	0.851026	0.877183	0.822948	0.773606	0.649868	
0.869074	0.814308	0.814429	0.854726	0.877139	0.821376	0.770765	0.650075	
0.741655	0.753618	0.767329	0.836299	0.859937	0.79378	0.743851	0.651937	
0.869586	0.814422	0.815108	0.855414	0.87763	0.821133	0.769306	0.651004	
0.869392	0.814961	0.814805	0.855037	0.877525	0.821561	0.771013	0.651741	
0.87037	0.815438	0.815472	0.855335	0.877951	0.821844	0.770319	0.651564	
0.868361	0.815031	0.813089	0.854587	0.878174	0.82123	0.772074	0.656264	
0.812997	0.742389	0.730825	0.832767	0.85314	0.78557	0.753167	0.632805	
0.872022	0.817332	0.816501	0.855804	0.87999	0.823411	0.77156	0.653997	
0.872102	0.817509	0.816672	0.855797	0.88	0.823504	0.771495	0.654529	
0.87341	0.818555	0.8177	0.85708	0.880394	0.823606	0.77071	0.656312	
0.162523	0.122334	0.16124	0.463633	0.518162	0.441639	0.553348	0.504178	
0.838873	0.792241	0.781492	0.849692	0.875628	0.821349	0.775854	0.65974	
0.873217	0.818586	0.817669	0.856889	0.880466	0.824099	0.771664	0.656917	
0.868339	0.812026	0.806162	0.858032	0.882046	0.824421	0.771098	0.652188	
0.873568	0.818904	0.817643	0.857163	0.880913	0.824537	0.771837	0.656259	
0.854377	0.804144	0.795248	0.854798	0.879161	0.823694	0.771481	0.66317	
0.873246	0.819017	0.817514	0.857095	0.881079	0.824992	0.772188	0.657472	
0.862923	0.80702	0.802276	0.857003	0.879555	0.821322	0.77175	0.653471	
0.873844	0.819459	0.818053	0.857567	0.881487	0.825158	0.7726	0.656971	
0.735391	0.499121	0.486489	0.742323	0.801418	0.778075	0.755258	0.657555	
0.872623	0.814098	0.814763	0.858104	0.880983	0.825307	0.772009	0.659224	
0.873897	0.819477	0.81819	0.857957	0.881536	0.825293	0.772481	0.657571	
0.87296	0.815867	0.816247	0.856764	0.88049	0.825987	0.774423	0.657526	
0.873902	0.820129	0.818204	0.857953	0.881462	0.825727	0.773066	0.657557	
0.827846	0.576076	0.708191	0.82697	0.841409	0.807501	0.768229	0.666666	
0.873909	0.817906	0.817718	0.858799	0.881358	0.825799	0.773006	0.658964	
0.874046	0.820214	0.818312	0.85843	0.881524	0.825807	0.773053	0.658161	
0.873456	0.819027	0.819311	0.858613	0.880726	0.826894	0.774085	0.657606	
0.846127	0.747963	0.789214	0.856274	0.860902	0.822181	0.770648	0.665106	
0.874666	0.821669	0.819419	0.859494	0.881413	0.827044	0.773907	0.659081	
0.873566	0.822111	0.8198	0.859798	0.882174	0.827753	0.774193	0.659838	
0.85775	0.812311	0.818803	0.859094	0.879889	0.824151	0.771672	0.658016	
0.875566	0.822423	0.820296	0.860003	0.882282	0.827428	0.773886	0.659612	
0.873885	0.812934	0.813455	0.860126	0.880618	0.828164	0.773896	0.662767	
0.87568	0.822576	0.819876	0.860245	0.882314	0.827696	0.773934	0.660249	
0.82846	0.699628	0.791175	0.84846	0.858162	0.820485	0.776711	0.652649	
0.875446	0.822587	0.820683	0.859883	0.88251	0.827593	0.774487	0.659626	
0.875814	0.822992	0.820039	0.860362	0.882538	0.828038	0.774191	0.660531	
0.875877	0.823426	0.820432	0.86027	0.88267	0.827981	0.774378	0.660316	
0.87619	0.825011	0.820803	0.860551	0.88313	0.828664	0.774854	0.661213	
0.845212	0.803281	0.809196	0.853493	0.877273	0.824744	0.782741	0.666732	
0.875164	0.826698	0.821983	0.860717	0.883462	0.82851	0.777018	0.662851	
0.00859765	0.0429531	0.0201761	0.0953229	0.124446	0.197217	0.237651	0.400676	
0.608043	0.530482	0.581151	0.792124	0.767116	0.771481	0.737279	0.664887	
0.875853	0.825804	0.820516	0.861125	0.883761	0.829335	0.775521	0.664685	
0.876896	0.828487	0.822057	0.861132	0.884284	0.829219	0.776423	0.663843	
0.877338	0.829853	0.822242	0.861236	0.884861	0.82975	0.776919	0.664998	
0.732623	0.505003	0.641484	0.642064	0.743236	0.654932	0.721873	0.624569	
0.877083	0.825606	0.820016	0.858411	0.883376	0.827511	0.777561	0.664551	
0.877661	0.830275	0.822291	0.86122	0.885101	0.829773	0.777175	0.664978	
0.876637	0.799314	0.810808	0.859174	0.881925	0.8276	0.776268	0.668928	
0.877988	0.830485	0.822073	0.861426	0.885112	0.829985	0.777156	0.665549	
0.863213	0.755999	0.791426	0.850204	0.881832	0.826535	0.781408	0.659953	
0.877895	0.830902	0.822488	0.86096	0.885448	0.830125	0.777887	0.665176	
0.878457	0.831139	0.821757	0.861515	0.885514	0.830255	0.777322	0.66621	
0.878466	0.831677	0.822338	0.861237	0.885706	0.830341	0.777704	0.665843	
0.879293	0.830579	0.820953	0.861648	0.88643	0.831118	0.777198	0.668799	
0.851287	0.749883	0.786569	0.85396	0.878951	0.826547	0.782131	0.654106	
0.879778	0.833323	0.822426	0.861527	0.886805	0.831287	0.778131	0.667198	
0.876335	0.828094	0.818391	0.861045	0.88634	0.830819	0.779616	0.669743	
0.879591	0.833481	0.822462	0.861509	0.886819	0.831353	0.778549	0.667822	
0.84951	0.776917	0.776433	0.863456	0.880836	0.821732	0.767758	0.657437	
0.88015	0.833653	0.822628	0.862086	0.88708	0.831473	0.778151	0.667233	
0.879732	0.833822	0.822534	0.861817	0.887059	0.831751	0.778675	0.668261	
0.880199	0.834223	0.822856	0.862048	0.887186	0.831794	0.778607	0.667812	
0.879517	0.834479	0.822609	0.862933	0.887544	0.832865	0.779316	0.669534	
0.384271	0.139217	0.458125	0.666204	0.540808	0.564359	0.59856	0.488559	
0.847058	0.770924	0.795077	0.860265	0.881095	0.825508	0.778683	0.658098	
0.880553	0.835466	0.823491	0.863021	0.887645	0.832847	0.779657	0.668667	
0.881333	0.832259	0.82357	0.864289	0.887256	0.833157	0.778775	0.66945	
0.880986	0.835402	0.823914	0.863627	0.887619	0.83311	0.779346	0.669016	
0.84061	0.586505	0.726025	0.823284	0.837177	0.808024	0.787699	0.651498	
0.880678	0.833394	0.823169	0.862971	0.887297	0.833637	0.781395	0.668034	
0.881018	0.835989	0.823987	0.863525	0.887677	0.833356	0.780075	0.66873	
0.880521	0.836181	0.824747	0.864352	0.887147	0.832382	0.779303	0.67262	
0.868297	0.789322	0.805052	0.852909	0.879041	0.831637	0.784661	0.656613	
0.881065	0.837434	0.825141	0.864489	0.887601	0.833891	0.780485	0.670792	
0.880578	0.838527	0.826054	0.864593	0.888232	0.835379	0.781022	0.671403	
0.533117	0.548265	0.686281	0.792315	0.775929	0.741775	0.752383	0.671955	
0.876612	0.835677	0.824681	0.866267	0.886421	0.833663	0.780685	0.673442	
0.881086	0.838612	0.826238	0.865271	0.888102	0.835109	0.780989	0.67197	
0.820706	0.793866	0.777861	0.856706	0.877178	0.826863	0.778667	0.678306	
0.880869	0.838881	0.825894	0.864992	0.888095	0.835273	0.781311	0.673167	
0.881515	0.838893	0.826449	0.865484	0.88835	0.835594	0.781275	0.671969	
0.881444	0.839356	0.826496	0.865376	0.88831	0.835594	0.781416	0.673051	
0.882098	0.837189	0.825979	0.866387	0.888457	0.836186	0.781969	0.671892	
0.882127	0.839401	0.826787	0.865844	0.888495	0.835963	0.781693	0.672613	
0.603023	0.556366	0.521977	0.814897	0.837661	0.757467	0.724341	0.630498	
0.877932	0.834627	0.822335	0.865121	0.887492	0.834867	0.781645	0.676896	
0.882002	0.839883	0.826862	0.865776	0.888464	0.835963	0.781811	0.673744	
0.883052	0.840505	0.826831	0.866277	0.888794	0.837556	0.783251	0.673001	
0.250439	0.162524	0.0753718	0.293357	0.250288	0.352087	0.560162	0.550998	
0.865472	0.722574	0.771185	0.843843	0.871223	0.816464	0.776397	0.685384	
0.883175	0.840941	0.827229	0.866606	0.888878	0.837238	0.782841	0.67458	
0.883245	0.841384	0.827259	0.866594	0.888851	0.837373	0.783159	0.674525	
0.883924	0.840718	0.827374	0.867518	0.888682	0.837169	0.783288	0.676777	
0.464976	0.0511102	0.329646	0.541179	0.473596	0.58904	0.697904	0.538994	
0.871272	0.753503	0.805496	0.859035	0.881075	0.83531	0.785302	0.669546	
0.884129	0.841779	0.827798	0.867561	0.888717	0.837438	0.783699	0.676161	
0.884243	0.841809	0.82795	0.867668	0.888784	0.837566	0.783595	0.676218	
0.884667	0.842259	0.828519	0.868135	0.888979	0.838437	0.784031	0.675937	
0.63921	0.485549	0.425018	0.749735	0.737043	0.756134	0.752589	0.682803	
0.88152	0.83468	0.825027	0.867643	0.888615	0.837332	0.782853	0.67909	
0.884558	0.842586	0.82878	0.868282	0.889178	0.838363	0.783829	0.676616	
0.883293	0.842231	0.828738	0.868278	0.887841	0.839298	0.785793	0.677549	
0.84708	0.798371	0.802043	0.860197	0.876102	0.832687	0.779604	0.679273	
0.884701	0.844167	0.829615	0.868761	0.889098	0.83935	0.785169	0.678133	
0.88466	0.844062	0.829761	0.869459	0.889937	0.839584	0.785167	0.678369	
0.875132	0.824203	0.822028	0.86495	0.883055	0.839793	0.788677	0.677227	
0.885195	0.845222	0.829967	0.869259	0.889824	0.839952	0.786042	0.678334	
0.883863	0.84424	0.827941	0.86841	0.889566	0.839335	0.786719	0.681848	
0.884991	0.845608	0.82971	0.869192	0.889935	0.839878	0.786348	0.67966	
0.711772	0.432818	0.665359	0.778468	0.809895	0.78041	0.776672	0.64857	
0.883847	0.841903	0.828648	0.869076	0.888853	0.839695	0.786651	0.677738	
0.885263	0.845986	0.830066	0.86939	0.889895	0.839984	0.786443	0.679269	
0.885277	0.846478	0.830505	0.870159	0.890436	0.84023	0.787062	0.679597	
0.514112	0.170521	0.420656	0.630966	0.65693	0.689258	0.703264	0.591381	
0.879287	0.823066	0.819536	0.866054	0.886285	0.840074	0.790082	0.677923	
0.885434	0.84752	0.830276	0.870027	0.890437	0.840633	0.787727	0.67949	
0.885451	0.847616	0.829674	0.870856	0.889527	0.83977	0.787315	0.682279	
0.87817	0.831145	0.813827	0.865367	0.881368	0.839636	0.79017	0.67599	
0.885784	0.848097	0.830818	0.870841	0.890535	0.840976	0.788235	0.681312	
0.883731	0.845588	0.831597	0.869979	0.891142	0.842084	0.788037	0.680802	
0.885771	0.848279	0.831263	0.870728	0.890809	0.841411	0.788255	0.681207	
0.877036	0.805464	0.805061	0.858258	0.887127	0.835556	0.792009	0.679344	
0.885619	0.848962	0.83082	0.870624	0.891181	0.84156	0.788788	0.681141	
0.885964	0.848372	0.831212	0.870803	0.891018	0.841265	0.788448	0.682069	
0.885814	0.849186	0.831292	0.870867	0.891346	0.841697	0.788883	0.681581	
0.885887	0.849237	0.83139	0.870926	0.891371	0.841671	0.788871	0.681808	
0.885859	0.850342	0.831902	0.87136	0.892145	0.84206	0.78922	0.682806	
0.80237	0.590028	0.645697	0.789851	0.79689	0.776763	0.777734	0.650973	
0.884769	0.847696	0.828515	0.870374	0.891247	0.842578	0.791152	0.681626	
0.885832	0.850759	0.831765	0.871389	0.892258	0.842425	0.789742	0.68259	
0.874515	0.746255	0.723118	0.822479	0.836458	0.801818	0.780901	0.688441	
0.886316	0.849954	0.83192	0.871437	0.891799	0.841673	0.789442	0.683696	
0.886076	0.850761	0.832154	0.871537	0.892206	0.842222	0.789639	0.683047	
0.886688	0.851516	0.832307	0.871551	0.892705	0.842313	0.79023	0.682884	
0.865817	0.812186	0.787241	0.848567	0.876401	0.830305	0.787868	0.68959	
0.886963	0.85198	0.833096	0.871787	0.89293	0.84281	0.790113	0.683925	
0.887297	0.852178	0.833	0.871594	0.893026	0.843486	0.78997	0.685055	
0.884053	0.840808	0.818832	0.864025	0.88761	0.836487	0.792069	0.681685	
0.887781	0.852858	0.833802	0.871954	0.893421	0.843464	0.790434	0.684632	
0.887462	0.850305	0.833021	0.870887	0.893532	0.844349	0.791405	0.686913	
0.887815	0.852639	0.833683	0.871711	0.893636	0.844011	0.790898	0.685646	
0.668242	0.269872	0.584241	0.665163	0.733788	0.62269	0.750031	0.611877	
0.885112	0.843401	0.829415	0.869786	0.892718	0.841272	0.790199	0.681268	
0.888142	0.853355	0.834058	0.871944	0.893795	0.844036	0.790864	0.685035	
0.888168	0.85484	0.833922	0.872235	0.893961	0.844162	0.790875	0.685838	
0.504422	0.384413	0.317018	0.734016	0.493638	0.685498	0.726457	0.579825	
0.882528	0.845616	0.816481	0.869806	0.887893	0.842567	0.792851	0.680583	
0.888907	0.854624	0.834616	0.872281	0.894181	0.844406	0.791284	0.685217	
0.888035	0.848082	0.832774	0.872093	0.892759	0.844356	0.792665	0.687462	
0.88892	0.854567	0.83453	0.872396	0.893993	0.844576	0.791635	0.685753	
0.880002	0.819474	0.813018	0.867705	0.892304	0.841362	0.792971	0.677543	
0.889471	0.85496	0.834695	0.872345	0.894145	0.844627	0.791833	0.685129	
0.88909	0.855006	0.834858	0.872471	0.894145	0.844761	0.791884	0.685808	
0.889411	0.855406	0.83494	0.872461	0.894191	0.844803	0.791995	0.685517	
0.887952	0.849341	0.83312	0.872099	0.893683	0.844393	0.792387	0.688567	
0.889229	0.855251	0.8351	0.872606	0.894254	0.844899	0.792107	0.686288	
0.870214	0.632129	0.789691	0.836237	0.871991	0.821642	0.794712	0.668269	
0.889971	0.854667	0.835077	0.872567	0.894106	0.844653	0.792643	0.685144	
0.889584	0.855704	0.835256	0.872706	0.894265	0.844875	0.792313	0.685877	
0.889819	0.854622	0.835212	0.87338	0.894275	0.844762	0.792672	0.687918	
0.88437	0.787817	0.819027	0.865846	0.883213	0.840253	0.797528	0.678444	
0.890198	0.856446	0.835914	0.873535	0.894456	0.845196	0.793521	0.686907	
0.891218	0.856946	0.836846	0.873572	0.894089	0.844899	0.793587	0.687362	
0.877608	0.841608	0.820896	0.863354	0.884663	0.844552	0.796495	0.683818	
0.890938	0.857538	0.836489	0.873803	0.894409	0.845832	0.794406	0.687244	
0.891087	0.854992	0.835645	0.873998	0.894168	0.845401	0.794365	0.687804	
0.891213	0.857634	0.836718	0.873944	0.894563	0.845914	0.794438	0.687432	
0.812049	0.568695	0.699545	0.827085	0.827631	0.801557	0.779278	0.660996	
0.890328	0.85491	0.835044	0.873386	0.893877	0.846528	0.795948	0.687512	
0.891144	0.857936	0.83661	0.873895	0.894559	0.84623	0.794916	0.687512	
0.891877	0.858366	0.837314	0.874542	0.89491	0.84578	0.793912	0.689139	
0.449383	0.101071	0.353901	0.568658	0.493884	0.596052	0.608649	0.435667	
0.882337	0.81716	0.821302	0.86785	0.88511	0.846247	0.801317	0.679458	
0.891953	0.859425	0.836987	0.874415	0.894894	0.84657	0.7953	0.688342	
0.891929	0.860419	0.83559	0.874484	0.894512	0.84782	0.796459	0.688571	
0.885602	0.841081	0.805278	0.862342	0.887009	0.835345	0.796129	0.687306	
0.892152	0.860976	0.836781	0.874626	0.895003	0.847622	0.796571	0.688555	
0.890935	0.860969	0.835943	0.87435	0.895022	0.847009	0.795343	0.691923	
0.891892	0.861519	0.836614	0.874658	0.895054	0.847447	0.796129	0.689876	
0.845332	0.709019	0.748141	0.850891	0.879081	0.818046	0.797983	0.670883	
0.892108	0.860879	0.83646	0.874556	0.895246	0.847196	0.796822	0.688485	
0.89213	0.861713	0.836893	0.874696	0.895162	0.847445	0.796371	0.689433	
0.891544	0.860571	0.831192	0.873855	0.893674	0.847483	0.797144	0.690351	
0.89231	0.861908	0.836716	0.874761	0.895017	0.84764	0.796549	0.689642	
0.884086	0.8487	0.811401	0.864812	0.891279	0.838011	0.79617	0.687306	
0.892558	0.862275	0.837164	0.874669	0.895132	0.847429	0.796587	0.689534	
0.892612	0.862372	0.836922	0.87469	0.8951	0.847735	0.796765	0.689936	
0.892774	0.862688	0.837238	0.874691	0.895131	0.847645	0.796762	0.689901	
0.891896	0.860998	0.832002	0.873311	0.894504	0.847917	0.797564	0.692541	
0.892924	0.862969	0.836889	0.874604	0.895122	0.847903	0.796988	0.690605	
0.815647	0.703212	0.695079	0.828638	0.869504	0.810592	0.79432	0.671366	
0.893264	0.862143	0.837078	0.874657	0.894639	0.847528	0.797262	0.689357	
0.893285	0.863169	0.837544	0.874771	0.895043	0.847889	0.797091	0.690213	
0.892754	0.864137	0.836985	0.873941	0.895048	0.848687	0.797713	0.692289	
0.855889	0.769052	0.800179	0.869205	0.882803	0.834288	0.798502	0.677165	
0.89426	0.864637	0.838157	0.87444	0.895257	0.848816	0.79818	0.691162	
0.894707	0.863566	0.837955	0.874873	0.894824	0.848308	0.798561	0.692173	
0.887237	0.841194	0.834136	0.871215	0.889118	0.844987	0.796391	0.687494	
0.894822	0.865506	0.838542	0.874967	0.89551	0.848988	0.798678	0.691681	
0.89091	0.864788	0.833956	0.873121	0.895003	0.851399	0.799927	0.692692	
0.894665	0.865792	0.838202	0.874737	0.895631	0.849698	0.799036	0.691975	
0.883475	0.83576	0.830612	0.874583	0.892746	0.84346	0.796812	0.685939	
0.895034	0.865736	0.838771	0.874923	0.895762	0.849683	0.798986	0.691517	
0.894737	0.865523	0.838027	0.874783	0.895716	0.850052	0.799271	0.692391	
0.895182	0.866047	0.83869	0.874928	0.895839	0.850003	0.799187	0.691856	
0.895198	0.866118	0.838618	0.874918	0.89585	0.8501	0.799261	0.692002	
0.89564	0.866583	0.838634	0.875082	0.896041	0.850957	0.799594	0.692299	
0.876353	0.736818	0.789689	0.861607	0.881106	0.830369	0.800177	0.680136	
0.896557	0.865229	0.839117	0.875716	0.896124	0.851264	0.800045	0.691202	
0.893089	0.836786	0.831909	0.873069	0.895149	0.848584	0.798446	0.696606	
0.896594	0.866904	0.839285	0.875706	0.896249	0.851253	0.799804	0.692259	
0.895604	0.867169	0.838279	0.875559	0.89599	0.852926	0.800759	0.69252	
0.897459	0.853499	0.838998	0.87563	0.895148	0.849748	0.798831	0.693459	
0.896599	0.868107	0.838828	0.875889	0.896376	0.852441	0.800437	0.692878	
0.88864	0.833224	0.829888	0.875304	0.894597	0.849431	0.8001	0.686209	
0.897066	0.867989	0.839372	0.87614	0.896445	0.852586	0.800504	0.692233	
0.897084	0.868207	0.839363	0.876133	0.896428	0.852498	0.800508	0.692685	
0.895409	0.856938	0.838025	0.876997	0.896091	0.852214	0.800769	0.689898	
0.89736	0.868215	0.839662	0.876306	0.896463	0.852618	0.800615	0.692293	
0.884437	0.792777	0.82828	0.873369	0.893755	0.848402	0.799857	0.697635	
0.8973	0.868081	0.839674	0.876324	0.89637	0.852546	0.800646	0.692943	
0.897579	0.868279	0.839798	0.876473	0.896481	0.852773	0.80084	0.69239	
0.897613	0.868623	0.839882	0.876486	0.896438	0.852711	0.80081	0.69262	
0.89817	0.868399	0.840132	0.877024	0.896475	0.85326	0.801182	0.692522	
0.513532	0.177779	0.349624	0.518456	0.696201	0.594604	0.738937	0.694287	
0.888861	0.737922	0.829686	0.871104	0.89252	0.849187	0.799459	0.69638	
0.898175	0.868948	0.840255	0.877091	0.896326	0.853221	0.801064	0.692956	
0.898236	0.869286	0.840279	0.877121	0.896368	0.853291	0.801158	0.692847	
0.898471	0.869712	0.840346	0.877375	0.896167	0.853553	0.801364	0.693225	
0.85849	0.440658	0.791114	0.857031	0.887968	0.842918	0.804069	0.677323	
0.898669	0.865295	0.8399	0.877277	0.896241	0.853723	0.802004	0.691859	
0.898614	0.870086	0.840366	0.877393	0.896201	0.853611	0.801504	0.692946	
0.89882	0.870094	0.84038	0.877637	0.895927	0.854057	0.801798	0.693889	
0.893589	0.799924	0.832201	0.875309	0.895082	0.852892	0.803587	0.688384	
0.899218	0.871569	0.840609	0.877777	0.896025	0.85413	0.802062	0.693285	
0.89913	0.872179	0.841128	0.878432	0.896009	0.854289	0.802637	0.693689	
0.771921	0.255165	0.78606	0.825372	0.866546	0.816226	0.794982	0.70412	
0.898122	0.850784	0.841222	0.877328	0.895226	0.853891	0.802656	0.695285	
0.899194	0.872667	0.841229	0.878344	0.895936	0.854283	0.802649	0.693915	
0.899679	0.868591	0.839223	0.877348	0.896139	0.854324	0.804429	0.692844	
0.899459	0.872683	0.841431	0.87827	0.896064	0.854381	0.803133	0.693669	
0.876732	0.722295	0.758111	0.855012	0.884984	0.845907	0.799055	0.699714	
0.899211	0.872063	0.841269	0.878346	0.896013	0.854373	0.802983	0.694517	
0.89941	0.872959	0.841582	0.878367	0.896071	0.8544	0.803077	0.694029	
0.8993	0.87268	0.842186	0.878528	0.896645	0.854477	0.803988	0.692968	
0.838241	0.80189	0.792708	0.873175	0.889391	0.843252	0.800972	0.701426	
0.899567	0.873577	0.842516	0.878535	0.896563	0.854493	0.804161	0.694227	
0.899627	0.873697	0.842585	0.878559	0.896621	0.854535	0.804159	0.694181	
0.899407	0.873706	0.842382	0.878542	0.896825	0.854637	0.804435	0.69501	
0.898784	0.869646	0.841801	0.878115	0.896887	0.854612	0.804807	0.692899	
0.899578	0.874177	0.842685	0.878663	0.896913	0.854713	0.804523	0.694558	
0.895721	0.866936	0.840625	0.87872	0.896521	0.854172	0.805148	0.696666	
0.899444	0.874156	0.842685	0.878685	0.896925	0.854735	0.804647	0.694871	
0.888515	0.841018	0.834356	0.87884	0.89472	0.85165	0.803885	0.689305	
0.899602	0.874237	0.842918	0.878773	0.897004	0.854806	0.804695	0.694416	
0.899418	0.874318	0.842816	0.878761	0.897011	0.854828	0.804822	0.69491	
0.89954	0.874464	0.842959	0.878804	0.897056	0.854871	0.804842	0.694688	
0.899206	0.87484	0.843134	0.879003	0.897223	0.855153	0.805436	0.695107	
0.617184	0.288796	0.629655	0.821376	0.691684	0.660747	0.741245	0.629223	
0.894872	0.864262	0.841208	0.879095	0.896517	0.853582	0.804965	0.691309	
0.899516	0.875088	0.843482	0.879073	0.8973	0.855219	0.805474	0.694672	
0.899265	0.874994	0.843665	0.879376	0.897189	0.855553	0.805883	0.695393	
0.89256	0.801975	0.807667	0.870135	0.894438	0.852637	0.807209	0.688772	
0.899446	0.876016	0.844272	0.879581	0.89742	0.855632	0.806162	0.694871	
0.89967	0.876372	0.844631	0.879914	0.89739	0.855984	0.806712	0.695018	
0.781641	0.597625	0.552931	0.818333	0.862684	0.831111	0.787252	0.700989	
0.898813	0.872635	0.841926	0.879785	0.89667	0.855554	0.8063	0.696727	
0.899716	0.87646	0.844753	0.879977	0.897312	0.855942	0.806662	0.695349	
0.89905	0.839405	0.832967	0.876477	0.896511	0.855162	0.808359	0.693175	
0.899814	0.876473	0.844792	0.880087	0.897393	0.856002	0.806862	0.695164	
0.899799	0.876619	0.84492	0.880099	0.897293	0.85603	0.806764	0.695523	
0.899864	0.876772	0.844977	0.88018	0.897349	0.856063	0.806897	0.69538	
0.899613	0.875175	0.844875	0.880253	0.897074	0.856214	0.806958	0.696751	
0.899839	0.876787	0.8451	0.880268	0.897259	0.856147	0.806928	0.695924	
0.849773	0.315682	0.684364	0.802117	0.871098	0.83024	0.808412	0.672933	
0.900041	0.866509	0.843673	0.879895	0.897216	0.856246	0.807579	0.694402	
0.899971	0.877068	0.845218	0.880352	0.897305	0.856213	0.80704	0.695693	
0.900296	0.877489	0.845516	0.880583	0.897303	0.856375	0.807245	0.695738	
0.872702	0.841049	0.813386	0.876735	0.892674	0.851997	0.804088	0.700828	
0.900183	0.877447	0.845234	0.880643	0.897216	0.856667	0.807256	0.696478	
0.900083	0.875489	0.844946	0.880733	0.897607	0.856202	0.80733	0.695043	
0.900553	0.877827	0.845647	0.880755	0.897404	0.856659	0.807322	0.696086	
0.900588	0.872991	0.845449	0.880398	0.897226	0.85667	0.807269	0.697056	
0.900597	0.877927	0.845744	0.880757	0.897395	0.856697	0.807316	0.696304	
0.898844	0.804124	0.827931	0.876099	0.896051	0.854589	0.809879	0.692387	
0.900725	0.877756	0.845633	0.88089	0.89755	0.856859	0.807635	0.69599	
0.900688	0.878059	0.845836	0.880836	0.897468	0.856851	0.807402	0.69657	
0.900795	0.878265	0.845881	0.880932	0.897555	0.856909	0.807557	0.696339	
0.900881	0.877481	0.845935	0.881045	0.897585	0.857123	0.807763	0.697311	
0.897083	0.833016	0.834062	0.878811	0.897096	0.855467	0.809381	0.691504	
0.901155	0.878797	0.846227	0.881296	0.897763	0.857192	0.808021	0.696631	
0.901263	0.87901	0.846371	0.881592	0.898019	0.857455	0.808372	0.697115	
0.824664	0.266697	0.595228	0.718648	0.853318	0.79641	0.78483	0.695162	
0.901345	0.852193	0.844661	0.880177	0.897574	0.856545	0.8077	0.698279	
0.901378	0.879146	0.84656	0.881614	0.898024	0.85742	0.80832	0.697251	
0.901315	0.877857	0.846405	0.881989	0.898177	0.857239	0.809055	0.696149	
0.90158	0.879172	0.846725	0.881774	0.898119	0.857403	0.808555	0.696923	
0.877455	0.804539	0.802106	0.872205	0.891602	0.854187	0.806797	0.704382	
0.901368	0.878671	0.84662	0.881723	0.898016	0.857605	0.80847	0.697818	
0.901661	0.879323	0.846935	0.881889	0.89821	0.857438	0.808605	0.697171	
0.901624	0.879347	0.846933	0.881897	0.898169	0.857526	0.808641	0.697453	
0.901798	0.879522	0.847273	0.882142	0.8985	0.857599	0.80885	0.697592	
0.458522	0.428197	0.420658	0.813201	0.827813	0.74908	0.747985	0.654467	
0.890452	0.851814	0.837699	0.881589	0.896426	0.856537	0.808598	0.701221	
0.901754	0.879616	0.847254	0.882155	0.898433	0.857729	0.808898	0.698035	
0.901816	0.879689	0.847323	0.882183	0.898483	0.857723	0.808894	0.697997	
0.901812	0.879689	0.847441	0.882457	0.898684	0.858033	0.809098	0.698691	
0.723422	0.372631	0.700529	0.86076	0.819503	0.769479	0.787244	0.659321	
0.900573	0.870337	0.84658	0.882791	0.898281	0.857129	0.809419	0.696341	
0.90208	0.879936	0.847636	0.882541	0.898704	0.858005	0.809183	0.698381	
0.902555	0.87711	0.847389	0.882548	0.898545	0.858338	0.809753	0.699238	
0.902288	0.879613	0.847812	0.882631	0.898665	0.858159	0.809404	0.698695	
0.848079	0.299377	0.599005	0.780858	0.867808	0.823082	0.803552	0.678782	
0.902287	0.868979	0.844659	0.882082	0.898947	0.857985	0.809801	0.697586	
0.902386	0.879955	0.847888	0.882736	0.898769	0.858192	0.809481	0.698542	
0.902775	0.880095	0.848124	0.883015	0.898877	0.858182	0.809612	0.698535	
0.729948	0.694053	0.727969	0.872975	0.874907	0.831237	0.80012	0.698536	
0.900859	0.876718	0.846848	0.883106	0.898039	0.858589	0.810143	0.699785	
0.902737	0.880153	0.848102	0.883055	0.898747	0.858351	0.809754	0.698818	
0.903091	0.880386	0.848435	0.883313	0.898982	0.858731	0.810152	0.699039	
0.674315	0.604578	0.652409	0.855029	0.858011	0.799045	0.768561	0.698145	
0.900495	0.873973	0.84623	0.883421	0.898232	0.858367	0.809913	0.701805	
0.903042	0.880588	0.848426	0.883392	0.898942	0.858827	0.810188	0.699677	
0.900936	0.850486	0.838281	0.881371	0.89842	0.859553	0.811254	0.698673	
0.903061	0.880613	0.848468	0.883483	0.898993	0.85898	0.810346	0.699609	
0.903092	0.879849	0.848491	0.883428	0.898875	0.858886	0.810248	0.700146	
0.903091	0.880772	0.848605	0.883505	0.898963	0.858958	0.810314	0.69981	
0.903066	0.880736	0.84872	0.883713	0.89909	0.859171	0.810725	0.700271	
0.536038	0.159916	0.158151	0.338916	0.596375	0.625197	0.704729	0.657631	
0.899192	0.79399	0.81785	0.872872	0.893988	0.856745	0.809086	0.702443	
0.903159	0.880972	0.848958	0.883768	0.898965	0.859243	0.810662	0.70056	
0.903164	0.881203	0.848994	0.883804	0.899005	0.859254	0.810739	0.700507	
0.903326	0.881292	0.849169	0.884002	0.898903	0.859433	0.810979	0.700915	
0.874243	0.515101	0.714252	0.836618	0.889313	0.845929	0.809835	0.69665	
0.903073	0.877436	0.847449	0.883659	0.899262	0.859177	0.811327	0.700718	
0.903331	0.881529	0.849116	0.884022	0.898985	0.85941	0.811043	0.700888	
0.90315	0.881155	0.848759	0.884083	0.899172	0.859812	0.811083	0.701922	
0.900155	0.858192	0.834811	0.88123	0.89838	0.858514	0.811983	0.69915	
0.903511	0.881979	0.849268	0.88415	0.899258	0.859738	0.81127	0.70159	
0.903766	0.882038	0.849483	0.884293	0.899201	0.859933	0.8117	0.701733	
0.498029	0.383304	0.233587	0.596074	0.780306	0.781516	0.768292	0.695609	
0.896611	0.861482	0.833848	0.881287	0.897986	0.859915	0.811063	0.704752	
0.903755	0.882183	0.849654	0.884323	0.899203	0.860023	0.811675	0.702093	
0.903704	0.882601	0.849707	0.884365	0.899529	0.860383	0.81184	0.702523	
0.836515	0.645162	0.812052	0.852463	0.858028	0.811423	0.801995	0.700046	
0.903717	0.87978	0.850469	0.884574	0.898646	0.860295	0.811995	0.702806	
0.903887	0.88248	0.850022	0.884506	0.899353	0.860471	0.811909	0.702616	
0.899313	0.816095	0.830393	0.879969	0.899331	0.858853	0.812371	0.702381	
0.903854	0.882496	0.849827	0.884507	0.899476	0.86037	0.812019	0.702635	
0.903885	0.88268	0.849989	0.884519	0.89941	0.860429	0.811958	0.702625	
0.90391	0.882148	0.850159	0.884797	0.899188	0.860587	0.812243	0.703295	
0.902046	0.854103	0.836316	0.881276	0.899098	0.859586	0.812648	0.701609	
0.90405	0.883112	0.850396	0.88483	0.899343	0.860548	0.81235	0.70313	
0.90431	0.883144	0.850366	0.884871	0.899554	0.860707	0.812827	0.703224	
0.635721	0.263778	0.261905	0.563268	0.743313	0.771781	0.75455	0.668788	
0.900375	0.849541	0.836075	0.882045	0.896961	0.860662	0.81177	0.704969	
0.904248	0.88349	0.850578	0.885011	0.899469	0.860805	0.81277	0.703454	
0.90447	0.883715	0.850902	0.885229	0.899563	0.86101	0.812909	0.703687	
0.574486	0.548295	0.572447	0.863551	0.874589	0.80828	0.786037	0.697862	
0.898682	0.879211	0.846411	0.88516	0.899456	0.860623	0.813009	0.705834	
0.90439	0.883859	0.850832	0.88525	0.899612	0.861062	0.812969	0.704043	
0.904705	0.883577	0.850861	0.88518	0.900217	0.861074	0.813123	0.704196	
0.886455	0.836645	0.810853	0.879641	0.896121	0.860972	0.813355	0.708459	
0.904627	0.884358	0.851043	0.885351	0.900055	0.861272	0.813233	0.704713	
0.904546	0.883778	0.849317	0.88533	0.899625	0.861668	0.813597	0.705265	
0.9047	0.884338	0.851105	0.885374	0.89997	0.861416	0.813368	0.70489	
0.898527	0.857117	0.823265	0.881955	0.89707	0.860049	0.813788	0.706947	
0.904575	0.884323	0.851219	0.885457	0.899909	0.861382	0.813511	0.705146	
0.904909	0.884358	0.851212	0.885411	0.900081	0.861309	0.813672	0.704851	
0.904742	0.88458	0.851393	0.885503	0.899988	0.861425	0.813683	0.705159	
0.905178	0.883309	0.850723	0.885445	0.900163	0.861272	0.814451	0.704738	
0.904999	0.884578	0.851471	0.885539	0.900075	0.861392	0.813943	0.70503	
0.84492	0.650964	0.731491	0.853012	0.882741	0.857876	0.810304	0.70836	
0.904139	0.881727	0.851016	0.885657	0.899667	0.861858	0.813892	0.705687	
0.904906	0.884669	0.851619	0.885631	0.900008	0.861517	0.813938	0.70519	
0.905142	0.884895	0.851921	0.885855	0.900178	0.861556	0.814396	0.705215	
0.770913	0.44698	0.682295	0.83883	0.876129	0.855705	0.805792	0.709802	
0.903245	0.867754	0.850359	0.886118	0.899629	0.862386	0.814346	0.706446	
0.90513	0.884908	0.851943	0.885943	0.900145	0.861662	0.814399	0.705356	
0.905169	0.883353	0.850796	0.886007	0.900439	0.861392	0.814655	0.705715	
0.905211	0.88495	0.851884	0.885989	0.900229	0.861603	0.814467	0.705445	
0.899146	0.853686	0.842646	0.885376	0.899243	0.862867	0.814329	0.708021	
0.905118	0.884839	0.851864	0.88612	0.900195	0.861764	0.814472	0.705729	
0.905271	0.885069	0.851909	0.886153	0.900265	0.861673	0.814561	0.705568	
0.905219	0.885071	0.851914	0.886214	0.900253	0.861771	0.814574	0.705737	
0.905367	0.884596	0.851435	0.886558	0.900418	0.86178	0.814978	0.70551	
0.905392	0.885215	0.851902	0.886394	0.900344	0.861792	0.814758	0.705642	
0.766994	0.747632	0.650616	0.852474	0.877584	0.849415	0.807257	0.716075	
0.903515	0.883938	0.85013	0.886131	0.900114	0.862178	0.814678	0.707424	
0.905206	0.885358	0.851899	0.886392	0.900337	0.861926	0.81475	0.706098	
0.905454	0.885335	0.852441	0.886651	0.900255	0.861834	0.814884	0.706267	
0.888616	0.868234	0.836434	0.884615	0.897599	0.859971	0.813922	0.709751	
0.905341	0.885706	0.852271	0.886663	0.900346	0.862155	0.815024	0.706821	
0.905253	0.885998	0.852397	0.886898	0.900376	0.862613	0.81523	0.707255	
0.779236	0.644965	0.683711	0.849812	0.823678	0.791035	0.784434	0.680544	
0.905415	0.882506	0.851185	0.886726	0.900117	0.86084	0.81539	0.706933	
0.905533	0.886052	0.852549	0.88694	0.900513	0.862395	0.815323	0.707235	
0.904434	0.882511	0.851627	0.887136	0.899332	0.863654	0.816099	0.70642	
0.905595	0.886026	0.852714	0.887055	0.900404	0.86285	0.815602	0.707076	
0.865571	0.841086	0.80103	0.88203	0.890161	0.846781	0.809353	0.709226	
0.905401	0.886298	0.852442	0.88715	0.900489	0.862576	0.815767	0.707703	
0.906043	0.88586	0.852206	0.887157	0.900474	0.863181	0.816093	0.706766	
0.90586	0.886398	0.852794	0.887194	0.90052	0.86288	0.815935	0.707292	
0.904955	0.871784	0.847496	0.886292	0.899534	0.862731	0.816471	0.707725	
0.905897	0.886377	0.852897	0.887277	0.900504	0.862949	0.816019	0.707359	
0.90522	0.87251	0.8442	0.886385	0.90052	0.863813	0.816923	0.705609	
0.906032	0.886461	0.852869	0.887283	0.900556	0.86307	0.816147	0.707187	
0.903942	0.880739	0.848867	0.887093	0.900031	0.863128	0.816209	0.70882	
0.905888	0.886502	0.852979	0.887374	0.90054	0.86312	0.81617	0.707442	
0.905381	0.874585	0.845225	0.886264	0.90059	0.86256	0.817923	0.70506	
0.906093	0.88661	0.853015	0.887425	0.900616	0.863117	0.816406	0.707184	
0.903058	0.885067	0.850029	0.887197	0.900018	0.862772	0.815611	0.710974	
0.905703	0.886819	0.853053	0.887512	0.900581	0.863139	0.816254	0.708047	
0.891422	0.807318	0.812114	0.874473	0.892699	0.850783	0.821437	0.694444	
0.906221	0.886507	0.85343	0.887483	0.900753	0.862876	0.817017	0.706973	
0.90576	0.887128	0.853361	0.887647	0.900592	0.863121	0.816509	0.708242	
0.90592	0.887173	0.853529	0.887648	0.90067	0.863119	0.81673	0.707966	
0.905755	0.887721	0.853978	0.887832	0.900697	0.863403	0.81705	0.708938	
0.715948	0.477009	0.584922	0.792213	0.844709	0.793811	0.807261	0.649377	
0.904769	0.876622	0.848076	0.886455	0.900545	0.861864	0.818924	0.704905	
0.906072	0.887711	0.854228	0.887881	0.900771	0.863342	0.817289	0.708529	
0.905102	0.883151	0.85243	0.888318	0.900479	0.864177	0.817529	0.71004	
0.905957	0.887681	0.854071	0.888056	0.900758	0.863616	0.817359	0.708878	
0.902781	0.818332	0.834711	0.881428	0.899367	0.856764	0.820199	0.700623	
0.906373	0.887584	0.854281	0.888043	0.901007	0.863581	0.817754	0.708153	
0.906284	0.887662	0.854208	0.888249	0.900882	0.863675	0.817515	0.709039	
0.906387	0.887881	0.854289	0.888249	0.900955	0.863732	0.817743	0.708742	
0.906619	0.886892	0.854096	0.888692	0.901105	0.864038	0.817959	0.710057	
0.902813	0.830903	0.843305	0.885051	0.899332	0.862283	0.821029	0.701619	
0.906805	0.88817	0.85436	0.888744	0.901204	0.864195	0.818384	0.709241	
0.907341	0.888426	0.854962	0.888842	0.901199	0.863879	0.818306	0.710709	
0.805109	0.51918	0.666236	0.8156	0.816059	0.845194	0.818403	0.691515	
0.905256	0.879148	0.852674	0.888619	0.900622	0.866347	0.820621	0.709848	
0.907155	0.888424	0.854826	0.888965	0.901227	0.864412	0.818765	0.710577	
0.907419	0.888398	0.854897	0.889038	0.901466	0.864281	0.818936	0.710091	
0.907288	0.888691	0.854927	0.889047	0.901406	0.864356	0.818838	0.710723	
0.907364	0.888801	0.854981	0.889085	0.901444	0.864377	0.818943	0.710583	
0.907529	0.889137	0.855199	0.889217	0.901612	0.864541	0.819335	0.711315	
0.8281	0.49075	0.679664	0.832977	0.882018	0.835793	0.818229	0.693035	
0.907931	0.878499	0.852238	0.88865	0.901949	0.863648	0.820111	0.709964	
0.907711	0.88915	0.855279	0.889273	0.901684	0.864484	0.819438	0.711169	
0.906755	0.884066	0.853821	0.889142	0.901453	0.864381	0.819608	0.712963	
0.907612	0.889178	0.855308	0.88933	0.901671	0.864501	0.819479	0.711515	
0.904949	0.844884	0.842094	0.885296	0.901582	0.862469	0.821301	0.707542	
0.907812	0.889227	0.855338	0.889433	0.90181	0.864506	0.819709	0.711155	
0.907628	0.889278	0.855339	0.889515	0.901717	0.864543	0.819669	0.711718	
0.907772	0.889419	0.855465	0.889558	0.901801	0.864519	0.819713	0.7115	
0.907748	0.889449	0.855444	0.889593	0.901785	0.864551	0.819764	0.711644	
0.907736	0.888942	0.855593	0.889987	0.901945	0.864603	0.819965	0.711723	
0.896472	0.833474	0.8467	0.88963	0.89914	0.862307	0.819383	0.713375	
0.907779	0.889832	0.855535	0.890029	0.901904	0.864759	0.820099	0.712082	
0.907813	0.889884	0.85557	0.89004	0.90192	0.864755	0.820118	0.712056	
0.908031	0.890066	0.855693	0.890173	0.901992	0.864825	0.820302	0.712238	
0.886264	0.685299	0.739517	0.858357	0.892136	0.852872	0.816921	0.718231	
0.90782	0.887393	0.854944	0.890182	0.901909	0.864794	0.820277	0.713122	
0.908024	0.890063	0.855752	0.890237	0.901991	0.864841	0.820303	0.71244	
0.908503	0.880436	0.852916	0.889468	0.902091	0.864631	0.820818	0.71127	
0.908233	0.890158	0.855843	0.890195	0.902032	0.864846	0.820372	0.712306	
0.901956	0.873505	0.845408	0.888652	0.900705	0.864589	0.820938	0.715584	
0.908159	0.890119	0.855837	0.890195	0.901978	0.86492	0.820455	0.712657	
0.90847	0.890198	0.855996	0.890183	0.902057	0.864873	0.820445	0.712392	
0.908412	0.890232	0.855973	0.890178	0.902022	0.864944	0.820521	0.712646	
0.908484	0.887434	0.855668	0.89015	0.902094	0.864586	0.820611	0.712038	
0.908633	0.89027	0.8561	0.890183	0.90207	0.864918	0.820554	0.712534	
0.898151	0.874834	0.844897	0.888998	0.900409	0.864246	0.820894	0.715852	
0.908531	0.890306	0.85602	0.890159	0.902006	0.86502	0.820666	0.712909	
0.908822	0.890363	0.856182	0.890205	0.902106	0.86494	0.820679	0.712681	
0.908739	0.89043	0.856151	0.890201	0.902048	0.865028	0.820752	0.712959	
0.909123	0.88894	0.85494	0.890125	0.902398	0.864577	0.821102	0.712489	
0.909012	0.890442	0.856249	0.890262	0.902163	0.864963	0.820851	0.712845	
0.863644	0.763804	0.704459	0.858644	0.891433	0.854913	0.819701	0.720879	
0.908431	0.889386	0.854994	0.890104	0.901869	0.865246	0.820972	0.713821	
0.908946	0.890533	0.856248	0.890285	0.902103	0.865066	0.820888	0.713105	
0.908993	0.890608	0.856241	0.890481	0.90213	0.86526	0.821298	0.713266	
0.797117	0.279088	0.397412	0.723599	0.821215	0.789118	0.776655	0.708513	
0.907837	0.870349	0.849501	0.889351	0.901283	0.864914	0.8204	0.715084	
0.909009	0.890754	0.856335	0.890569	0.90212	0.865311	0.82124	0.713489	
0.909161	0.890648	0.856716	0.890731	0.902073	0.864955	0.821357	0.713354	
0.907542	0.885142	0.853113	0.890399	0.901885	0.86575	0.82142	0.714814	
0.90918	0.890816	0.85676	0.890773	0.902072	0.865155	0.821386	0.713665	
0.908582	0.88951	0.855936	0.890436	0.902187	0.86512	0.821692	0.713855	
0.909169	0.890989	0.856691	0.890753	0.902134	0.865187	0.821477	0.713717	
0.908237	0.886298	0.854763	0.89078	0.902011	0.865984	0.821712	0.714918	
0.90911	0.890907	0.856663	0.890804	0.902129	0.865326	0.82152	0.713916	
0.905937	0.874417	0.843786	0.889152	0.901976	0.863099	0.823001	0.71101	
0.909296	0.891022	0.856747	0.890837	0.902224	0.865201	0.821722	0.713646	
0.909151	0.891086	0.856695	0.890818	0.902176	0.865398	0.821656	0.714039	
0.909303	0.891108	0.856795	0.890859	0.902227	0.865313	0.82174	0.713926	
0.909023	0.891353	0.856513	0.89075	0.902002	0.865889	0.822047	0.715068	
0.367844	0.147749	0.266519	0.516732	0.629105	0.530217	0.681068	0.558052	
0.878236	0.864893	0.799214	0.881298	0.898876	0.855929	0.820322	0.706706	
0.909671	0.891308	0.857276	0.891065	0.902266	0.86556	0.822069	0.714381	
0.909603	0.891403	0.857255	0.891042	0.9022	0.865679	0.822081	0.714741	
0.909765	0.891443	0.85742	0.891433	0.902375	0.865759	0.822262	0.714925	
0.668853	0.632893	0.473871	0.775966	0.858994	0.810983	0.80442	0.722904	
0.906553	0.886149	0.852156	0.890521	0.901686	0.866123	0.822101	0.717002	
0.909675	0.891519	0.857463	0.891451	0.902331	0.865909	0.822264	0.715237	
0.909711	0.891209	0.858011	0.891475	0.902394	0.866224	0.823043	0.714827	
0.907213	0.845608	0.85374	0.891524	0.900351	0.865049	0.820286	0.71951	
0.909776	0.891796	0.857815	0.891649	0.902424	0.866292	0.8228	0.715545	
0.909852	0.891825	0.857875	0.89172	0.902431	0.866283	0.822799	0.715566	
0.909856	0.891408	0.85764	0.892065	0.902434	0.866538	0.822895	0.716467	
0.744462	0.128108	0.586814	0.711621	0.786155	0.71661	0.789571	0.646542	
0.909175	0.854396	0.853974	0.889875	0.901397	0.864559	0.82394	0.711907	
0.909997	0.891957	0.857844	0.892049	0.902481	0.866485	0.823047	0.71606	
0.909999	0.891998	0.857848	0.892043	0.902498	0.866527	0.823082	0.716122	
0.910238	0.892053	0.858151	0.892114	0.902666	0.866609	0.823399	0.715923	
0.675907	0.481774	0.623018	0.827139	0.826524	0.793337	0.762348	0.692381	
0.9065	0.872619	0.854008	0.891748	0.901866	0.866378	0.82259	0.718767	
0.910173	0.892226	0.858015	0.892175	0.902696	0.866717	0.823375	0.716301	
0.909901	0.891564	0.857948	0.892646	0.902609	0.866805	0.823166	0.716684	
0.910305	0.892181	0.858082	0.892372	0.902683	0.866784	0.823307	0.716459	
0.876809	0.869191	0.838761	0.889077	0.900083	0.862511	0.821885	0.72143	
0.909997	0.892193	0.857903	0.89231	0.902758	0.866861	0.823453	0.717088	
0.910342	0.892305	0.858132	0.892452	0.902647	0.86693	0.823545	0.716669	
0.910263	0.892301	0.858217	0.89244	0.902733	0.866912	0.823524	0.717033	
0.910316	0.89234	0.858235	0.892479	0.902691	0.866994	0.823618	0.716977	
0.910404	0.89198	0.858539	0.892597	0.902707	0.86714	0.823929	0.717767	
0.408784	0.0778744	0.205195	0.510184	0.656749	0.624223	0.667849	0.546703	
0.902729	0.811366	0.80335	0.879796	0.897435	0.864567	0.824827	0.711204	
0.910651	0.89225	0.858487	0.892631	0.902569	0.867317	0.8243	0.717285	
0.91056	0.892378	0.858693	0.892693	0.902646	0.86733	0.824221	0.717543	
0.910812	0.892289	0.858789	0.8928	0.902739	0.86749	0.824651	0.717333	
0.688934	0.509875	0.362945	0.658848	0.823799	0.767739	0.789237	0.719276	
0.907153	0.884271	0.850171	0.890811	0.90234	0.866507	0.82328	0.720271	
0.910623	0.892557	0.858907	0.892883	0.902785	0.867497	0.824508	0.717743	
0.9109	0.892459	0.859367	0.89317	0.902868	0.86751	0.824446	0.717908	
0.352204	0.359218	0.417603	0.783439	0.795586	0.709432	0.702649	0.636091	
0.89003	0.868296	0.844951	0.891578	0.900478	0.865725	0.823738	0.720746	
0.910858	0.892583	0.859175	0.893145	0.902897	0.867698	0.824559	0.718294	
0.910901	0.892681	0.859252	0.89314	0.902879	0.867717	0.824601	0.718249	
0.910711	0.892732	0.859106	0.893079	0.902902	0.868153	0.824938	0.718721	
0.682131	0.522771	0.699786	0.849695	0.774081	0.740743	0.772129	0.680557	
0.908192	0.878762	0.85786	0.893142	0.90194	0.866445	0.824255	0.716692	
0.910926	0.892861	0.8593	0.893134	0.902931	0.868102	0.824926	0.718548	
0.911155	0.892379	0.859435	0.893381	0.903144	0.868076	0.82525	0.718748	
0.910555	0.877695	0.85436	0.892311	0.903087	0.868337	0.825952	0.716817	
0.911244	0.892958	0.859466	0.893369	0.903183	0.868135	0.825364	0.718519	
0.911027	0.89299	0.858188	0.893396	0.903154	0.868549	0.82564	0.71914	
0.911227	0.893076	0.859263	0.89342	0.903193	0.868326	0.825487	0.718787	
0.885852	0.70153	0.624039	0.830711	0.894396	0.856661	0.824156	0.70935	
0.911369	0.891161	0.856807	0.892837	0.903493	0.867953	0.82576	0.718195	
0.911304	0.893114	0.859458	0.893439	0.903267	0.868276	0.825542	0.718689	
0.91119	0.892679	0.859724	0.893631	0.903244	0.868365	0.825665	0.719216	
0.910468	0.875334	0.855013	0.892569	0.903976	0.868034	0.826502	0.716605	
0.911458	0.893221	0.859778	0.893623	0.903399	0.868372	0.825801	0.718882	
0.91153	0.893267	0.860039	0.893764	0.903307	0.868575	0.826044	0.718837	
0.608327	0.472439	0.6992	0.865705	0.837377	0.811361	0.779848	0.717525	
0.906132	0.879846	0.857698	0.893724	0.902444	0.868155	0.825273	0.720941	
0.911524	0.8935	0.860029	0.893802	0.903315	0.868615	0.825998	0.719141	
0.912214	0.891059	0.857434	0.893585	0.903497	0.868099	0.826264	0.718634	
0.911729	0.893407	0.860209	0.893853	0.903383	0.868549	0.826054	0.719057	
0.908639	0.863754	0.850028	0.892557	0.90192	0.869518	0.826071	0.721453	
0.911666	0.893354	0.860161	0.893876	0.903292	0.868702	0.826076	0.719312	
0.911799	0.89343	0.860251	0.893871	0.903398	0.868632	0.826123	0.719225	
0.911784	0.893472	0.860266	0.893897	0.903357	0.868687	0.826134	0.719315	
0.912164	0.893323	0.860244	0.893931	0.903525	0.868779	0.826322	0.719507	
0.666887	0.280047	0.240054	0.602941	0.792877	0.78849	0.789706	0.709599	
0.90806	0.85462	0.841129	0.890604	0.9011	0.869199	0.825739	0.722037	
0.912032	0.893498	0.860372	0.893994	0.903387	0.86892	0.826293	0.719802	
0.912092	0.893563	0.860392	0.894003	0.903437	0.868907	0.826311	0.719769	
0.912094	0.893668	0.860403	0.894172	0.903439	0.869093	0.826366	0.720207	
0.899119	0.698411	0.760629	0.876213	0.899065	0.858376	0.826709	0.713354	
0.912573	0.892019	0.859749	0.894271	0.903707	0.868619	0.826579	0.719625	
0.912242	0.893725	0.860501	0.894236	0.903513	0.869	0.826418	0.72008	
0.911613	0.888971	0.860399	0.894376	0.903262	0.869362	0.826669	0.721247	
0.912196	0.893624	0.860595	0.894284	0.903479	0.869095	0.826479	0.720335	
0.898313	0.719792	0.834516	0.890266	0.898871	0.862406	0.826639	0.713718	
0.912371	0.892782	0.860751	0.894295	0.903568	0.868932	0.826675	0.719831	
0.912291	0.893795	0.860717	0.894297	0.903518	0.869056	0.826544	0.720185	
0.9123	0.89267	0.860458	0.894344	0.903608	0.869252	0.827161	0.720018	
0.912336	0.893792	0.860691	0.894328	0.903563	0.869145	0.826768	0.720134	
0.903702	0.837356	0.850925	0.892385	0.898791	0.863582	0.824768	0.720096	
0.91224	0.893832	0.860777	0.89448	0.90349	0.869059	0.826741	0.720281	
0.912343	0.893951	0.860784	0.894417	0.90361	0.86919	0.82697	0.72018	
0.912292	0.894074	0.860809	0.894483	0.903572	0.869199	0.826957	0.720283	
0.912378	0.894121	0.860818	0.894655	0.903711	0.869438	0.827582	0.720425	
0.744637	0.320352	0.375384	0.659625	0.820175	0.7776	0.785427	0.711173	
0.909585	0.879517	0.852249	0.892786	0.902401	0.868533	0.826469	0.722793	
0.912239	0.894355	0.860853	0.894721	0.903661	0.869444	0.827504	0.720701	
0.912307	0.894357	0.86089	0.894729	0.903697	0.869467	0.827583	0.720633	
0.912164	0.894411	0.860795	0.894864	0.903699	0.869655	0.82778	0.721351	
0.773929	0.30236	0.448581	0.706628	0.837357	0.779995	0.807188	0.677217	
0.911805	0.880633	0.85105	0.892115	0.903453	0.868161	0.828445	0.718065	
0.912448	0.894659	0.861186	0.894917	0.903776	0.869587	0.827897	0.72098	
0.91218	0.893933	0.860871	0.894946	0.90392	0.869986	0.828529	0.721167	
0.904085	0.855885	0.855892	0.893917	0.901113	0.864896	0.826571	0.71952	
0.912539	0.894905	0.861321	0.894989	0.903995	0.869881	0.828499	0.72107	
0.912692	0.894572	0.861593	0.895038	0.904091	0.869467	0.828302	0.721448	
0.9114	0.890762	0.860115	0.895055	0.903719	0.869897	0.828772	0.72146	
0.912709	0.895038	0.861507	0.895087	0.904088	0.869678	0.828464	0.721481	
0.912642	0.894743	0.861364	0.895001	0.90409	0.870357	0.829112	0.720881	
0.910765	0.887913	0.859379	0.895127	0.903742	0.869611	0.828448	0.722751	
0.91263	0.895151	0.86141	0.895067	0.904099	0.87031	0.829039	0.721269	
0.912209	0.893457	0.861847	0.895023	0.904007	0.869244	0.828356	0.722497	
0.912641	0.895271	0.861648	0.895092	0.904125	0.870112	0.828902	0.72155	
0.904717	0.868886	0.852796	0.894243	0.902541	0.868104	0.827597	0.723782	
0.912568	0.895235	0.861561	0.895092	0.904133	0.870124	0.828887	0.721829	
0.912689	0.895332	0.861795	0.895068	0.904175	0.870051	0.828889	0.721737	
0.912676	0.89539	0.861771	0.895073	0.904176	0.870077	0.828901	0.721821	
0.912643	0.89551	0.862068	0.895029	0.904221	0.869939	0.828915	0.722327	
0.893885	0.784634	0.831114	0.886663	0.899485	0.862568	0.827887	0.719596	
0.912597	0.894805	0.861825	0.89489	0.904396	0.87003	0.829189	0.722229	
0.912673	0.895584	0.862066	0.895002	0.904293	0.86999	0.82901	0.7223	
0.908925	0.882598	0.858752	0.893973	0.902536	0.869439	0.828923	0.720637	
0.912726	0.895597	0.862188	0.894999	0.904268	0.870122	0.829091	0.722158	
0.912624	0.895649	0.862041	0.894969	0.904319	0.870211	0.82915	0.722377	
0.912751	0.895708	0.862246	0.894965	0.904338	0.870176	0.829177	0.722245	
0.912724	0.895745	0.862223	0.894959	0.90435	0.870224	0.829205	0.722319	
0.912873	0.895917	0.862475	0.894822	0.904499	0.870553	0.829579	0.722261	
0.788823	0.765	0.626022	0.860809	0.882337	0.851329	0.819378	0.732813	
0.910815	0.894513	0.85971	0.894508	0.904213	0.870969	0.829515	0.723895	
0.912715	0.89599	0.862425	0.894821	0.904487	0.870661	0.829584	0.722534	
0.909781	0.882782	0.859653	0.894842	0.903856	0.868294	0.829495	0.721227	
0.91284	0.895959	0.862632	0.894881	0.904529	0.870519	0.829609	0.722424	
0.912738	0.895966	0.862537	0.894863	0.904559	0.870608	0.829643	0.722656	
0.912818	0.896045	0.862673	0.894895	0.904563	0.870555	0.829666	0.722566	
0.912538	0.895542	0.862591	0.895009	0.904609	0.870581	0.829866	0.723214	
0.911204	0.878602	0.860782	0.894786	0.903917	0.86872	0.829763	0.72133	
0.912772	0.896194	0.863004	0.895071	0.904659	0.870456	0.829911	0.72298	
0.912978	0.896012	0.863298	0.895102	0.904803	0.870251	0.830224	0.722751	
0.910711	0.888842	0.857473	0.894288	0.903954	0.870885	0.830147	0.724467	
0.912899	0.896312	0.863337	0.895135	0.904737	0.870443	0.830242	0.723065	
0.912837	0.895912	0.863674	0.895153	0.904674	0.870444	0.830521	0.723402	
0.912139	0.875686	0.860301	0.89419	0.904712	0.869734	0.830433	0.723236	
0.912907	0.896493	0.86366	0.895179	0.904789	0.87048	0.830562	0.723427	
0.913232	0.896267	0.863844	0.895167	0.905001	0.870226	0.830914	0.723157	
0.90868	0.883678	0.85052	0.893155	0.903382	0.871312	0.830534	0.725276	
0.913198	0.89656	0.864039	0.895238	0.904887	0.870502	0.830906	0.723483	
0.913002	0.896458	0.863978	0.895184	0.904899	0.870715	0.831197	0.723883	
0.913333	0.886985	0.863817	0.89527	0.904972	0.870479	0.830986	0.724166	
0.913104	0.896802	0.86406	0.895224	0.904945	0.870697	0.831173	0.723953	
0.911282	0.89056	0.862568	0.895001	0.904707	0.869096	0.831113	0.72297	
0.913281	0.896759	0.864292	0.895242	0.904978	0.870587	0.831196	0.723861	
0.913168	0.893094	0.863468	0.895464	0.904911	0.871005	0.831498	0.72416	
0.913306	0.896719	0.864274	0.895299	0.904978	0.870679	0.83126	0.723923	
0.911573	0.875684	0.855235	0.893859	0.904888	0.869473	0.831722	0.722656	
0.913484	0.896739	0.864362	0.895283	0.905028	0.870606	0.831331	0.723812	
0.913398	0.896618	0.864339	0.895367	0.904973	0.870732	0.831365	0.723989	
0.913499	0.896784	0.8644	0.895341	0.905026	0.870696	0.831401	0.723907	
0.913443	0.896205	0.864093	0.895472	0.905009	0.87096	0.831594	0.724304	
0.913426	0.885149	0.857092	0.894043	0.905233	0.87021	0.831749	0.723174	
0.913638	0.896845	0.864444	0.895456	0.905097	0.870884	0.831645	0.724132	
0.913769	0.896899	0.864514	0.895528	0.90516	0.870918	0.831788	0.724198	
0.787275	0.514349	0.440834	0.793725	0.880057	0.856686	0.818488	0.731743	
0.912006	0.888524	0.858241	0.894915	0.90467	0.871332	0.83159	0.725461	
0.913703	0.896949	0.864585	0.89557	0.905132	0.870981	0.831779	0.724333	
0.913544	0.897069	0.864458	0.895622	0.90519	0.871053	0.83191	0.724661	
0.855569	0.575406	0.763553	0.866041	0.866099	0.842741	0.815534	0.72005	
0.913265	0.893027	0.864466	0.895658	0.904564	0.870855	0.831833	0.724703	
0.913609	0.897142	0.864642	0.895677	0.905123	0.87106	0.83192	0.724678	
0.913766	0.896569	0.863598	0.89571	0.90516	0.870714	0.832196	0.724546	
0.913684	0.897161	0.86468	0.895724	0.905137	0.870992	0.831982	0.724652	
0.911635	0.891172	0.856336	0.894905	0.904516	0.871649	0.831948	0.726467	
0.913583	0.897161	0.864677	0.895776	0.905092	0.871078	0.831991	0.724844	
0.913699	0.897193	0.864742	0.895804	0.905127	0.871001	0.832056	0.724766	
0.912656	0.896125	0.862505	0.89587	0.904823	0.871648	0.832195	0.725975	
0.913557	0.897199	0.864665	0.895892	0.905079	0.871162	0.832095	0.725037	
0.90376	0.847641	0.798576	0.885526	0.904777	0.86501	0.831963	0.720666	
0.91394	0.897012	0.864449	0.895853	0.9053	0.8709	0.832186	0.724642	
0.913728	0.897253	0.864782	0.895905	0.905163	0.87108	0.832129	0.7249	
0.913368	0.897156	0.86456	0.896132	0.905189	0.87126	0.832179	0.725732	
0.906645	0.86364	0.851391	0.894324	0.903933	0.868055	0.831356	0.722556	
0.913723	0.897474	0.865021	0.89615	0.905281	0.87118	0.832209	0.725472	
0.914017	0.897123	0.864713	0.896177	0.905563	0.871149	0.832364	0.725522	
0.913216	0.89311	0.864459	0.896191	0.904718	0.870884	0.832098	0.726534	
0.913909	0.897543	0.865155	0.896266	0.905415	0.871171	0.832326	0.725797	
0.911229	0.891519	0.860769	0.896225	0.904794	0.871302	0.832286	0.727316	
0.913833	0.897594	0.86512	0.896305	0.905386	0.87123	0.832346	0.725959	
0.913711	0.895799	0.865476	0.896372	0.905222	0.871234	0.832613	0.725875	
0.913868	0.897576	0.865269	0.896331	0.905371	0.87125	0.832422	0.725945	
0.908371	0.878306	0.858132	0.895403	0.904254	0.870808	0.832518	0.726822	
0.913798	0.897663	0.865126	0.896349	0.905401	0.871382	0.832526	0.726086	
0.913904	0.8977	0.865314	0.896418	0.90537	0.871345	0.832592	0.725991	
0.912678	0.895577	0.862782	0.896444	0.905366	0.872049	0.833003	0.727052	
0.913794	0.897734	0.865141	0.896479	0.905407	0.871544	0.832705	0.726237	
0.892279	0.783409	0.758421	0.881785	0.897905	0.862219	0.832133	0.71713	
0.914203	0.897089	0.864754	0.896515	0.905408	0.871284	0.832976	0.725501	
0.913971	0.89778	0.865324	0.896524	0.905423	0.871487	0.832786	0.726041	
0.913945	0.897001	0.864941	0.896797	0.905186	0.871616	0.832598	0.727091	
0.913983	0.897647	0.865331	0.896683	0.90534	0.871563	0.83272	0.726488	
0.897051	0.713348	0.723236	0.864732	0.899073	0.852465	0.832503	0.708562	
0.914561	0.896256	0.864252	0.89633	0.905775	0.871483	0.833401	0.725085	
0.914178	0.897727	0.86546	0.896664	0.905468	0.871586	0.832899	0.72616	
0.914233	0.897727	0.865359	0.896862	0.905451	0.8718	0.833095	0.726617	
0.86418	0.786061	0.780169	0.879787	0.900088	0.846524	0.830007	0.714865	
0.914462	0.89674	0.865174	0.89666	0.905919	0.871361	0.833348	0.725643	
0.914416	0.897704	0.865526	0.896848	0.905578	0.871744	0.833165	0.726399	
0.910067	0.886107	0.854237	0.895755	0.904438	0.872346	0.832526	0.729041	
0.914219	0.89777	0.865408	0.896937	0.905512	0.871884	0.83312	0.726682	
0.914422	0.897658	0.865563	0.896866	0.905615	0.87184	0.833272	0.726487	
0.914322	0.897779	0.865547	0.89693	0.905577	0.871893	0.833212	0.726657	
0.914399	0.897824	0.865672	0.896892	0.905742	0.872099	0.833565	0.726706	
0.785395	0.644318	0.555679	0.791327	0.873606	0.826385	0.795618	0.741877	
0.912666	0.893363	0.861994	0.896194	0.905255	0.871593	0.831991	0.730049	
0.914307	0.897869	0.865732	0.896941	0.90571	0.872089	0.833379	0.727194	
0.914219	0.898083	0.865931	0.897071	0.905602	0.872428	0.834207	0.727117	
0.811294	0.660695	0.627643	0.789451	0.837767	0.820627	0.774776	0.724075	
