0.002197
0.002245
0.002765
0.017175
0.016811
0.070215
0.098778
0.114072
0.209162
0.237602
0.282211
0.222767
0.309055
0.019711
0.185232
0.327855
0.342024
0.303410
0.372302
0.036106
0.113244
0.385358
0.402078
0.410994
0.432143
0.135623
0.406954
0.470488
0.397006
0.477058
0.475802
0.488228
0.492585
0.359385
0.517037
0.523622
0.474431
0.530050
0.280709
0.499288
0.535909
0.540695
0.547813
0.283070
0.564346
0.583663
0.586375
0.601068
0.222835
0.502028
0.601980
0.605678
0.608984
0.615278
0.455361
0.620483
0.624321
0.633920
0.113743
0.443422
0.634866
0.637822
0.640738
0.484703
0.649009
0.650358
0.659310
0.388822
0.661900
0.563109
0.670774
0.672056
0.669938
0.674704
0.111077
0.512168
0.676605
0.677759
0.679767
0.592875
0.684395
0.685252
0.690443
0.374649
0.681805
0.691573
0.518389
0.692391
0.693939
0.695013
0.700436
0.124241
0.602418
0.702008
0.702844
0.706903
0.543916
0.709746
0.711310
0.715552
0.116777
0.671891
0.716596
0.717293
0.709202
0.718242
0.536729
0.717185
0.719094
0.722160
0.184096
0.665017
0.724315
0.724967
0.728798
0.125918
0.600629
0.729949
0.730700
0.732527
0.676959
0.734637
0.735093
0.738254
0.402352
0.728636
0.738878
0.709197
0.739579
0.714022
0.740532
0.640578
0.741322
0.742145
0.742998
0.743780
0.682828
0.747311
0.747752
0.750706
0.415807
0.737529
0.751243
0.735715
0.751854
0.719011
0.752654
0.704299
0.753529
0.729605
0.754461
0.654858
0.755453
0.756348
0.757110
0.749176
0.758089
0.429558
0.756593
0.758975
0.760011
0.648565
0.763345
0.763826
0.765517
0.272967
0.737677
0.766472
0.766882
0.767593
0.715759
0.770090
0.769784
0.770959
0.555247
0.767943
0.771576
0.773084
0.701466
0.774823
0.775168
0.772293
0.775578
0.645912
0.774939
0.775899
0.777196
0.301274
0.752305
0.777970
0.779586
0.334856
0.763665
0.780127
0.777452
0.780517
0.725374
0.780866
0.781263
0.781632
0.782117
0.753825
0.783835
0.784632
0.751522
0.785890
0.786156
0.787519
0.276446
0.755610
0.787989
0.777376
0.788230
0.776554
0.788489
0.784173
0.788906
0.756694
0.789399
0.772585
0.789984
0.741589
0.790505
0.790505
0.790957
0.791463
0.791667
0.766284
0.792579
0.793142
0.522458
0.779614
0.793433
0.793545
0.794355
0.561751
0.788849
0.794586
0.795066
0.771875
0.796060
0.796902
0.274020
0.777018
0.797379
0.797904
0.774064
0.798834
0.798388
0.799200
0.724311
0.799152
0.799449
0.795297
0.799745
0.770502
0.800130
0.800454
0.800748
0.800983
0.786583
0.801182
0.763623
0.801266
0.801527
0.801716
0.802579
0.579013
0.797180
0.802765
0.802754
0.803198
0.641695
0.801138
0.803610
0.804685
0.392717
0.782481
0.805118
0.799642
0.805271
0.797961
0.805453
0.802820
0.805742
0.769148
0.806051
0.806241
0.806476
0.806674
0.806550
0.806945
0.716833
0.806502
0.807199
0.807664
0.787586
0.808696
0.806869
0.808987
0.768551
0.809200
0.809504
0.809787
0.809851
0.767958
0.811327
0.811451
0.812221
0.365882
0.799359
0.812438
0.809289
0.812603
0.805759
0.812825
0.806915
0.813142
0.681954
0.812139
0.813300
0.812533
0.813500
0.752861
0.813432
0.813694
0.813715
0.794802
0.814587
0.814904
0.810211
0.815187
0.813231
0.815321
0.784466
0.815352
0.815563
0.815669
0.816302
0.807834
0.817050
0.140880
0.681570
0.817075
0.817793
0.818400
0.658223
0.816765
0.818559
0.812582
0.818722
0.801321
0.818860
0.819021
0.819164
0.819502
0.797929
0.820059
0.818798
0.820198
0.799260
0.820307
0.820456
0.820591
0.821099
0.480013
0.802088
0.821419
0.821261
0.821627
0.757603
0.821322
0.821795
0.822157
0.808442
0.822612
0.823224
0.687752
0.822181
0.823422
0.801269
0.823560
0.823691
0.823880
0.823769
0.824116
0.680779
0.822614
0.824313
0.824908
0.311903
0.794068
0.825186
0.825299
0.825681
0.460806
0.807567
0.825910
0.825979
0.826370
0.653510
0.824595
0.826524
0.826628
0.809420
0.827374
0.827625
0.821883
0.827974
0.827740
0.828165
0.700495
0.827051
0.828287
0.828718
0.547136
0.822788
0.828943
0.829061
0.821959
0.829575
0.829120
0.829715
0.817482
0.829837
0.829894
0.830083
0.830145
0.830712
0.728788
0.829745
0.830845
0.784248
0.830780
0.830955
0.831274
0.812247
0.831701
0.831951
0.825696
0.832293
0.832234
0.832505
0.613238
0.829146
0.832654
0.833000
0.553161
0.827291
0.833189
0.832278
0.833296
0.823047
0.833401
0.833503
0.833591
0.832693
0.833717
0.785611
0.833604
0.833823
0.834083
0.819562
0.834522
0.834815
0.826624
0.835082
0.834682
0.835232
0.747104
0.834692
0.835350
0.835730
0.450908
0.825098
0.835986
0.836223
0.825012
0.836536
0.836437
0.836649
0.789922
0.836469
0.836730
0.835727
0.836818
0.827721
0.836919
0.837017
0.837104
0.836342
0.837250
0.773545
0.836991
0.837376
0.837694
0.810885
0.838114
0.838121
0.831472
0.838587
0.837725
0.838717
0.830423
0.838802
0.838813
0.838967
0.839008
0.839354
0.807032
0.839407
0.834205
0.839757
0.839851
0.837847
0.840194
0.832174
0.840292
0.840363
0.838292
0.840441
0.827314
0.840485
0.840577
0.840648
0.840895
0.535427
0.820640
0.841005
0.841073
0.841277
0.769946
0.840621
0.841340
0.841575
0.830121
0.841835
0.842187
0.727549
0.839314
0.842277
0.841572
0.842386
0.805226
0.842347
0.842487
0.842597
0.817632
0.842955
0.842996
0.843118
0.842194
0.843226
0.841814
0.843269
0.835286
0.843306
0.843361
0.843403
0.843638
0.634989
0.840726
0.843728
0.843915
0.826924
0.844175
0.844461
0.741571
0.843551
0.844521
0.837638
0.844573
0.844631
0.844685
0.844614
0.844782
0.729327
0.843195
0.844858
0.845068
0.831682
0.845141
0.844679
0.845282
0.844706
0.845342
0.832488
0.845380
0.845464
0.845529
0.845641
0.837052
0.845885
0.846150
0.691869
0.842309
0.846214
0.846023
0.846281
0.826659
0.846286
0.846404
0.846449
0.846659
0.637490
0.840542
0.846734
0.846764
0.846988
0.711611
0.845181
0.847058
0.846934
0.847158
0.712568
0.845291
0.847244
0.847402
0.778718
0.846761
0.847464
0.847766
0.738762
0.846554
0.847885
0.842372
0.847944
0.847877
0.848002
0.848187
0.472119
0.830771
0.848286
0.848334
0.848502
0.772743
0.847763
0.848540
0.848642
0.842802
0.848846
0.849018
0.592089
0.843368
0.849114
0.849332
0.789710
0.849035
0.849406
0.837338
0.849398
0.849437
0.849541
0.843335
0.849720
0.849875
0.582888
0.842800
0.849978
0.850186
0.715694
0.848548
0.850252
0.850367
0.836563
0.850581
0.850391
0.850645
0.842340
0.850690
0.850725
0.850809
0.850660
0.850879
0.792459
0.850455
0.850935
0.851145
0.748305
0.848785
0.851186
0.850941
0.851222
0.845664
0.851263
0.851309
0.851344
0.851330
0.851430
0.783506
0.851013
0.851496
0.851640
0.844893
0.851791
0.852002
0.754677
0.851139
0.852067
0.851402
0.852165
0.830655
0.852228
0.852222
0.852359
0.849623
0.852410
0.849398
0.852451
0.851104
0.852502
0.849699
0.852558
0.851841
0.852639
0.830586
0.852657
0.852795
0.852844
0.853172
0.708156
0.850270
0.853228
0.852653
0.853297
0.839276
0.853347
0.853439
0.853497
0.853682
0.843292
0.853888
0.854208
0.747162
0.852892
0.854294
0.854316
0.854409
0.854447
0.854736
0.757571
0.852874
0.854773
0.854024
0.854824
0.846265
0.854874
0.854926
0.854968
0.854997
0.855062
0.845060
0.855252
0.855270
0.855415
0.806199
0.855055
0.855456
0.853767
0.855498
0.851417
0.855540
0.855577
0.855616
0.855133
0.855658
0.851035
0.855702
0.855747
0.855789
0.855462
0.855848
0.809684
0.855603
0.855897
0.856035
0.661590
0.852340
0.856103
0.856124
0.855008
0.856226
0.855915
0.856265
0.855588
0.856297
0.851547
0.856337
0.856377
0.856409
0.856581
0.462161
0.838184
0.856700
0.856750
0.856923
0.718611
0.855286
0.856981
0.857112
0.850410
0.857262
0.857294
0.857413
0.638735
0.851153
0.857490
0.857515
0.857644
0.710304
0.854310
0.857710
0.857665
0.857772
0.847468
0.857820
0.857878
0.857928
0.857956
0.858133
0.462195
0.836909
0.858186
0.858258
0.858363
0.665082
0.855601
0.858438
0.858578
0.594528
0.850693
0.858651
0.858678
0.858793
0.715237
0.855911
0.858841
0.858946
0.856139
0.859030
0.859011
0.859097
0.790837
0.858447
0.859136
0.859214
0.856063
0.859317
0.859421
0.723973
0.856777
0.859490
0.858848
0.859530
0.854243
0.859555
0.859591
0.859614
0.859724
0.608825
0.851561
0.859787
0.859809
0.859930
0.816485
0.859643
0.859964
0.859487
0.860011
0.830565
0.859901
0.860050
0.859976
0.860095
0.848951
0.860113
0.860181
0.860209
0.860391
0.649297
0.856792
0.860435
0.860458
0.860590
0.666657
0.856716
0.860681
0.860692
0.852735
0.860900
0.860900
0.860148
0.861006
0.861024
0.859717
0.861122
0.860830
0.861168
0.855333
0.861179
0.861217
0.861235
0.861332
0.838229
0.861245
0.861365
0.858223
0.861394
0.861417
0.861451
0.861469
0.861622
0.790814
0.861017
0.861652
0.858741
0.861674
0.861696
0.861723
0.861744
0.858638
0.861881
0.861927
0.860096
0.862021
0.862077
0.858804
0.862187
0.862226
0.858317
0.862352
0.862414
0.861251
0.862495
0.860912
0.862525
0.862096
0.862555
0.858136
0.862581
0.862598
0.862632
0.862635
0.860010
0.862768
0.862847
0.727895
0.860842
0.862879
0.862938
0.788124
0.862296
0.862982
0.862782
0.863002
0.861079
0.863025
0.863049
0.862724
0.863086
0.844740
0.863035
0.863118
0.863197
0.855237
0.863314
0.863329
0.862651
0.863448
0.861930
0.863472
0.863288
0.863504
0.859327
0.863541
0.863579
0.863119
0.863630
0.828160
0.863466
0.863667
0.863647
0.863719
0.811371
0.863393
0.863768
0.863893
0.825210
0.863663
0.863922
0.860565
0.863942
0.863965
0.863990
0.864112
0.751776
0.862888
0.864153
0.864332
0.755791
