0.99376960554301
1
1
0.815474443569649
0.29079894364532
0.648312263402707
0
0.515467095830333
0.490349276487817
0.768527520385833
0.142404340562114
0.508370637320406
0.898581141399285
0.683478711574943
0.949772362400787
0.544943401821104
0.0498089764898375
0.494763353672572
0.341402249100964
0.573931942418544
0.215694646250871
0.385318400202552
0.412186954557125
0.00370817862370742
0
0.529406508421774
0.484168907803571
0.458078683379959
0.296515385663324
0.264805296216999
0.336120367720567
0
0
0.521473542109656
0.275319831720489
0.155727684050463
0.0442099452113895
0.111232110702762
0.269420999672777
0
0.197399331935921
0.31209752251983
0.410975782264528
0.101643027539012
0.360926213325223
0.253014635906321
0.0977100339152227
0
1
0.785869297712492
0.665583544457321
0.0648947388715487
0.335150772898772
0.332124803864153
0.0142442214750142
0
1
0.71265057423962
0.609043021528472
0.241916374465625
0.397292777526101
0.318545015290217
0.0818574590125418
0
1
0.596426017163595
1
0.502249771896771
0.164483448701638
0.381636176529981
0.0697919958856697
0
0.921189730368504
0.798513586214876
1
0.482098527227658
0.158790495822044
0.438000759421326
5.13594864598725e-10
0
0
0.475178822211464
0.355399419734414
0.161991331470626
0.443714244547401
0.521219460628591
0.0668157803282459
0.274271188736896
0
0.738157660740409
0.525984773584673
1.68616518743386e-07
0.385687558688877
0.364039400317992
0.178626761443183
0.381379330912784
0
0.558423357347955
0.462153386071941
0.202412276458539
0.754455200950345
0.253006136937386
0.105288071722378
0.347118221363323
0.0210344820860154
0.433274307805276
0.412277559900347
0.0814533713844972
0.237691981717132
0.169905439285901
0.297455883507215
0.397281686403521
0.122496945440482
0.831497967503709
0.400371065494078
0.391323468217369
0.435669291210886
0.0815714439128764
0.273254515681254
0.227144119945472
0.658407061880093
0.841207603096948
0.436830837042267
0.636397131151521
0.297442089672786
0.0318927235450527
0.439275039326735
0.0104385355937678
0.417896165946937
0.506705411894404
0.30868233067509
0.205151038857177
0.314797413114406
0.273553838894361
0.346994021357784
0.009590889119617
0.204142427255587
0.500679451076353
0.54555191916217
0.267750946719788
0.263134908251572
0.0323023234557597
0.340187213268656
0.00091934082614774
0.999586972399551
0.791547674398471
0.953536692015896
0.315256106566371
0.193586483255563
0.274552362077038
0.247340259298939
0.150850377755842
0.52839497565099
0.712362933516325
1
0.364552018296871
0.380535019079933
0.0589727565356856
0.102318286182577
0.121924549629507
0.142265209187241
0.360363825465775
0.564851133928314
0.18812076139959
0.62263040293988
0.305406410082927
0.223113436974828
0.346309412248951
0
0.305639169807326
0.578878168862749
0.0882991398683928
0.466902496465527
0.224062197290233
0.103156872578929
0.385072108527911
0
0.673434286270334
0.589271808638174
0.097278944275674
0.408933452268564
0.272890352206241
0.135868919937902
0.58681708368032
0.25748811666864
0.414960858755157
0.710535100652262
0
0.402450440527734
0.0805237219085757
0.270051900797261
0.135876274822404
0.266791701918905
0.593913178641331
0.280765435395652
0
0.642612972570844
0.269431794467061
0.107447616078792
0.000294614302673431
0.374882987313925
0.873631734804574
0.378817028057111
0.241549772615751
0.350435136070443
0.0135336648813665
0.0848115471800068
0
0.188372817853349
0.77875461980711
0.548155022099909
0.349089120321133
0.477585665931935
0.0919659085563139
0.282542401819798
0
0.447363315259435
0.727156786733706
0.26184530485496
0.982066137976329
0.575542646614322
0.142482750338672
0.309006241617757
0
0.13745633311959
0.634721691965386
0.451116816951101
0.715328815925339
0.449863106293341
0.0102557295389203
0.210933149772775
0.124837586115381
0.075959597651787
0.652449563188036
0.227288835740915
0.576269802402582
0.932722015351359
0.166537228263118
0.431697408842761
0.610631091951037
0.499380425477629
0.274162243758096
0.166939258908748
0.458298832393754
0.340913667818178
0.277430746896272
0.659762346626536
0.864431789150198
0.333948642891194
0.224128869655435
0.631005178760462
0.000172110111477923
0.368782077669564
0.0524068690256553
0.375252628010146
0.495034230973408
0.504627897499372
0.544688875539169
0.570917794427114
0
0.0713612186393055
0.152262112173742
0.431587591679785
0.274354671276417
0.180271112368133
0.759785133541006
0.791984252216845
0.104470840127763
0.194606229398117
0.114569063492028
0.394431608214867
0.0731836185821333
0.644231783304664
0.487868742503795
0.349519721129616
0.0124795521825019
0.254124520014793
0.148502475592332
0.181509706036751
6.77118666248782e-06
0.211250220984368
0.000642737654290527
0.413902330565883
0.283598837606726
0.503355947331566
0.0652499099230304
0.0316386043641156
0.0382283957972759
0.119678940538559
0.219674575126258
0.571389179032039
0
0.486415990402888
0.234470403810769
0.272933698431645
0.666068316435446
0.259251392840661
0.565501191560647
0.371839554618807
0.0388124481572003
0.249094848081585
0.368299247294887
0.264367964378764
0.833727299282475
0.43778294416731
0.353535561062316
0.551651078455573
0.305819173703201
0.484665424067653
0.58597403860444
0.203251042374467
0.606408887011595
0.639686115938348
0.862764027962692
0.501630778624059
0.231305925626203
0.416749080174422
0.501651041794075
0.284021534026267
0.205957064274032
0.356421691780116
0.594905551862511
0.25371799418276
0.699718985746726
0.31338812784707
0.218165564768334
0.202573976155473
0.0298803355837295
0.221911311328233
0.129594544639338
0
0.307669133720995
0.666143385628179
0.031158913415289
0.0888322694312704
0
0.332125336648638
0.171827895998031
0
0.522052084009528
0.337663348591927
0.00144061301219271
0.00089057191436967
0
0.382906539155287
0.327569658604115
0.234316128136911
0.409889315038201
0.127683880135442
0.0312371269338147
0.000474551230055076
0
0.0403547758942929
0.606847698064027
0.384368371455112
0.684969759226464
5.57121952735301e-05
2.66601113318627e-09
0.0367031153029583
8.39418738436772e-05
0.276935160661214
0.574179278183214
0.229310086598971
0.550907527767767
0
0
0.31119140455188
0.448516076215747
0.289421125187188
0.62598674043457
0.396770622259296
0.490750434255869
0
0
0.920187494841646
0.826232711015995
0.0820884847735113
0.200449487637759
0
0
0
0
0.31642757716016
0.615266569144136
0.351232144847748
0.0403035466197479
0.00987626784819552
0
0
0.117259890360267
0.678989964339041
0.0996496550000924
0.362459767534037
0.437163939598534
0.236852566251843
0
0.239419481825267
0.661877426439299
0.300979702548046
0.152360252282451
0.0904151653390601
0.137604663613702
0.590307383192198
0.203420500068986
0.580040392428059
0.694440790513026
0.454195312113318
0.441522249192593
0.502546052077471
0.521265160318797
0.498337514559384
0.462590908708197
0.459315481575661
0.122540354556743
0.324222095320819
0.471719168191485
0.235162672398727
0.416245336851955
0.00403927638278868
0.422629423798974
0.520407915001213
0.135181661393296
0.816701895144805
0.561430492908466
0.342160278288104
0.108928994483226
0.531033720438743
0.451579019457147
0.32130806238113
0
0.313951855663164
0.123607793851805
0.655798120448418
0.000842342932120626
0.055827792713088
0.288552133778903
0.174488707715619
0.114205578445861
0.263211652377438
0
0.13226356988608
0.248524758919254
1.38528277373711e-06
0.436637738390722
0.307471122734836
0.0908406237336014
0.220571580721463
0
0.377043377096063
0.333597438688932
0.236554624902168
0.121738809401698
0.513908165103942
0.0572721775044235
0.0153274872373807
0
0.0423117624600078
0.284414279283565
0.272097545045328
0.417691713132298
0.645188477977427
0.00134720237350465
0.380850991324074
0.349821867915712
0.12877865081002
0.357018591422229
0.312140660660662
0.380486398082891
0
0.0458826849896363
0.0630952011230624
0.251560875939189
0.399448307567169
0.0206463853044064
0.153059304257035
0.268101085494544
0
0
0.478050693488641
0.243022386043328
0.410366879535035
0.0455110081260546
0.0780101509463729
0
0
0
0.352677695581783
0.474642975291882
0.176513397220926
0.433874857845594
0.122878370634221
2.41152206795874e-09
0
0
0.418157481583457
0.114473398517755
1.51969735463934e-06
0.0458625583323577
0.00220158273152024
0.112155344607991
0.294592566365998
0.173577700171971
0.662525548787979
0.470882901923247
0.139981713624176
0.245597109456535
0.0881799120251667
0.372180371098189
0.0824904869660633
0.282179672050352
0.448930420930306
0.259705872226336
0.418026336930713
0.39403796030457
0.163774087612438
0.151772053107675
0.196500594555789
0.602060855830982
0.440306757674024
2.90456947454272e-08
0.0816215925637461
0.180868007057141
0.0349560684313592
0.0459832316811307
0.674685429458569
1
0.618771991117058
0.618684181392102
0.338149986882735
0.259830770046487
0
0.536241308423471
1
0.828258341181229
0.252814451245954
0.244361364571825
0.24540947416959
0.506731156624735
0.314297689747794
0.19911556122523
0.875076127984158
0.16190782186823
0.424564099260528
0.259103164686493
0.596498504275609
0.373778660645102
0.294361593089592
0.632632848171623
0.533897342087477
0.332238819233565
0.454145872720503
0.0180491207711886
0.308380221515039
0.0863995252914339
0.364676584721296
0.478331676254147
0.315569169799663
0.181762406412842
0.122711220923248
0.361625220244377
0.431973228640832
0.0531667177342483
0.106990214706575
0.380473328657132
0.393697027605169
0.242051822363994
0.313631232015129
0.0450179130255098
0.133198488521947
0.351631985379789
0.0890593612706669
0.112244184128361
0.26979173960557
0.174416232006101
1.00648226972017e-06
0.272863983159867
0.323658631972999
0.161012484047183
0.0528110376322612
0.458207704265523
0
0.411420005781194
0.386729039197145
0.461183511183627
0.161149092195914
0.22232819541432
0.0816613570850872
0.169155112628094
0
0.00641357194038653
0.412580258874607
0.216715883535488
0
0.261063303340664
0.0190642873657631
0
0
0.106821134206671
0.67538654431123
0.496503340085233
0
0.0595060124509018
0.389946190847613
0.115700903771414
0
0.117227098669701
0.652134259095485
0.516348336771467
0.263707137763545
0.0118864645694719
0.00797370664951171
0.00431606369241696
0
0.446175286893916
0.685348214930354
0.258143276233928
0.420627181668763
0.113632790810003
0.0788105265021776
0.151512898130392
0.112610979311906
0.589222778173814
0.493454224516305
0.335419219937382
0.120140693551927
0.320628169527639
0.0104309317047684
0.143598107551572
0.337461277198962
0.818886739329917
0.557751360983939
0.384449529351968
2.50482307805095e-09
0.211077734647902
0.00952227573000641
0.567941645013278
0.446117818167541
1
0.482878217946588
0.548839312876369
0.343733670977444
0.0256794870831659
0.245457576816711
0.292482094468154
0.980703498298565
1
0.102233348268343
0.659094280960256
0.137376282498554
0.279975404764697
0.166042394267343
0.331653695397283
0.665796006937814
0.754267860492494
0
0.486068103958856
0.188277153057203
0.645748982014979
0.0406202573888133
0.374861879114361
0.869376428783272
0.0651167863917469
0.490697802900213
0.192882931062006
0.344306274419106
0.188360125412553
0.0562466812667649
0.462744224800471
0.257929475135596
0.234101600619796
0.26889578293955
0
0.197061578338382
0.117399852025084
0.164955794254833
0.109050571478325
0.431086989199857
0.254440941650248
0.41036962045448
0
0.272178835298025
0
0.211304846520798
0.289735484217518
0.178586334540323
0.0871252827490208
0.435333289835856
0.0180746695973516
0.486220915206278
0
0.447465854866135
0.0946973588687812
3.31534356212752e-06
0.200260480493201
0.699170678983901
0.490407427398052
0.373514625620255
0
0.182748887153194
0.340016822775244
0.21367348326372
0.0150977027054315
0.398166936353713
0.311303970818986
0.224334185957249
0
0.0618597460866257
0.247939449048688
0.0816384582029705
0.175596201310836
0.814132638455235
0.0219725754937297
0.314211859537411
0
0.0422027762551216
0
0
0.77830442020195
0.681474226848635
0.246806978888756
0.340290287504063
2.13997007298606e-08
0.115007666157839
0
0
1
0.465552255422532
0.31763942835022
0.0847224983534581
0.103445877473115
0.140423993681216
0
0.000797549510327917
1
0.257675849009159
0.33028711760752
0
0.178729206898901
0.0746413370394765
0.326385230142891
0.0638594307615424
1
0.464142070497521
0.174646031160666
0
0.274276650711402
0.257223163127754
0.22834700794067
0.984493738470117
0.816552978512279
0.291259105903702
0.579275632041889
0
0.293613760670937
0.110362193978068
0.027611080353364
1
0.538404200451295
0
0.452286057248884
0.0768293911920173
0.37456924971595
0.217376492125574
0.435564576502588
1
0.602224741814794
0
0.874580824784302
0.120832082385498
0.311734446414496
0.0837942311100562
0.234439279735052
1
0.417792526831904
0.0728179829125995
0.418702966485145
0.294459959016348
0.476005155727416
0.352779966143896
0.532552750736842
0.494618524391558
0.176218215168858
0.512473246240994
1.35860082869101e-07
0.154875105603027
0.28512633246652
0.22831034186581
0.113055554003316
0.530200304014677
0.106722488003575
0.657604516758568
0.201695697485868
0.572566640759105
0.126207896634974
0.125975182584902
0.085642916785163
0.488854357731088
0.148089328608531
0.765819817029048
0.0415023670766772
0.199295190752132
0.282506846941866
0.0289626521497622
0.0569795531892274
0.434023036987738
0
0.82940347072695
0.153394787391238
0.0692455860590959
0.140778440090943
0.169324757985142
0.0309029092614362
0.101334049017272
0.058101172081935
0.65087669113835
0.0621729221783603
0.106714352009462
0.136577882898194
0.0638578367452832
0.122408122287851
0.000526001638583154
0.852825504589138
0.682450762624455
4.9260857976179e-09
0
0.119980687582127
0.0267558704442763
0.0401584805594872
0.0315702015033629
0.415313201121837
0.698870262732251
0.0178897057047237
4.70554885044679e-09
0.213552581263184
0.102662804374533
0.220330341946521
0.34216792047624
0.733205927362609
0.428290280333628
0.133860679934397
0.0804001761994901
0.113458821188217
0.305554318430044
0.00449025672690832
0.449428917750384
0.866121194761693
0.00599204249734985
0.194747683166697
0.000378559166237052
0.254799071821211
0.0347076632146717
0.147774301829024
0.505549470303168
0.999999325886554
0.266301929402111
0.156553960736347
2.81547911925994e-05
0.144464717820062
0.305104310928373
0.244222031478425
1
0.432034692102318
0
0.34420196790189
0.0283087719364352
0.117135040520919
0.0700608877101012
0.210995287218307
0.525882928640452
0.147039776407744
0
0.573041804995127
0.000696486990356882
0.316592992868836
0.117063194102684
0.647118347573712
0.413509519060599
0.403740520533501
0
0.650932214759942
0.000347991341298121
0.892494636844857
7.4361339990162e-05
0.376331259443189
0.292555897693244
9.6761573446008e-08
0.186574341019216
0.999999998993041
0.000195295442115837
0.477421667726575
0.000529857428570402
0.236721025069945
0.447984125722017
3.20618995611819e-09
0.56162361702563
0.639830717497273
0.147346096366739
0.210186548668753
0
0.408067255400963
0.256850983918144
0
1
0.196335074812084
0.320644799352709
0.0904289171931387
0
0.586708519758744
0.133750439579763
0.511225496169011
1
0.518032307924392
0.396075183154023
4.38004728693506e-06
9.58392285712685e-06
0.361390646292599
0.00737886627477888
0.256370442368559
0.783501883487698
0.305395913338541
0.54357308971884
0
0.286305845826913
0.132800754626775
0.0204334430783712
0.545059401061941
0.061688274134307
0.0541187771824867
0.510343179963876
0
0
0.246557947200463
0.00505138446393905
0.74146908656585
0
0
0.223881956980676
0
0.0179535666453556
0.0176358121533758
0.275368209219073
0.771590689107548
0
0.0238468088413149
0.293039265679171
0
0.139889963594378
0.205805401221357
0.499007985158754
0.173662220114349
0.0461991074710596
0.346710589771464
0.41033444062604
0
0.535283050247581
0.489856605088385
0.358093416778374
0.0774500861968364
0.244560361632368
0.397853143825128
0.0919816796238287
0.0228713451834748
0.144518700477496
0.123464154448189
0.533653504900201
2.24110804935892e-08
0.0713689024679249
0.379519095727701
0.0564840369391573
0.129744005125099
0.090862850246966
0.147451318553997
0.270132056934847
2.41190077393501e-09
0
0.535671827667663
0.314469610438398
0.173352167179055
0.0759601483440388
0.156738914139527
0.446120156089666
0
0
0.510096334173124
0.33016430400187
0.805409279582068
0.0304160214542029
0.197039621369258
0.229580339844355
0
0.0551527969676399
0.40802776224998
0.875536614657638
1
0.0301919936028653
0.27665566121843
0.531443843144942
0
1
0.86759037903153
0.547450531953974
0.346219865234687
0.542235061090522
0.764237842461932
0.583146227459927
0
1
1
0.985649926310741
0.273179675390525
0.487705181961934
0.609215467286401
0.227660870294497
0
1
1
0.515458021700019
0.242793776619371
0.687841007157196
0.344003499251073
0.312018686430481
0.878505817619405
1
0.159553517229902
0.248176126020525
0.154672220199118
0.420424358158695
0.246988656709074
0.179461651823255
1
1
0
0.463381609659893
0.000660203032963224
0.103343634909523
0.513811492284882
0.259538128027532
1
1
0
0.502262556984439
0.362198613842547
0.488987250210703
0.381699000264158
0.376033746776592
0.707263598134312
0.194700102902915
0
0.389096208042613
0.0793751542114344
0.491029779379283
0.214194602205757
0.727278280950581
0
0
0
0.27687955444753
0.156894806243111
0.264660684285044
0.387053028830664
0.587512004690747
0
0
0.170907907817603
0.435052749634509
0.311882803600952
0.528781336579689
0.127353977335859
0.276955224536495
0
0
0.426567212252657
0.0516260962471776
0
0
0.0202347610198295
0.507163417574605
0
0
0.610630855331507
0
0
0
0.337902781641365
0
0
0
0.831986964535622
1.49156142681963e-08
0
0
0.00467626380614213
0
0
1
0.391482215278009
0.394043063550582
0
0
0.51389295322522
0
0
1
0.477711460232938
0.411070384535011
0
0
0.237919175315919
0
0
1
0.171874774403527
0.0105441750857778
0
0.445508263540223
0.389671622324971
0.215131951059473
0.996401192797345
1
0
0
0.377061602394114
0.189812497529796
0.106336142949615
0.422080051427785
0.999999963633275
1
4.15429734089967e-10
0
0.132493178168865
0.301415446722814
0
0.596335947669737
0.919195324170488
0
0.381112923439784
0
0
0.0605579975422412
0
0.771290088526622
0.507652246857797
0
0.184916473712464
0
0
1.97114829398481e-09
0
0.917799495604737
0.269934522306665
0
0.062629935102384
0
0
2.39809434002204e-08
0.0165207983071789
0.781968232967288
0.0908900315626977
0
0.0599654080635818
0.963162834022448
0
0.0364855010053637
0.216654836449187
0.143011933570122
0
0
0
1
0
0.0259746881696716
0.550051518744672
0
0
0
0
0.99995347127854
0
0.114910222895609
0.234870659502487
0
0
0
0.074102712388626
0.46122559925916
0
0.394005209481274
0.253431172296551
0
0
0
0.791549921363406
0.356261658979516
0
0.617770599603101
0.00459990612984829
0
0
0.144157836799428
0.516215741181715
0.259440040574214
0
0.0635855591593414
4.3289264199327e-05
0
0
1
0.462673908315219
0.961830688209071
0.272649162519687
0.189920506251611
0.255348205892798
0
0.720594068306013
1
0.328738732885327
0.610027302184837
0.495270739839966
0.220361212998282
0.11526543974657
0.173619486956336
1
0.685197932848371
0.0165550027088544
0.264268260724706
0.79672552889461
0.167955856807014
0
1
1
0.289247210456545
0
0
0.416344013868083
0.327593423840298
0.0295471375549278
1
0.656215371030718
4.19611592380958e-05
5.19921093434681e-05
0
0.594085173572027
0.461972824604144
0.738447896737397
1
0
4.29188945004879e-07
0.104851626349003
0.14337093967264
0.618963022712129
0.496008359225563
1
0.878804816690573
0
0.192323690468794
0.128738117908042
0.191060201765742
0.45218402266939
0
1
0.912229897481342
0
0.00292756362044354
0.495902254606358
0.648027988740105
0.138097906311819
0.0521956287846027
1
0.471551583943728
0
0.115666316202466
0.34444135513279
0.522605913019706
0.199202924703177
0.822852445590452
1
0
0
0.417267528091737
0.0479957827391025
0.0898338025596565
0.36154176757524
0.469869061928825
0.229840287132055
0
0
0.416515526643264
0
0.349221229895277
0.140816165273914
0.248056496677956
0
0
0
0.384222866225072
0
0.244755495411371
0.130544548951458
0.199599558817256
0
0
0
0.243399980434286
4.82757909379487e-07
0.255509105976934
0.0166845423345301
0.160552438513494
0
0
0
0.70916308813632
0.454658815697611
0.377746605524558
0
0.121916766603393
0
0
0.917120334218982
0.497580981215716
0.343531476720447
0.567335289785861
0
0.0150960508832496
0
0.758040577139843
1
0.648277669954399
0.487719602630548
0.384640926881974
0.553261834300987
0.103126045150198
0.466257118034762
1
1
0.550942892134943
0.420146574232983
0.357442418331639
0.599429516431518
0.022249888278444
0.859659155880841
0.927996027508686
1
0.436314446538512
0.291080793941887
0.211045315288573
0.339391665438744
0.0991895950458887
0.632333721342622
0
0.407151019576873
0.818188697179968
0.157854162669375
0.0656691514271946
0.316131440864087
0.379004202672701
0.53407799923223
0
0.0434453579055247
0.573975965490016
0.199984850674264
0.0439371847477131
0
0.286681719160973
0.191831381629598
0
2.18409370501467e-06
0.583092505139047
0.419028055428345
0.121697740637598
0
0.104292033754727
0.0607789156671492
0
6.19329670528379e-06
0.302069972926635
0.221428491329727
0.717042813175104
0.310390634996239
0.399699572787543
0
0
2.23653461014287e-09
0
0.0869732647405008
0.839901419492154
0.392940452443573
0.399635369387393
0
0
4.96802580941715e-09
0
0.198217493425347
0.682611720747876
0.300184404280554
0.128394090275661
0
0
0.118800113960181
0
0.220098677761608
0.407715117581931
0.634144518669099
0.00166986516701363
0
0
0.0404477768685279
0.174595551805364
0.44844104648904
0.267346476561972
0.622019247363105
0.296565562447352
0
0
0.450604725907689
0.452905807084503
0.238868104198044
0.00975885829777236
2.43696434117873e-05
0.835344469168979
0.495862881726415
0
0.424623800731747
0.372363053223969
0.609030556610773
0.510515614885932
0.0654007270624238
0.495957452518792
0.453872849773399
0
0.182010484456346
0.115317586535048
0.0606991962258999
0.544653659094751
0.0819405851889375
0.0535464904646696
0.270455512416892
0
0.0590281745453257
0
0
1
0.100088215767749
0.0808747325376917
0
0
0
0
0
1
1
0.953468104779777
0
0
0
0
0
1
1
1
0
0
0
0
0
0.218460898594425
1
1
0.519406596243128
0
0.0278271703409932
0
0
0
0.116056639368397
1
0.809452170008136
0.218722576256993
0.146143604038376
0.539877423555387
0.0205020455800006
0
0
0.884670282966268
1
0.371471532188974
0.738436290613604
0.489407051827785
0.396027648421695
0
0
0
0.880165610075391
0.838224214240466
1
0.698765066663943
0.518743110418318
0
0
0
0.337434549199167
0.219689092447507
0.604211412778962
0.245478513281699
0.548428742679632
0
0.0917381196342639
0.0412275404497719
0.87933717735985
0
0.32250557340125
0.709326747917705
0.134053361926707
0.114836737855599
0.433568482465208
0.143100397879505
1
0
0.332029246949694
0.223368452502114
0
0.782993852859738
0.299452873379547
0.133865962824099
0.744023657898386
0
0.339200638229495
0.48397121877548
0.175877999584444
1
0
0
0.26782252688674
0.255768729729667
0.349756236962882
0.798395520427528
0.538955604809161
0.953638037878668
0
0
0
0.352358398914008
0.398364089329572
0.785184871952541
0.835015759216777
0
0
0
0
0.168343484271025
0.460816031384725
0.564081916330012
0.321283159253364
0
0
0
0
0.00198496784931057
0.428246568437638
0.459529928068795
0.634291854480152
0
0
0
0
0.0789573910479736
0.344127691215174
0.263650730944544
0.346692682192513
0
0
0
0
0.320034614954654
0.130650641325724
0.394414274804865
0.249199467176957
0
0
0
0
0.0914855277774005
0.370630935351601
0.529907330043154
0.24085102860523
0
0
0
0
0.168750670383795
0.104863699852742
0.370525464777281
0
0.036622348988812
0.493132634876435
0.0253582658067247
0.316476023707205
0.0552829758167678
0.270303351472963
0.296885390151419
0
0.0980359367222975
0.923383259353974
0
0.306256789386523
0.198452348047948
0.106866433018852
0.497266893061933
0
0.168584472746577
0.926189288323895
0
0.149523447570059
0.0691676769917318
0.0070839337418696
0.238622291414882
0.0213207011227373
0.34816817316971
0.639760405417355
0
0.000934340481277056
1.94868523290564e-05
0.0919365168052006
0.240759158090402
0.132014229279066
0.567906850923061
0.505231402161952
0
0.000263549714656198
8.27566816134389e-08
0.133306658166946
0.200918044249483
0.324768792667167
1
0.799864295147604
0
0.0871760351031637
5.13034937986948e-08
0.0438002501082963
0.257760056938488
0.288699131491121
1
0.443410129644522
0.405824455461411
0.00130981198767343
1.1142583459086e-08
2.91398618795762e-05
0.370288529082107
0.180215617099232
1
0.147659138528915
0.778025087542216
0.000461475630299601
0
0.046192931335679
0.249518242339679
0
0.885279038411063
0.289601835144251
1
0
0
0.0840725978819313
0.219026499012377
0
0.449437146309024
1.17743359599723e-06
1
0.264870610341474
0
0.0572291955771708
0.229481867671067
0
1.75824431012164e-07
2.59072779980522e-05
0.470624242643809
0.942625582912138
0
0.0932639797333743
0.203278274788306
0
0
0.0276243738056382
0.455046780002693
0.999999713179398
0
0.2670784372262
0.282813222925741
0
0
0.0715050671520888
0.382482352913616
0.999565089314332
0
0.6563979298887
0.332880744746863
0.0220830763998056
0
0.0266345051209137
0.273341359863158
0.531955528497714
0.156558636461546
1
0.17813644351437
0.256529591976821
0
0.0854903764510452
0.00406210597912068
0.282754611211027
0.825207252033931
1
0.356497584917524
0.297817420449008
0
0.820699311561248
0
0.0253130321197299
0.576126693140845
0.917986529708936
0.0666728108262048
0.20078435527033
0
1
0
0.00882165444253378
0.711031750638962
0.557752971198996
0.155278691446648
0.224366409382857
0
1
0
0.132178739656138
0.258440807328991
0.338666913167942
0.673805272927762
0.0509220921888888
0.955025507397326
1
0
0.227107028958761
0.307357941633144
0.450633398878849
0.757887554453211
0.0536968761205569
0.999917435167672
1
0
0.0859456057731322
0.419738993461289
0.173726528799655
0.677153634363392
0.229736229330171
0.46457078248387
0
0
0.00670789385766719
1.32997204034488e-09
0.373038549939039
0.767278510503882
0.731845500922386
0.13852437738575
0
0
0
0
0.222116042304448
0.66186988028777
0.972227345636891
0.250760391429194
0
0.160690399280135
0
0
0.359867135304711
0.448407022033046
0.774613627697606
0.151198781097054
0.231387276291333
0.523643480857598
0
0
0.120053836405745
0.590256981869336
0.510669379267092
0.456725096335331
0.283902326354808
0.55052441177186
0
0
0.322588668545104
0.253470508425452
0.29857763637024
1
0.0352408969937864
0.0120954730177125
0
0
0.283109729465848
0.163248090363041
0.203167879892811
0.690458483466266
0
0
0
0
0.093038524203011
0.0244214799861601
0.366644579823161
0.44628784535353
0.00951635307167059
0
0
5.73624556653041e-07
0.0874673401537758
1.76090166641521e-07
0.364457991931747
0.0935020281777057
1.15308980226843e-08
0
6.26307392299787e-09
1.2521811705149e-05
0.130230947177229
9.490930903539e-09
0.542225210496163
2.86767946572424e-09
0.0893855345130685
0.0263990364824151
0.0926866403577674
1.02998144792155e-07
0.0160932680899516
0
0.174351755894698
9.58509394998584e-08
0.0621346115484644
0.165397928146641
0.713317362937929
1.6927121240846e-08
0.054085040090167
0
0.000217854644356746
0.000225791618154536
0.0856577751341002
0
0.391048296736367
0
0.108364642836222
0.0870941058229461
0
0.0337373398444545
0.675226230335339
0
0.349525316941949
0
0.0220389478664065
0.00483882829673446
0
1
0.907065921378134
0
0.968972521775104
0
0.0421853808879225
0.0531417965835212
0
1
0.412260962143326
0.372001414894852
0.964922848276909
2.17840952780976e-06
0.469861460454585
0.00129039061088157
0
0.759172655602125
0.832798920353086
0.37826701169774
1
0.0335256319949283
0.232116023568409
6.96177755237484e-05
0
1
1
0.164245823735639
0.999694121951622
4.50194869955394e-08
0.15498628062062
0.048262144572873
0
0.83506702656164
1
0
0.471012035321109
0.0157688357639432
0
0.184533587200164
0
0.860211725515675
0.488433182230692
0
0.928691372502745
0.79285061579361
0
0.453869505574487
0
0.450431007174945
0.289960709980199
0
1
1
0.996540790986454
0.938492008927
0
0
0.0482666579480108
0.000221851107933035
0.437651720726736
0.577610748550838
1
0.660526550204011
0
0
0.101878623371863
0.124049132546719
0.124538032107086
0.306430055300645
1
0.651493558999735
0.516564219745105
0
0.0448795745054667
0.237857085596441
7.46337421995299e-05
0.215445951838256
1
0.837321975655126
0.972311124168412
0
0.149863031835731
0.118697752913297
2.29728974537538e-07
0.0108598578468034
0.52242436011634
0.923444974556968
0.974364571425523
0
0.179975909407937
0.365459506100024
8.20868837047016e-08
0.175745178079464
0.0798214799438282
0.999999983602235
0.781954256687972
0
0.0991718427762655
0.343185809942017
0.0210353603463101
0.551792618260156
0.224855787761871
0.516553910049302
0.151610410481343
0
0.0571771247034947
1.59477811790189e-09
0.0138635844066608
0.542168551267581
3.99172112700888e-05
0.311721064983819
0.00563431371999111
0
0.190615286195794
0
0.428995129483238
0.434218528511188
0.000391758933167164
0.265662688559306
0.512368201312204
0.174362811580735
0.630452321730132
0
0.264145382162056
0.0304682298849702
0.0546431259358335
0.112803845631532
0.393467256061379
0.148008427367992
0.626127358598614
0.00141314308194106
0.320154459839581
0
0
0.110056249164166
0.550608899475597
0.0230177268335691
0.00111704933698789
0.0692821573234059
0.166112136569972
0
0.0124070550135927
0.262197336550631
0.207592904799382
4.25012209252901e-07
3.11856251319369e-06
0.0972517670334628
0.122965725533637
0
0.147211422812568
0.132761706171529
0.54307545508687
0
0.15556740137756
0.00655958634414932
0
0
0.30809640753191
0.395470884636031
0.464023055865484
0
0
0.0286100261218572
0.0273130904030958
0
0.0863118744333112
0.0478602873475828
0.135749620947073
0
0
0.157060002987406
0
0
0.0552951107277177
0.291619824654029
0.178706546045791
0
0
0.300911694349022
0
0
0.161478811095499
0
0
0.206685046714734
0.0580529386860427
0.263826179547748
0
0.164374950960917
0.247180742688994
0
0
0.84918411226607
0.177455196089164
0.15602370463431
0.337504882262785
0.0164664529769932
0.250253692585075
0
0
0.999999863889708
0.123831885072474
0.429185854638551
0.522098024091265
0.305231977703278
0.234966127812956
0
0
0.871362042931405
0.640836280299253
0.226018320405602
0.430736640988095
0.186457924980587
0.14548079350738
0
0
0.431002615408824
1
0.618104520839238
0
0.356696152271925
0.258872071531781
0
0
0.275482735962731
1
0.971450541439302
0.590539256580003
0.335637935801603
0.441104189282207
0
0
0.438332651223335
1
0.611181937379411
1
0.833248841758672
0.117538854139274
0.2967482902845
0.094699302983041
0.224580813180413
0.544030357623867
0.193624258536785
1
0.713450512651997
0.191699389719619
0.177523009230469
0.132708381861463
0.333746371583489
0.336235958625859
0
0.185589742876629
0.516220263118106
0.626452518347894
0.059797588284183
0.225336255166249
0.131540223114297
0.112895382547414
0
0.632967710035944
0.353934094575137
0.695181353749503
0.219430633357072
6.08991216973739e-11
0.0800729420234687
0.167312860360647
0.00023297045549447
0.691411968337315
0.668259286963047
0.242702764891002
0.0951926729647608
0
0
0.127261116922459
0.287932242724676
0.147327131654881
0.676467438174736
0.313101680254819
0.363400436939249
0
0
7.13573803575407e-08
0.453816576119133
0.413959720886559
0.472459919692083
0.950839450055793
0.893054869197818
0
0
5.42377640071282e-09
0.415063384740179
0.519969759140809
0.809780465692052
0.797819996655272
0.892455865673039
0.129851321908685
0
0
0
0.00221286059820188
0.476467577491388
0.16285633711106
0.997691022754594
0.577318621450417
0
0.0727777506260824
0
0
0.305065974158224
0.272961056135982
0.698003140803563
0.624912994348471
0
0.301373723723073
0.0656782202059316
0
0
0.322572080497866
0.495201724388601
0.472487796377264
0
0.0913302779104272
0.366783782981991
3.26432271559725e-05
0.4463416927731
0.0854735723620576
0.161405451688664
0
0
0.0380567490876019
0.141179556141632
0.187429604662102
0.441027617550465
0.198530829318771
0.0592388083090461
0
0.0359416148988237
0.0155074847556596
0.324756740131295
0.34026095538127
0.665828173296844
0.0208282826754965
0
0
2.93109993693656e-09
0.0776301633613377
0
0.366325202186898
0.0994103580995428
0
1.25492798963139e-10
0.0741327328967605
0.134376694101014
0
0
0
0
0
0.106690953907853
0.305225745600498
0.249015858456937
0
0
0
0
0.00409853907365552
0.206284905538511
0.679510557348169
0.120676191269616
0.064599030072429
0
0
0
0.00850235317329906
0.113687914828852
0.440986938127207
0.134554779823209
0.0740265674077455
0.268901170304027
0
0.231653337861423
0.249648575296627
0.0505972443903988
0.035878300264758
2.24437213763188e-09
0.286596334531515
0.380695001841965
0.476367439155135
0.736303531222755
0.455080278199682
0
0
0.000252301540403595
0.162980603091721
0.0218806470151323
0.486722834878463
0.568106030460418
0.343383822111847
0
0
0.0601407527085715
0.077322964058517
2.62633336633896e-07
0.331098969467577
0.109442767429142
0
0
0
0.0349230062866911
0.330099331689618
0
0.204361820417562
0.180648255051608
0
0
0
0.204473544851969
0.618004610260947
0
0.0336264328415288
0
0
0
0
0.504280402643992
0.678018456809059
0
0.291967031472285
0.153711511459437
0.258635331561783
0
0
0.953146450291673
0.999949635887319
0.438702884714866
1
0.578031799842478
1
0
0
0.632993301710842
0.580684857923326
1
1
1
1
0
0
0.284316288541561
0.0256190755230187
0.73000583032646
0.53880095320306
0.472108185362149
0.604787754984733
0
0
0.369486667451087
0.103861834529473
0.434692004755019
0.321579354222474
0.0476810670507857
0.28963885123217
0
0
0.254750658559843
0.176618981807656
0.0521360982031861
0.176399521877223
0.019613811152889
0.000546134676792829
0
0
0.235415272996851
0.394996681311267
0.00317320272761822
0.0773779388890549
0.0848020445222475
0
0
0
0.411968687534736
0.134541162320004
0.302093321697556
0.166134601025157
0.386230815502475
0.00975653191847314
0.00273498997942952
0.37251857466483
0.0649255162322994
0
0.094267872732678
0.432827025802783
0.607112470579314
0.0234687374620018
0.632098264167742
0.633793115764029
0
0
0.231907567537669
0.664127516552253
0.99994664985277
0.0618322609735931
0.388193666393099
0.784097205755886
0
0
0.0514646376173559
0.0951035285224897
0.650647496781958
0
0.38117419796331
0.623498839822529
0
0.402083710769351
0.206752367913502
0.344034188836721
0.244866279552923
0.275453141931126
0.080057639721376
0.649982488588336
0.503453441331137
0.339554549591592
0.117882534683941
0.129262860788797
0.342441502173169
0.0853066114344766
0.0195248407117873
0.301658376645349
0.692492963161965
0.563695198445305
0.133672816773203
0.140602351293883
0.184809763662616
0.499490369989347
0.0618156489420658
0.416862348990293
0.451238565947649
0.0742265518788646
0.26732262668312
0.517764685412047
0.588963704496472
0.93731444700873
0.307380072470864
0.603651851977537
0.151094311271574
0.0894108808796976
0.152895644086099
0.780488438704179
0.419182809201678
0.515235901929596
9.43810519849883e-08
0.212044857142394
0.493537238759317
0
0
0.744042137357437
0.472130393471757
0.142046698631693
0
0.414261696329925
0.381659094944098
0.234756680177471
0.401087768771675
0.574211171230324
0.369004264215621
0.0139877069307118
0
0.230238642497883
0.773235267447721
0.119913226415478
0.398906817310143
0.398450528173918
1.44385377824547e-09
0
0
0
0.581939924727334
0.355550625765303
0.0322603245159088
0.183298486864474
1.55339756044876e-05
0.00150988259771134
0.210652696153535
0
0.396664008078494
0.311217074386125
0.00455481057964023
0.0477585598154238
0.0767168028354705
0
0.568036218109128
0.0896488417602191
0.0106967539082452
0.00167577395728134
0
0.328155412903419
0.953872519495212
0
0.67159312831817
0.0108264719431964
0
0
0
0.958672254226169
0.955118401544441
0
0.23695348598637
0.00898639420344101
0
0.437362385749903
0.143227978182992
0.591956749633625
0.468472117902147
0
0.0499399849312801
0
0.532937418159585
0.79798089058226
0
0.51302426760719
0.383995661683833
0
0.0371561991431843
0
0.70952382649545
0.544574453908913
0.352294679473824
0
0
0
0.188528110347128
0.301580203435378
0.520123256040778
0.234235809900899
9.98726128920388e-10
8.14831600049588e-10
7.07852107895484e-09
0.0365289808345643
0.0585628407892784
0.38544717314221
0
0.0239697599298855
0.0363815870207857
0.0117920688866212
2.286408777729e-06
0.0761367543921535
0.0577185727365401
0.00868670931667509
0
0.0132480604633449
0.0601558540053564
0.299657853238011
0.329961164106075
0.422106392863873
0.0385501503946755
0
0.00454306014963257
0.00578141721009212
0.0415433381713816
0.709878842904175
0.633615594168635
0.35620608073127
0.0132417290183955
0
0.289400962406756
0
0.0112249341169022
0.887633299835507
0.378033538425044
0
0.0800819546435595
0.0896006915356366
1
0.329324824634476
0.219836278065707
0.583057608912458
0.368691536963162
0.108868645701024
0.0102357646412945
0.0953478558405917
1
0.65229737222069
0.725885632573279
0.510363347481658
0.05305962841027
0.263843080024428
0.462253875374122
0.416689449770391
0.999986007844816
0.173520812525082
0.722691283713794
0.85408717460268
0.380425205262473
0.810842733396138
0.598725469094947
0.953862855624915
0.00311555877720234
0
0.117768442032907
0.65986579644399
0.274376575763273
0.817529411300935
0.304605919723949
0.0783879871189241
0
0
0
0.620063033604062
0.175461897604149
0.589441126700892
0.0186472378344093
0
0
0
0
0.83638499644156
0.378743563989818
0
0
0
0
0
0
0.523047853638107
0.119053688471297
0
0
0
0.0194190739573835
0
0
0.430881840777716
0.586564239227356
0.237296930799006
0.0644453026610759
0
0.721606535205102
0.891662207526359
0.182236623128875
0.823905158172875
1
0.654320595316271
0.603858554357014
0.404628651618919
1
0.819633654470725
0.68193725940184
1
1
0.583185693939781
0.455047172390318
0.48753435651422
0.494150276811457
0.458998758692997
0.453435055489595
0.994291343305271
0.817771876677689
0.193579170577373
0.676874224115855
0.744851854498137
0.148292361457436
0.246306499872459
0
0.00410389208947202
0.142860385724039
0
0
0.375780703217608
0
0.0690138800790365
0
0
0
0
0
0.227683864228543
0.259133156778188
0.181408096188109
0
0
0
0
0
0.0301544476901746
0.117818927334915
0.296433856521172
0
0
0
0
0.334455371996085
0.0772845448569676
0.121226171209159
0.78417222744849
0
0.123551187453271
0.723684654446421
0
0.635010940524826
0.00429952984640159
0.0341459943681761
0.391278351786679
0.696770501003817
1
1
0.659880703748345
0.464280391418689
0.0076625853824601
0.00400207136985578
0.315702561802585
0.910688782657328
1
1
0.793935184257192
0.146154812075852
0.00624952925110462
0.0762052778607065
0.29619267220002
0.906310631310408
0.522154092849889
0.564846482374007
0.751814671602392
0.393840617354753
0.0222465629582695
0.0431279074230635
0.681128057315977
0.240302237090004
0
0
0
0.647966036153873
0.147784592826755
0.204421532774415
0.787790430751091
0
0
0
0
0.220303245560568
0.344292006611492
0.297582072579886
0.375716042223824
0
0
0
0
0.106233058723485
0.512315500098084
0
0.000753879429682494
0
0
0
0
0
0.064358363968225
0
0
0
0
0
0
0
0
0
0
0.188888554565165
1
1
0
0
0
0
0.0781489383664896
0.762352820249317
1
1
1
0
0
0.144884314104422
0.487750321121145
0.958173776380379
1
1
1
0.0147157576117614
0
0.0217351574975388
0.688042314821821
0.57589654567898
0
0
0.367638585578404
0.208574124137656
0
0.0373046260895383
0.942077549670148
0
0
0
0
0.353988204086859
0.00625060112949368
0
0.203196466535072
0
0
0
0
0
0.180060838274348
0
0
0
0
0
0
0
0.245541464900504
0
0
0
0
0
0
0
0
0
0
0
0
0
0
0.202052854975516
0
