0.210032509607933
0.402209676981494
0.476926558936575
0.364302221293325
0.615802854827744
0.406260272139056
0.463242821030507
0.862085246618798
0.56570389700321
0.458347071224897
0.575984382525231
0.567126234934155
0.438023443218132
0.515880713045712
0.652541428030417
0.353996832666199
0.29665740090522
0.608790643960935
0.301370605240357
0.801190908852898
0.893451545309201
0.127356110278781
0.246542635001073
0.490606722345887
0.138360722579121
0.255563181279752
0.72027348080105
0.2465457272898
0.534635141068067
0.641775378343619
0.208143741413884
0.118014374593129
0.765039182067185
0.364512356018853
0.339641529802195
0.519446997740188
0.336176813458998
0.719720830311038
0.914283744306029
0.931707382051399
0.539632499876715
0.439979889382995
0.611279817406274
0.00370082025846109
0.675646965332875
0.727879225838924
0.477357568335319
0.71787335607477
0.414622047074107
0.224788972493772
0.381682508242763
0.509903153375739
0.125216160170054
0.474654967680224
0.838770159426818
0
0.706372574729358
0.452439983797756
0.247269112452275
0.289538344837589
0.255904245275185
0.0892199289169597
0.144759757054945
0.772046650561633
0.638222663098153
0.652489052113094
0.544504163481403
0.169032167155225
0.391798646412724
0.409351444798894
0.829941803041703
0.252757954924622
0.881140916074264
0.845980127392961
0.161609897513041
0.407034193211815
0.615298583918933
0.256953604686892
0.862052997098481
0.16292892766895
0.385619926967174
0.625321579174196
0.0423454673449512
0.729223709738088
0.521692457451295
0.81402580495866
0.438793944156795
0.0755489283461896
0.553590268932672
0.578861024716852
0.949969721857036
0.223893559419094
0.794796737761654
0.679962969736472
0.900763265302926
0.513287163808302
0.182988983016344
0.547041395955855
0.300337701810667
0.559509505435736
0.0603400793025045
0.643531135988339
0.792014424174291
0.479546240853915
0.644082014822548
0.137249768611726
0.706446344641039
0.20705970930915
0.55345470073473
0.881132885932094
0.521248402520527
0.353333370019753
0.0467824325280657
0.326221304722132
0.386861915484415
0.512379302849357
0.7785928022622
0.42961127729665
0.930923013415352
0.423322329339083
0.538902937753241
0.947677656059861
0.971056095943944
0.43440585518017
0.781100725409415
0.717234390472606
0.892863559426421
0.424535473146767
1
0.864461540002118
0.873694508701688
0.839865805875741
0.950099641570824
0.758403715967462
0.51981269900855
0.670547865894332
0.719683085968127
0.25331840572511
0.999993516298369
0.188608601029872
0.507246283337173
0.467496252046403
0.215377448432349
0.193814818970639
0.916479965353118
0.21814620912537
0.452486742892978
0
0.188339411256948
0.509770074520102
0.845022289896268
0
0.845256178743376
0.968798222071315
0.551967023961726
0.716207640258411
0.325841871739814
0.0137797724647408
0.969717109584674
0.982810599830273
0.890893462535953
0.443523938111636
0.372902799827562
1
0.719570639897947
0.70539278451095
0.881488599458924
0.146753963516791
0.124949053783184
0.182625707307367
0.634554773942812
0.632512588519748
0.224751076598641
0.789808729221872
0.461032246672306
0.263253244498665
0.841732867379446
0.154668128975034
0.176500811208124
0.764992331825011
0.35955407808239
7.48113889800318e-09
0.743490420557876
0.977330307553071
0.703108384070044
0.585931847684684
1
0.984686475658637
0.700628269939864
0.751627715263003
1
0.394350785641778
0.495703083849923
0.738217170788005
1
0.0159707488758438
0.690143380789773
0.478520509421681
0.386380139749733
0.243135074360961
0.305682072959922
0.237446335497475
0.179452449610368
0.389222661064429
0.85602090506871
0.0827374895449783
0.692318976202261
0.256999280506345
0.473216521140613
0.508359630128977
0.104934909733442
0.578203473366291
0.0952974548116043
0.733021042208694
0.967295191565762
0.256814088599195
0.863168358948784
0.367183681071785
0.135951899500454
0.688096078244947
0.406473869663781
0.289069379594157
0.823278493278213
0.940679900942079
0.504337221561461
0.851150020133079
0.638308665015958
0.187695065261909
3.18321676401462e-09
0.220616901055575
0.809303272287134
0.484398036529058
0.0492155084488675
0.0884411271157455
0.310341375872828
0.749438545296919
0.702472180406158
0.303520718320565
0.248280247686646
0.559252258047427
0.362323587749437
0.428785945495605
0.387297233188275
0.365334530128766
0.25687832794931
0.902379726990685
0.271345988262613
0.134443523659399
0.715087746477438
0.974175534575245
0.921691929674909
0.645505448617553
1
0.575173362824648
0.0625823072071307
0.196226196708605
0.625800388181564
0.653289966382155
0.30696885450772
0.649594600669872
0.25498486548295
0.498790608516384
0.3428357623778
0.564179534135139
0.266991959183442
0.279434236009309
0.494479886131508
0.599516615028086
0.707633570910635
0.514978981510672
0.632533955767936
0.441351388274253
0
0.257862836075646
0.0983948164981795
0.630687163146324
0.354578473768396
0.0907220056587319
0.611675972771902
0.426260445267793
0.308559266748514
0.859379184932111
0.677197526115241
0.721281455461785
0.548892190412956
0.610031513244614
0.811347968174102
0.728248643151302
0.24571810106985
0.753800147617289
0.805188289835007
0.408516216662178
0.628339846868449
1
0.190923894010743
0.758063495491786
0.289659340505717
3.08379507650504e-05
0.15931072078806
0.351573325461084
0.754740449061347
0.480368012814717
0.955850188331528
0.767987008207252
0.422068830238252
0.350463631078875
0
0.568548281353234
0.717073657319756
0.390499057376789
0.505398311921266
0.300484462182122
0
0.0287345941463819
0.482127156855765
0.75672075770907
0
0.733879953314273
0.412636162453373
0.842801115660282
0
0.185656694017099
0.432789025977915
0.420555671004056
0.539906943113421
0.340700064585265
0.0343038772340264
0.0574142730847872
0.722683640115637
0.0597660926076625
0.944096005016435
0.999665969060921
0.490798432806102
0.538001534605266
0.0343760542454022
0.06462477338492
0
0.143118512125861
0.217912917001888
0.48644282939755
0
0.650695182998757
0.483907802349736
0.782121566699494
0
0.0786532443123047
0.623947173595721
0.617987869547139
0.186787679587902
0.326316867886356
0.506983964107004
0.666992271792574
0.565703678797157
0.671145634253863
0.564705403414773
0.832502023865906
0.51954335973244
0.367472733138412
0.419044616190111
0.625506762626169
1
0.328068528218214
0.934987625052758
0.664289101906469
1
0.885321256355387
0.643277847428914
0.844337118391658
0.652199777201543
0.284400006622412
0.444048864632011
0.204986409855817
0.125241948648825
0.825522650048577
0.340540330652367
0.885259018237065
0.157001442921264
0
0.0396549457234973
0.116113269000887
0.826151490259735
0.0590256654344523
0.89780367533933
0.816659870423208
0.196219140076269
0.8644626345511
0.143155774081115
0.429943894703101
0.678960127391173
0.649858872088305
0.212526562045386
0.511402604216509
0
0.449631857735404
0.368410769214753
0.567816880316336
0.0680023368151527
0.184643010580383
0.790295035089813
0.458437807334793
0.470312131740258
0.197003192686356
0.636600855396774
0.987632998706787
0.4208433475498
0.894518596935396
0.868911301241578
0.533652474693704
0.417601653890697
0.999999327992286
0.208334599655803
0.387070086670095
0.527554327391838
0.408905604927828
0.74009141376853
0.12775771518051
0.415135067853696
0.743238953561359
0.178019171486943
0.444796143640242
0.607366901983342
0.407320899542852
0.692565618929816
0.778617769519571
0.552914053336448
0.640716312318386
0.338429031892274
0.771172935886079
0.572063360326636
0.753858866749471
0.222463909183716
0.0340120042784947
0.501371320863287
0.275891203256497
0.362909467999796
0.47162429833432
0.320189230905871
0
0.224669878553647
0.603647857506506
0.73539569576079
0.753795004315926
0.631649649009066
0.0468056512867176
0.579684205756843
0.50931217572746
0.659450514592345
0.913720400349961
0.104671481301638
0.623499621400874
0.74881872481591
0.233234380510585
0.173144136852846
0.795140334067647
1
0.346292989418142
0.675312513004435
0.309947368155669
0.775674240578248
0.888388501272006
0.431647646528926
0.163970007420728
0.679085694841767
0.413493212248148
0.94436824272915
0.465738276684766
0.323913398221585
0.131416429601144
0.87537720466611
3.01976719660936e-06
0.404566353267823
0.598353273450336
0.326860915985847
8.8539885389937e-09
0.632184095324109
0.0194080516180729
0.0474390368638462
0.184007207430338
0.00384753159060208
0.646097569311523
0.0192094226342238
0.629474463548466
0.349434916036256
0
0.246242958340115
0.257813374491285
0.610557069934622
0
0.554417495847157
0.999999997932892
0.824392555994752
0.51703140326671
0.719178445838701
0.49048546638151
0.130434154056716
0.684373522733565
0.63643068279574
0.409685409970038
0.588137043426932
0.0576769690762713
0.0577257755135437
0.171168766136334
0.456017408187458
0.320401091194322
0.379605292935165
0.553623618764141
0.588206896855901
4.14826439098602e-10
0.421981496292368
1
0.481642895051734
0.421389764815744
0.871777490703973
0.430351725065421
0.857552737778245
0.00584376096285963
0.588477281395959
0.62130957115524
0.646357542360553
0.288693131487716
0.977983852796199
0.520280210966145
0.590201068306844
0.246445949254181
0.855909287370541
0.340436550081304
0.66666529878318
0.478255433222588
0.742076536013104
0.654404265322717
0.381552880784971
0.131303928474221
0.392565552800746
1
0.920195427018962
0.35717187890745
0.365271213837079
0.903007929252847
0.0874971205766906
0.528365023039999
0.401881341513531
0.794101766806823
0.111704562812104
1
0.100809407633541
0.446098434088914
0.712338526901185
1
4.26349178019776e-09
0.587890275626298
0.929951811261951
0.465230297937364
0.70277647832316
0.685363793676323
0.108202342572042
0
0.401447654945555
0.999999998987978
0.918724610654675
0.0755649552321955
0.119656088949025
0.286796325731444
0.349852806626741
0.253048508707248
0.466804907998342
0.299038719644982
0.873821266910178
0.0275292914622852
0.221410291009246
0.196187937239096
0.213390934638063
0.59305897258062
0.688650939365584
0.211954018116107
0.171679202129165
0.191513899613634
0.719591495258629
0.22798254094996
0.230870716657679
0.311407388060051
0.626411549197533
1
8.45780746599646e-07
0.433654814449211
0.619714260235982
1
0.000322193483020878
0.946031611830221
0.179770253239508
1
0.10377532908635
1
0.337749978498452
0.42958032601247
0.409123851270621
1
0.999955075148373
0.0671604964580626
0.613725800961469
0.999940784962861
0.128820890057325
0.673485967070344
1
0.0142475610149714
0.465884669576353
0.99999995339467
0.838158069565177
0
0.106646538521206
0.716318459554033
0.754613315913804
0
0.849082697601948
0.000214632687853598
0.649331599930354
0
0.679213875834866
0
0.138347540567777
0.0409455400846536
0.493480070479978
0.428074813198787
0.656094666418169
0.601908388035073
0.112695218182022
0.865269031221489
0.252081074559689
0.307466693007088
0.31669186358507
0.11484530364251
0.0282995645955948
0.15117996107127
0.704881403219305
0.184037735511384
0.553543669431735
0.659695064242245
0.55534840709793
0.00277754888143426
0.990361532505891
0.504939938602563
0.3340832607746
0.565155457717503
1
0.83148761648916
0.65471028510285
0.674496164898163
1
1
0.504670978057406
0.651273289503931
0.633070533627988
0.35874872221239
0.449689000157919
0.899175417248244
0.238303191566431
0.255863310869994
0.428618678149168
0.604799078829972
0.70049505833407
0.0258059414526774
0.646212662602683
0.128907898609433
0.595247803848698
0.11041979466535
0.855061562058122
0.717029297871287
0.387711129374023
0.216493408617351
0.236015446313766
0.176368380572559
0.178110420363353
0.616181078081851
0.413116683786267
0.806020686382602
0
0.43491379225461
0.90948199820924
0.390517275415533
0.458637133169147
2.77743074612432e-08
0.0395246890765525
0.240330122082959
0.391562282521447
0.922748538183926
0.526792698729306
0.304326712818245
0.427721766896043
0.24332962245303
0.180360550763876
0.495560523355121
0.0823345848134372
0.475810299298036
0.666374627792942
0.221019034247724
0.500816670632963
0.679672550092925
0.590214045989784
0.9999999998422
0.567609720276497
0.423132903175199
0.860355540572483
1
0.444556424567612
0.143621831949791
0.843375297871906
0.797049454175208
0.446727271645791
0.469442884558397
0.938956798880835
0.562675013973149
0.138263145055472
0.34574472461472
0.599477547901451
0.184952398869248
0
0.000556233673218183
0.290922272263498
0.779847517550335
0.326948438063561
0.387613194802855
0.724617754507783
0.422495395102853
0
0
0.315583987260421
0.316501939400991
0
0.302523285217836
0.265865141325132
0.579719356749452
0.359824533805089
0.755906954458191
0.576192693018508
0.832171982322053
0.391892982403142
1
0.820875095092373
0.185652502776751
0.555848406547174
0.401486867910665
0.276160937578399
0.721872232461279
0.628447260924965
0.263473599483321
0.846364661720271
0.778766592778762
0.282134682847506
0.449745229995424
0.297332753685849
0.431065650812007
0.0569362046437849
1.07576530566378e-06
0.640076823905227
0.182396977194921
0.132834999271241
0.0208712299711528
0.735343469138374
0.845290360507595
0.183552268082992
0.230767715812225
0.929743087633838
0.380430890018109
0.00781779110439676
0.682957065163344
0.082677838879009
0.684308902672141
1.02068524829354e-05
0.0228089758179066
0.795047447709219
0.269238007971421
0
0.196521220377666
0.600377204878398
0.498368677914002
0
0.98950127714378
0.0298652624700867
0.549938677357408
0.312968296198629
0.463986438465857
0.376998342993937
0.256001603006761
0.371607013510358
0.999999982116501
0.33020863037013
0.379582947966294
0.659012234322733
0.261709033339152
0.732642038027584
0.692778440903409
0.387113479023337
0.641199543092587
0.144597899231259
0.00249471304855451
0.478792401285342
0.458695361105162
0.699629779729815
0.249816692834428
0.90126308922742
0.706884758363399
0.786972585846507
0.591187185549989
0.629670023773432
0.224025890579282
0.999999999798761
0.844070100183726
0.0876001209799245
0.591506843692254
0.789314883406209
0.832430452769119
0
0.159759128685021
0.468669794588005
0.424933593485617
0.00197447613465627
0.631891015832092
0.732389647003281
0
0.570663065168933
0.701120424905353
0.379113129662408
0.0248759291194266
0.837386221484251
0.999999998560749
0.516609323336328
0.95017243017392
0.762144657367683
0.71640171469401
0.395755717076716
0.0193571353256426
0.999998307925545
0.643334739631354
0.44808194968305
0.485884708385743
1
0.0462812447656383
0.222770608724666
0.56795356858438
1
0.668691206067066
0.698345138545923
0.554293872571804
0.575086548111079
0.486344174129752
0.740296297064873
0.727202012402043
0.559047605872141
0.845583357339536
0.000103486365690214
0.205846261170075
0.458672208685446
0.70415532150439
0.528157531981705
0.654127540454866
0.0154752055120078
0.660440967307838
0.506464893393895
0.175065098842813
0.382723239281017
0.439125527794869
0.672790190897684
0.361491505869781
0.524621315169692
0.890347566677771
0.59111272380226
1.99018756182216e-05
0.173517181659556
0.767451635313017
0.166152676732096
0.154010824671711
0.000110531926415172
0.187473138284776
0.00690604881640716
0.788374332804931
0.390275084582644
0.124842494677342
0.648938133732905
0.237876002768718
0.175034797607171
0.451169631286143
0.359678422737574
0.728684245705864
0.483757403276291
0.600051535734727
1
0.646250149591171
0.628585840020998
0.190313069385266
1
0.999999999765748
0.0582514620687308
2.59817651646748e-08
1
0.952632555341709
0
0.253675247663485
0.920737910888845
0.861590004883672
0.939394702433679
0.439733251047292
0.357507949550539
0.629192424696191
0.81783479547446
0.999546907769278
0.363959570865919
0.209944970873666
0.512997086181153
1
0.787919062132152
0.869841127066523
0.263376750234869
1
0.567511392995139
0.706711970324812
0.998583009581724
1
7.9383505727323e-06
0.81398318734122
0.868974200483437
1
0.541339619820168
0.263256611354583
1
0.99996175224482
0.699931493528668
1
0.113952760400089
0.951813158746047
0.05276030787956
0.620448555874687
0.882335606181463
0.0439162458729127
0.897992984954322
0.820412317057587
0
0.0795307949904451
0
0.429580027896402
0.393849114508656
0.503873060967966
0.453050193483099
0
0.0126500538726441
0.583248984047777
0.313699113697907
0
0.719047781557879
0.450145262578998
0.306419446698176
0.198810169666299
0.0833067273368356
0.424869933898665
0.487929758698315
0.798602238943741
0.370096920207683
0.313477721666101
0.150673337945733
0.554288222425526
0.396854613937227
0.99999945042097
0.000209315106783067
0.216757739687264
0.888578360341226
0.999999736676226
1.2501877277805e-08
0.379074316076981
1
0.985138678025788
0.662859336325387
0.56449246276191
1
0.140044751558459
0.50915538456495
0.585828408486412
0.907641832799251
0.713819127199817
0.187496437089431
0.999999999791348
0.985594835153393
0.354933030429839
0.946267048754206
0.643580425419494
0.45980890626891
0.871045991673834
1
0.939852128838798
0.243830196806648
0.370241096303113
1
0.359724039554495
0.491063423393612
1
0.439823015767552
0.794219182901918
0.619516061269798
1
0.67625205435237
0.531813457647692
0.430889749464923
0.718712871475234
0.0043058742073252
0.277566196409011
0.626569763770417
0.835883834367433
0.488190679053009
0.755170921340752
0.551521533644105
0.902795794795902
0.330932639194679
0.608124528968127
0.996292352171616
0.143735924620722
0.289863667326887
0.999999994493951
0.75703078923151
0.900842681404688
0.404706585716801
0.87877650864661
0.653397755566668
0.5658118433408
0.510610118953184
0.673949035801182
0.312756149741907
0.191278539613746
0.573454588700189
0.421354570737546
0.149923630146452
0.649451525979397
0.883330564047136
0.804505500605915
0.277095300220469
0.4113543444049
0.137036228883011
0.361236837930984
0.40098997513273
0.999998892215143
0.491841053756525
0
0.800699330018827
0.335152555115662
0
0
0.166140571052626
0.99999056864815
0
0.692249642017471
0.00674304554233761
0.582762849667905
0.789478552620929
0.475555503106719
0.180904731812802
0.363977677710681
1
0.348934049818636
0.478298808136676
0.749066095214415
0.435394265356401
0.968492669158652
0.199086836226192
0.579527987527498
0.42173759538782
0.616425840084291
0.525917880625264
0.455292391095673
0.871059952785312
0.705158641037961
0
0.122392424080496
0.998848267996326
0.675756864990081
0
0.72026177162171
1
0.70233366623123
0.40869619747227
0
0.89020059229602
0.166513572770137
0
0.231095223613807
0.64131985787019
0.349598489269773
0.411627210527757
0.0613828201203921
0.000220551112077402
1.36904995098351e-06
0.540983907611018
0.020087397663434
0.860122480561554
0.571042483245318
0.407482247478876
0.265427144726422
0.572224444768046
0.999999998877168
1
0.203512001168077
0.314744419535596
0.262322275690156
0.676436706516454
0.684204061527165
0.830005268312166
0.348723724334772
0.832719559715464
0.338937189587419
0.496667578267077
0
0.395414351784392
0.614001759514702
0.716743481113916
0
0.386206961959686
0.709639450897848
0.999999944933107
0.0670533896488175
0.419704346847978
0.290994159085702
0.750784998542384
0.887857754128772
0.811826451166061
0.999999999929659
0.82148590432355
0.871390272098273
0
1
0.377575912452756
0.71042527356877
0.845316252148137
1
0.601006072385404
0.701349749960257
0.0539627471711847
0.748501623703983
0.21776599159878
0.366635844641779
0.936980921763362
0.254102465059051
0.685507327502137
0.99999999957799
0.221917690524061
0
0.238952947221977
0.612636511628491
0.476570870077333
0
0.701244017610962
0.78812512609935
0.539725442550524
0
0.573116381718702
0
0.637870149283672
0.0640088612146377
3.4955361427639e-07
0
0.622449036523653
0.328847921488949
4.11561924382358e-06
0
0.255581856296675
0.708127686637985
0.790262793753845
0.140746450144962
0.85534349924046
0.571851362027006
0.658205418061237
0.933538178104932
0.401010894135395
0.280920313366622
0.42743566145365
0.562318595389664
0.192986635246473
1
0.342804456362548
0
0.512067184673197
1
0.956109702650404
0.455559195433704
0.325259153606027
1
0.784519337089816
0.999989451955963
0.37385277687906
0.970888191921429
0.60673002417795
0.999944744954041
0.0829475716335705
0.854310516314242
0.952895924560847
0.926333418348667
0.92700150202275
0
0.709797822316294
0.928133242000964
0.781184493537611
0.033604858148434
0.279979387256851
0.221617356437964
0.135083586714429
0.00862012134625601
0.23406792509659
0.185817595690348
0.12985282156665
0.0414295564776995
0.28364731139636
0
0.656570867680265
0.241809006927967
0.101743652041109
0.281931292031711
0.237020196815594
0.969150779678468
0.93234761207402
0.826915609196913
0.173307518327057
0.744827171946372
0.708780833426006
0.536274156235449
0.721296739789359
0.856839909220856
0.625203297349526
0.2283624305432
0.685347815272134
0.693256238354016
0.231511853808833
1.8463892456997e-06
0.523547546148401
0.999999999878294
0.677166662459031
0.413013076709287
0.133226089444491
0.999999998348238
0.824738375121061
0.498050014209817
0
0.999998734474511
0.854360044927988
0.67767397355926
0
0.749817914614498
0.999999992939997
0.816788152757663
0
0
0.266210121751236
0.000280365755123682
0
0
0.604615417934808
0.52202973712099
0.560664026273223
0.178942709910885
1
0.986691779550222
0.130885846010643
0.939419427665692
0.829937264438453
0.415845633046773
0.147983252702441
0.470330232433121
0.707308836195477
0.574890866824419
0.236418589353244
0.257444580876745
0.188030194132427
0.272960232885585
0.382023438221073
0.569108620194729
0.0544517609129661
0.174521193030839
0.45479841244165
0
0.438602155646757
0.249009808573422
0.982170639748809
0.730499381934875
0.380521715239626
0.807389932491341
0.999999999419832
1
0.999999999634872
0.999574635010153
0.530788491707217
1
0.487776500936806
0.33666773546952
0.799686681735034
1
0.33183124614962
0.0369055622074375
0.0729150097479294
1
0.678348065901972
0.137538862233587
0.0299433706034471
0.65677942833313
0.818087106815294
0.338522423165572
0.0422373768044054
0.416256237276758
0.559713826127827
0.999997031804898
0.583220118749391
0.536064019084093
0.624396414621091
0.660542358232554
0.371167746727974
0.658225529497916
0.323532578460631
0.33607378446357
0
0.319458538647045
0.705872307157251
0.000436836215024012
0.108549517248994
0.0729949459050575
0.273591196208589
0.46673907142057
0.481456615083018
0.622466522244182
0.180088657234756
0.987375819857378
0.0516534963163359
0.483037703324037
0.764139468460108
0.705491322330199
0.376213713593085
0.541599178388967
0.119899152590803
0.289186050452156
0.999999987412231
0.601687918776755
0.72293065766379
0.826453931291609
0.999999999426645
0.902991432035956
0.271150682871237
0.810859680850075
1
1
0.720849176567933
0.61328066396482
1
1
0.343777841054054
0.644765421542507
0.762247098306052
1
0.429394016120524
0.584598534146146
1.77997628053108e-05
0.999999999067426
0.73673742931742
0.525838726194093
0
0.578142032260976
0.341966063801822
0.281525368773628
0.509868796095559
0.269010779760323
0.504748577949536
0.999999997759624
0.403474897649207
0.438094875410349
0.517552445846402
0.386216126103499
0.688650791127926
0.655940316561209
0
0.278003326876088
0.0124290179846464
0.941632990951993
0.478108564439049
0.182893460741375
0.507816019592245
0.214983381117091
0.3747436701584
0.8767602753753
0
3.55990925480758e-05
0.679130907360734
0.704434804843867
0.746216759424834
2.2607388019537e-06
0.274470753034461
0.631492752132392
0.865013508991076
3.78742463856337e-05
0.411408797336239
0.4452896332545
1
0.000225016827977506
0.999999998770378
0.828374430766535
0.588298975843395
0.0208704091822659
1
0.884803401234974
0.295428732613147
0.0760225362497613
0.830399720951662
0.657359222909618
0.380233717681162
0.776153411379329
0.90673234392681
0.210968218884471
0.781201732876999
1
0.476690915159196
0.520625678125824
0.661632064787812
0.601020609075726
0.264239027833794
0.451993862889761
0
0.32428218299568
0.109921093833624
0.202698527238551
0.388326127998874
0.967791210659643
0.0452172919523294
0.0672124079943074
0.235776208213109
0.96860491807097
0.964871683200462
0.244259352620691
0.788911318434254
0.446578382845192
0.60028983573572
0.690381309213623
0.243439832094734
0.568268461791893
0.666741837125703
0.617211062603777
0
0.906447964859926
0.140894082530187
0.0527613768178437
0
0.667840864649853
0.137570930670795
6.51318822428219e-07
0
0.142863434812688
0.938295918367914
0.516355637493108
0.192598741606393
0.220152446804815
0.999963984142488
0.361813380432166
0.00157527616261817
0.360256572212181
0.999999999700215
0.0609474664317888
0.483753302828276
7.04448450074781e-10
1
1
1
0.0225133379492312
0.883969408109634
0.243616232962472
0.729957414364383
0.141602062515477
0.857832146666855
0.696478741064125
0.67440519530766
0.0778155093412168
0.288162533988909
0.505762068715965
0.706203801748427
0.467342588619968
0
0
0.748986164317126
0.941853957003211
0.928766248534474
0.103623263002154
0.462858183750582
1
0.778503231242958
0.893110272276017
0.606284055371189
1
0.722182004640995
0.999999999036976
0.629753923381669
1
0.985798232642093
0.209379435325204
0.613746943280863
1
0.582454520703729
0
0.316522627946769
0.708519672295234
0.640898795297533
0
0.147626279421363
0.101119408394833
0.999999958691771
0
0.442394088203981
0.726150847468192
0.995571263114976
0.273991472748311
0.552915670856877
0.423678122733517
0.562445056143875
0.749750684989706
0.263407340161881
0
0.857092559134799
0.663974124041625
0
0
0.757959321289954
0.853321288755466
0.481047789031382
0
0
0.208237333187636
0.661965798125908
0.124093821299165
0
0.803492517017358
0.733472574107813
0.430342563539199
0.296608862524713
0.868424419781388
0.856361531758077
0.0963047692316149
0.323801849079273
0.75447278498521
0.161958334250497
1
0.673363348800175
0.108052709043593
0.456626028426762
0.980704833423038
0.199893837892614
0.11403786585672
0.670569600075317
0.483639619516894
0.531593612334762
0.21656618165442
0.788081249062809
0.710823942546618
0.850196503080363
0.32979250868589
0.792100730128226
1
0.976941045537614
0.608163970244584
0.371521185528259
1
0.999810550941496
0.545554418175256
0.454991728741362
1
0.999996709636034
0.782783469065319
0.0385497902879272
0.580093169483963
0.0920795355233298
0.81727319693629
0.817253924347716
0
0.0981623405247388
0.884705867100525
0.734770932569174
1.55705788168117e-05
0
0.393524629184657
0.786378996946037
0.769480068004384
0.402051146208914
0.635783478940909
0.798022040279452
0.48222502630382
0.674441252395112
0.867935786413674
0.681069375585664
0.739803134425206
0.451281393078028
0.745412810613905
0.0991753263448961
0.75701854558069
0.16252436568112
9.51966520324118e-07
1
1
0.0831725303780429
0.421989063616713
0.806012385259203
1
0.113593740689523
0.135251985200206
0.758397013332404
0.99999995512426
0.344437940779723
0.321745641754232
0.710250957934842
0.899149309178663
0.570886412276709
0.319107693347696
0.0030347716273804
0.999483841323245
0.948531199731612
0.659937215494999
0.573730044170682
0.938321179421265
0.0589733513738055
0.498151925242868
0.313988515696087
0.576747762284746
0.0605423117093391
0
0.695687108257751
0
0.589277277866757
0.187739347491449
0.481739774544911
0.181901518738291
0.585502372917459
0.0892456798161237
0.281523711623585
0.459235457859976
0.669092255211218
0.954245326270436
0.052710837253126
0.340967096983257
0
0.582634036440726
0.556975721356983
0.456751137276404
0.71862713398518
0
0.854746206553309
0.594741494814116
0.474538024264918
0.375121811899631
1
0.679002454892244
0.567942136788618
0.991306587492212
1
0.0382282132057377
0.563476869297964
0.297907131230816
1
0.00320544987937439
0.00291984072557697
0.405011950112347
1
0.738340306833675
0.522535656176277
0.15198855823403
0.783130877054197
0.88260800797089
0.551284812940035
0.117552958140074
0.705056849486278
1
0.982388756259924
0.565299304361032
0.758458481044449
0.65109606285352
0.567984224155488
0.655410450478029
0.840619448233151
0.486418495757464
0.161175737424084
0.130673516910482
0.55505150647884
0.56012150322309
0.589696201180092
0.0397390206280323
0.367378990039377
0.730306222102161
0.435797813591331
0.349909335546361
0.121394632164719
0.645487864017668
0.524882452261509
0.221138214172438
0
0.334780873175642
0.846025087843391
0.999999999563724
0.329679706371437
0.1951846506961
0.50079749057604
0.0820441127647102
0.635443201914248
0.484161493732091
0.113435564701019
0.59370454839591
1
0.112499254873082
0
0.28398282435846
0.747801373397
0
0.0923365003496924
0.722109820041254
0.999999999972475
0.14235522786683
0.999999708807796
0.9361727033104
0.77055266112717
0.320626433439991
0.875973363961043
0.281865707544828
1
0.66344981991209
0.362203824278245
0
1
0.733079761052494
0.329473374066636
1.28201917501179e-09
0.57280015319032
0.877845632676359
0.138737341127208
3.89718823072129e-07
0.586634331202846
0.981657942304915
0.999665565740022
0.502114438424174
0
0.946620523923033
1
0.979279850917918
0.297216829709298
0.953681155133999
0.769193377286635
0.460126453447375
0
0.578170561617249
0.0181105807904864
0.261830161176464
0.836193678519112
0.518898417898232
0.330524360189277
0.856520269217171
0.287566015688978
0.0110872454486056
0.246563191955886
0.567281066295744
0.680913199449895
0.109453356338957
0
0.769223611401459
1
0.314296232339502
1
1
1
0.228475321521863
0.360932488430941
1
0.668217540027828
0.668964892385368
0.499699684667259
0.308205248210233
0.609556960165481
0.0948691883789113
0.635714290178902
0.566232067072437
0.877413181993797
0.126879665135586
0
0
0.165537776295193
0.655708251669455
0
0
0.210374107048315
0.356624483671752
0.303061182519697
0.0585323728576311
0.261219752977689
1
0.15530545652677
0.81160838543829
0.616389778148731
1
0.80993818977635
0.472768763636769
0.869124675400012
0.911089017892689
0.680938430823896
1
0.451665052663456
0.382269340231314
0.393928896219951
0.937725675560901
0.0934980070553389
9.85872311787978e-07
0.250558258201977
0.593187908191404
0.39999647910857
0
0.428190210194825
0.100493092975782
0.264964103257215
0
0.0663588842829893
0.0709819350239189
0.204594365850602
0.329849766217151
0.432529181791891
1
0.886508738048869
0.350093761172779
0.701843482767626
1
0.268189732770552
0.295836546236384
0.7934626710835
0.721360410016828
0
0.138325682040226
0.253518279586494
0.636544710434412
0.447233265282985
0.217466232200151
0.248498791872204
0.697605824402911
0.626318110228873
0.108940037063081
0
0
0.826098344577096
0.735400811948151
0.15467000197649
0
0.462240890600188
0.99108840502356
0.313387692024041
0.11330679389508
0.554957339014796
0.772074031174654
0.780264254177729
0.374639792921905
0.745461847480259
0.355998974839588
1
1
0.615073086039803
0.0357834568048731
0.683087510379335
1
0.109767968513839
0.395295885326074
0.583402926088406
0.272728456649784
0.130699629198679
0.612018707804004
0.570109760467287
0.0586829825280849
0.182197797172582
0.801439779876902
1
0.0810104811289921
0.142414640886361
0.285902884602779
0.821421188358606
0.520016059802388
0.084331544099914
0
0.96647820911446
0.990992341288404
0
0
0.794063063680351
0.946792819518465
0.297086052490599
0
0.253916730806758
0.926455212121953
0.908627500797185
0
0.827722106192549
0.136620521739931
0.859124128322933
0.925934772433892
0.154950496007619
9.57295097000105e-07
1
1
0.174880149680106
4.99997292167883e-06
0.526798124417954
0.21364999836618
0.676363727636968
0.494449492933825
0.814790922833071
0
1
0.168281534205176
0
0
0.971483481007046
0.309732118084277
0.58160947865462
0
1
0.208843724579008
0.0470605416120703
0
0.908890241122205
0.119744927860817
0.342116747956561
0.151438875226294
0.353791253455316
0.609551473851261
0.0110316548166264
0.470188778571048
1
0.387844207941786
0.0725331609835688
0.822857298521207
0.549346875868094
0.209008424955582
0
0.475476175700446
0.49216046318397
1
0.35942327141541
0
0.329865839966983
0.67385337494175
0.0501908261665493
0.178977455681791
0.650873283074923
0.383746534747364
0.758665402160455
0.023589997035186
0.924980438095107
1
1
0.703998466562039
0.335385180959972
1
1
0.785645389549684
0.318390622227261
0.579697018028094
1
0.251501749060272
0.586600461310395
0.996460508124886
0.189307540771351
0.312847724402671
0.695074723727316
0.528389242640248
0.240913654461941
0
0.62166368468618
0.167957175500132
0.0892950032511649
0
0.551395131961287
0.862988071178126
0.149298279741425
0.244595711258267
0.193252807456808
0.557931956882639
0.388071133347423
1
0.332522262954114
0.184794950752584
0.306335259632114
1
0.116088316397865
0.754644363502296
0.581718700858955
0.4871072450236
0.772841880136918
0.833384902542529
0.44877433253918
0.31939947220371
0.2311995337903
0.456976151570727
0
0.154280049886382
0.262463053210029
0.536137664354835
0
0.426935804824519
0.0105858463111251
0.531786442191017
0
0.291333269067393
0.195739554018969
0.288886853529789
0.998009177617412
0.243866436969301
0.98810750620713
0.409411519355116
0.868130286434114
0.532678874547225
0.585980175830308
1
0.659044849690316
0.0983920554376709
0.556024740763013
0.422697931477293
0.0746657122191137
0.361011370091156
0.770578942030253
0.690497978209624
0.118883820577381
0.426580620302465
0.466302989455542
0.57960272484975
0
0.326488268793638
0.181781562250639
0.470093365632447
0.240368047495075
0.813827288678413
0.430401698457921
0.424989443454449
0.552913015202213
1
0.448854919084268
1
0.22380967488325
0.3865737576468
0.571233369986156
0.366463891898142
0.336495447513817
0.613696461355036
0.626138305075795
0.431397678012548
0.829797736300846
0.996635812343959
0.601828663990242
0.89615887444355
0.537316651577553
0.722409811567573
0.625301220820308
0.920485742712369
0.295205479178208
0.988920243824917
0.0444282691049225
0.40141021928034
0.379164465286072
0.284638875766561
0.571991725572149
0.584590943631715
0.477325264774607
0.5057003206551
0.0719558199881542
0.0273122895364309
0.201594553014573
0.46304383411254
0.636201081422513
1
0.217919592544103
0.714853577030405
0.552642252768371
1
0.619171347515478
0.563501106149247
0.977977282690636
1
0.823619370934699
0.616480529458394
0.514621173992582
0.0131374140163239
0.0989303550266425
1
0.202050761726239
0
0.0825967990604595
1
0
0.0860421795802177
0.101955218947581
0.159941927921448
0.133399314365556
0
0.585112752865816
0.0225196814910948
0.727294397259672
0.454626200670297
0.76239267108461
0.716016455157873
1
0.796045896750293
0.501021786673684
0.813415588028955
1
1
1
1
0.555175371995986
0.606696840955326
0.343130927523453
1
0.00256439340424987
0.748844980707677
0.656976659190538
1
0
0.197037706480244
0.230179939375425
0.371112058194857
0
0.982718597568122
0
0.18125148043005
0
1
0.710667867439278
0
0
0.640581675504358
1
0.873960530876292
0.624957458640091
0.418263764997331
1
1
0.439665917496351
0.632828288448925
0.819932041561967
0.957781228905663
0.759492228151231
0
0.402607126890178
0.767225740107303
0.366515164405604
0.173824775899262
0.187358082953643
0
0.44794942397176
0.142221473603947
0.405225130584083
0.0102718761128988
0
0.922669519346376
0.984781559230258
0.972328575418433
0
0.614240504766079
0.701680504984057
0.399633682421344
0
0.698486855914144
0.902063411282852
1
1
0.205754340855666
0.567182615047726
0.330213318988183
0.793574442974452
0.142963276505022
0
0
0.996460365646327
0.0496368005228533
0.0640128391668572
0.330121464060566
0.927915104899014
0.837389681876452
0.254513409561621
0.675242575223281
0
0.693510470987972
1
0.916392795466485
