1
1
1
0
0.651575639630571
0.827200788589007
0.768737038435719
0
0
0
0
0.449144830266355
0
0
0
1
0
0
0
1
0
0
0
0
0.365081426303564
0
0.312984997814599
0
1
0.415279090393462
0.9599884540998
0
1
1
1
0.362293293392523
0.290233943145056
1
1
1
0.748505546230231
1
1
0.626351967880886
0
1
0.0540934361354102
0
0
0.0758163200535294
0
0.0265987278924027
0.997944589439784
0
0.997383985393433
1
1
0.378918341583354
1
1
0.719438454954537
1
1
1
0
1
0.835990023726376
0.70081166821817
0
1
1
0
1
0.527129657665783
0.00681816339700239
0
0.989559623574926
0
0
0
0.0807103849019879
0
0
0
0
0.00150041358022751
0.350594074072337
0
0
0.938506754354606
1
0.0311643004656413
1
1
1
0.889899976752557
0.517252795470914
1
1
1
0.562266207528513
1
1
1
1
0.53841790400898
1
1
1
0
1
0.48924987422362
0.0117129399062652
0.308914867238115
0.927563900725498
0
0
1
0.0217641510667447
0
1
1
0
0
0.17825416499184
0.723505477218865
0.309311629543971
0
0
0
0.968413204317393
0.014349043823107
0
0
0
1
0
0
0.000942605316695683
0.11374515275735
0
0
1
0.345950802890567
0
0
1
0
0.786818659292925
0
0.140959873238512
0
0.715540553221376
0
0
0.0272254228421416
0
1
0
0.987426469771444
0
0
0
0
0
0
0
0
0
0
0.638099355231815
0
0
0.74610137799596
1
0
0.635067546425765
1
1
3.87963868253571e-08
1
1
1
0.300162932554366
1
1
1
1
1
1
0.999596189651397
1
0.679499131549395
1
0.362142407127298
0
0
0.999759856973655
1
0
1
0.208790618243255
1
1
0.892288050395219
0
0.391782598335775
0.99999999641927
0
0.585523354846414
0
0
0.274228119811865
1
0
0
0.999916196625977
0.345736344616737
0.99758803968901
0
0
0
1
0
0
0.615536992224507
1
0
0.885618592128
1
1
0
1
1
1
0.118436274716544
1
1
0.0355149154886626
1
1
1
0
1
1
1
0
0.269383859593392
0.650489492860192
0.0312896986676166
0.631580767461611
0
0
0
1
0
0
0
1
0.395234321502211
0
0.564419001736009
1
0.269809055052212
0
1
0.697369741548829
0
0
0.293286990444136
0
0
0
0
0
0
0
0
0
0
0
0
0
0.868046848805878
0.917604028022137
0.0865626521634538
1
0.362863353587948
1
1
1
0
1
1
0.354883851494602
0
1
1
1
0
1
0.923005160626874
1
0.948739230668331
1
0
0.93163855079964
0
0.0685751075605929
0
0
0.995004049265344
0
0.754069082043798
0.697572206133612
1
0
1
1
0.0370822140755641
0.882343822453699
1
1
0
1
1
1
0
1
1
0.303956327673684
0
1
3.25034286063897e-06
1
0
1
0
1
0
1
0
0.0726945815398733
0
0.645609566449316
1
0
0
0
1
0
0.113025428671845
0
1
0.28554011651874
1
0.574837152921628
0.782808753057812
1
1
1
0
1
0.126916343440259
1
0
1
0
1
0
0.898248103526444
0
0.356788384208347
0
0
0
0
0.699498076407211
0
0
0.997996800988422
0.548790276663264
0
0
7.08884252691722e-05
0
0
0
0
1
0.0407427965500463
0
0
0.702701965994563
0.407345168900995
0.999869301177755
0
0
0.598981490147206
1
0
0
0.425426803320348
0.834864803385116
0.759730226493524
0
1
0
1
0
0.933730892580568
0
1
0.49566964025183
0
0
0.980301154380822
1
0.661754545398011
0
0
1
1
0.637977857341806
0
1
1
1
0.806868311363834
0.721595817074867
1
1
1
0.000534155672828968
0.949157419396882
1
0.711501185405769
1
0.803961444161223
0.0132594932414965
0
1
1
0
0
0.842101508944369
0.793444640202402
0
1
0
0
0
1
0
0
0
0.816389744297443
0.490194843271402
0
0
1
1
0.687780233265603
0
0
1
0.740895841048347
0
0
0.514999151388596
1
0.00501805413815551
0.23640812052702
0
0
0.998472860049553
1
0
0
1
1
0
0
1
1
0
0
1
0.579902712556114
0.51100004657875
0
1
0
1
0
1
0
0.571188598308643
0
1
0
0
0
1
0
0
0
1
0.491730045319458
0.123076316867907
0.903303953929703
0.407670677485462
0.791315398408565
1
1
0
1
0.905645559543579
1
0
1
0
0.00108088467606371
0.999707495780798
0.230066331334793
0
0
1
0
0
0
0.482519992319647
0
1
0
0
0.00501233453681607
1
0
0.00439408810791601
0.299350037933198
1
0
0.37229259461029
1
0.596815233579336
0.783779678686001
0.379192735092911
1
0
1
1
1
0
1
1
0.173520995404882
0.780142252681816
1
1
0
1
0.987691696040601
0.607040334843651
0
1
0
0
0.537295984289214
1
0.319052041375988
1
1
1
1
1
1
1
1
1
1
1
3.87017451985716e-05
0.342026258431065
1
1
0.574540206302527
0
0.12289795082329
1
1
0
0
1
1
0.572436804410696
0.887653254734105
1
0
1
1
1
0
1
1
1
0
1
0.999747976273006
1
0
1
0.361128362421368
1
0.000822380346949148
1
1
1
1
1
1
0.995433810135429
1
1
1
0.066950060242677
1
1
0
0
1
1
0
0.694598901078009
1
1
0.318268811888874
1
0.363350209842339
1
1
1
0
0.949627497337557
1
0.99925112963855
0
0
1
0.503584243625984
0
0
0.87445757417379
0
0
0
0
0.801035565072349
0
0
0.774677692652319
0.950408614786189
0
0.413678635995042
1
0
0
1
0
0
1
1
0.0741845196783767
0
1
0.168099312219236
1
0
0.566227523104617
0
1
0
0.170509278106879
0
0.303352280600452
0
1
0
0
0.584542333409762
1
0
0
1
1
0
0
1
1
0
0.000384573813813127
1
1
0
0.870610546357626
0.381254187775581
1
0
0.371179516335083
0
0.91967027829224
0.19242243337876
0
0.957464533004761
0
1
0
1
0
1
0.601991700524589
1
0
1
1
0
0
1
1
0.404620458670853
0
1
1
1
0
1
1
1
0
1
1
0.806253539503519
0
1
1
0
0
1
1
0
0
1
1
0
0
0.997321313824319
1
0
0
0.0525525475608311
1
0
0
0.438963310248762
1
0
1
1
0.179939890707828
0
1
0.143522077187897
0
0
1
0
0
0
1
0
0.879484582289612
0.0864934442403708
1
0
1
0.763521401982587
1
0
1
0.659911044390385
0.956358974162823
0
0.00627121220687288
1
0
0
0
1
0.290119015115232
0
0
0.857101426804978
1
0
0
0
1
0
1
0
0.300432027206607
0
0.512863217171479
0
0
0
0
0.996859226559639
0
0
0
1
0
0
0
1
0
0.586702138494388
0
0.000801373191437318
0
1
0.165986361709204
0
0
1
1
0
0
1
1
0
0.730672602598527
1
1
0
1
1
1
0
1
0.670730102610386
1
1
0
0
1
0.109426485663552
0.355836122692146
0
0.964653997709531
0
1
0
0
0
1
0
0.296850888055924
0
1
0
0
0.000662286047919652
1
0.938212610263063
0
0.0932467975412746
1
1
0.3596848185969
0.994558409654323
0.412281441116416
0.875738130951376
1
1
0
0.0926744630526504
1
1
0
0.0824661979194
0.630168857395075
0.309418236686489
0.706696505973612
0
0
0
1
0
0
0
1
0
0
0.515974686257736
0.98170081693279
0.217599022615796
0
1
0.0870431710438833
1
0.398819484831201
1
0
1
1
1
0
1
0.189595414509386
0.979199414819826
0
1
0
0
0.297358349809106
0.282495613424272
0
0
0
0
0.382643566850848
0
0
0.513561372139364
1
0
1
1
1
0
1
1
1
0
0.509001023915934
1
1
0.313545484873843
1
1
1
1
1
1
1
1
0
0.000652956201457305
1
0.190293024689912
0.335808765349282
0
1
0
1
0
0.550897796583781
0
1
0
0
0
1
0
0
0.775405868516821
0.307602039469501
0
0
0.520384910187889
0.986380865985826
0
0.761595739682628
0
1
0
1
0.295870424323191
1
0
0.0909981149030416
1
1
0
0
1
1
0
0
1
0.274253664876287
0
0
1
0.999701949762613
0
0
1
1
0
0
0.142159907473665
1
0.94623622409414
0
0
1
1
0
0
0.402254000048535
1
0
0.79738609849744
0
1
0
1
0
1
0.00640327409331387
1
0.324879880323637
1
1
0.234491632565552
1
1
1
0
0.0259468186174922
1
0.750457737013132
0
0
1
0
0
1
1
0
0
0.989905914782807
0.383370222404339
0.16116403899472
0
0
0
1
0
0.999900517952958
0
1
0
0.00246016035826668
0.656697229786153
1
0
1
1
1
0
0.93267770216962
0.00511754164428889
1
0
0
0
1
0.0918494271589496
0
0
0.784152245888682
1
0
0
0
1
0.990686908976983
0
0.0434228871662666
1
1
0
1
1
1
0
1
1
1
0
1
1
1
0
0
1
0.77842346678022
0
0
1
0
0
0
1
0
0.0355735839204565
0
1
0.455637645587494
1
0
1
1
1
0
1
1
1
0
1
0.761814449995702
1
0
1
0
1
0
1
0
1
0.172595002239413
0.0526422868145078
0.623763256350816
1
1
0
0
0.484936516838728
0
0
0
0
0
0
0
1
0
0.953935613699592
0
1
0
1
0
1
0.93379925820759
0.709860037517052
0.124805127068424
1
0.840353828641406
0
1
1
0
0
1
0.301111600590392
0
0
1
0
0
0
0
0
0.939697911883501
0
0
1
1
0
0
1
1
0.829456784133613
0.568575003369938
0
1
1
1
0
1
0.962253151331091
1
0
1
0.0167592599765038
1
0.894608903505693
1
0
1
1
0.00100590824960702
0
1
0.870415108992563
0
0
0.214722032253506
0
0
0
0
0
0
0.678913269768451
0
0
0
1
0.207875739436403
0.418198227554264
0
1
1
1
0
1
1
1
0
1
1
1
0
1
0.405408045594698
0.753252880554048
0
1
0
0
0
1
0
0
0
1
0
0.701509676595103
0
1
0
1
0
1
0
1
0
1
0
1
0
1
0
1
0
1
0
0.551887365384546
0.994958804792267
1
0
0
1
1
0
0
1
1
0.266426595397816
0
1
0.310440188588834
1
0
1
0
1
0
1
0
0.761537587372365
0.830772483846391
1
0
0
1
0.770332812547634
0
0.325422531014666
1
0
0
1
0.582771823360766
0.000246999017113447
0
1
0
0.999475617470238
0
1
0.736553793099528
1
0
1
0.0024775115297935
1
0
0.459939086316619
0
0.799286927335467
0
0
0
0
0
0.943736834589675
0
0
0
1
0
0
0
1
0
0
0.626767266863114
0.7909893212944
0.706890302933324
0.879203707376355
1
0.72055811128765
1
0.839302849706613
1
1
1
0
0.867492903946772
0.569990793793029
1
0
0
0
0.0432067612638893
0
0
0
0.274775289983759
0
0
0
1
0
0
0
0.246753662541306
0
0
0
0
0
0
0
0
0
0.692056595861262
0
0
0.953503574046785
1
0
1
1
1
0
1
1
1
0
1
1
1
0
0.00832411715700403
0.298097292419435
2.64670277703161e-05
0.187230538575243
0
0.575521733664248
0
1
0
1
0
1
1
0.89747944263304
0
1
0.331488236712426
0
0
0.29363661468675
0
0.750740379634958
0
0
0.0585231085430776
1
0
0
1
1
0
1
1
1
0
1
0.320891860215005
1
0
1
0
1
0
1
0.479257793249305
0.949452404833442
0
1
1
0
0
1
1
0
0
1
1
0.626927555785596
0
1
1
1
0.449376483370286
0.438338529267517
1
0.0125692987731587
1
0
1
0
1
0
1
0
1
0.755162984557784
1
0
1
0.90707181944712
0.992861051880117
0
0.880027176827223
0
0.182147355393671
0.737219900257952
0
0
0
1
0
0
0.0286494009586213
1
0
0
1
1
0
0.432257873243912
1
1
0.1415286242912
1
0.691744294247566
0.635512884992106
1
0.262017901110933
0
0
1
0
0
0.216384599574644
1
0.854923933459992
0.302301346907022
1
1
1
0.946152874178646
1
0.534225361728707
0.985704209723323
0
1
0
0
0.213328002029187
1
0
0
1
0.382855678619496
0
0
1
0
0
0
0.913639497664775
0.154761862773517
0
0
0
1
0
0
0
0
0
0
0.715616582894935
0.323976121910425
0
0
1
1
0
0
1
1
0.813620984324853
0
1
1
1
0
0.0221277748087103
1
1
0
0
0
1
0
0
0
0.235508670957763
0
0
0.515608826126533
0
0.942086859398599
0.210286557124744
1
0
1
1
1
0
1
1
1
0
0.456468616431111
1
1
0
0
0.999667136919818
1
0
0
0
1
0
0
0
1
0
0
0
1
0
0.738350190276929
0
1
0
1
0.745499344336673
1
0
1
0
1
0
1
0.255584569896959
1
0
1
1
0.652528506133323
0
1
1
0
0
0.441649940806395
1
0
0.000613464017114984
0
1
0
1
0
1
0
1
0
1
0
1
0
1
0
1
0
0.579824381577706
0
1
0
1
0
0.731067358384906
0
0.762287525538392
0
0
0
0.0188606030945026
0
0.00578082612940273
0
1
0.780628423890401
1
0
1
1
1
0
1
0
1
0
1
0
1
0.0540748371987738
1
0
0.999184297283183
1
1
0.223721146461059
0
0.265381254530641
0.780228393088119
0.999334031049366
0
0
0
1
0
0.828921835550394
0
1
0
1
0
1
0
1
0
1
0
1
0
1
0
1
0
1
0
1
0
1
0
1
0
1
0
1
0.318747748861135
1
0
1
1
1
0
1
0.0574527517693197
1
0
0.695279873659632
0
0.91173310718384
0
0
0
0
0
0
0.283457308193051
0
0
0
1
0
0
0
1
0
0.271815935424577
0
1
0
1
0
1
0.820791458556077
0.217022333243251
0
1
1
0
0
1
0.798764623830381
0
0
1
0
0.596778575558486
0
1
1
1
0
1
0.697354315240226
1
0
1
0
1
0
1
0
1
0
1
0
1
0
0.578629454031187
0
1
0
0
0.23812071037048
0.00290411390996367
0.0118918271556166
0
0.676131597565107
0
1
0
0.909562247521746
0
1
0
1
0
1
1
1
0
1
0.221929518553385
1
0
1
0
1
0
1
0
1
0
1
0
1
0
1
0
1
0
1
0
1
0
1
0
1
0
1
0
1
0
0.160684110708985
0
0.944455241376581
0
0
0
0
0
0.963706587261377
0.751216128289827
0
0
1
1
1
0
1
1
1
0
0.443676790893586
1
1
0.997460959754864
0
1
1
1
0
0.998943830389383
0.999689471404839
1
0.796356316196788
0
0
1
0
0
0
1
0
1
0
1
0.188478625480361
1
0
1
1
1
0
1
1
1
0
1
1
1
0
0.557145474059158
1
1
0
0
1
0.566252451409203
0
0
0.060174248622734
0
0
0
0
0
0
0
0.838476844125557
0
0.798842766674426
0
1
0
1
0
1
0
1
0
1
0
0.62031046511949
0.889910856425509
0.000724079598621391
0
0.296627731705985
1
0
0
0
0.854508397422007
0
0.643116441349623
0.741631140913996
0
0.00441797745431177
1
0.999999517233876
0
1
1
1
0
0.697964897632516
1
1
0
0
0
1
0
1
0
1
0
1
0.578346941444393
1
0
1
1
1
0.629472672520394
0
0.424561643232937
1
1
0
1
1
1
0
1
1
1
0.506701800371425
0.924226443141787
0.230140558823274
1
1
0.693203582041719
0
1
1
1
0
1
1
1
0
1
1
1
0
1
1
1
0
1
1
0.997028589608622
0
1
1
0
0
1
0.929698447885893
0.324536818542677
0
1
0
1
0
1
0
1
0
1
0
1
0
0.222673055290407
0
0.824461078519259
0
0
0
0
0
0
0
0.150549107506142
0
0
0.00606966939304286
0.915021443234854
0.840945112271119
0
1
0
1
0
1
0
0.515255700686353
0
1
0
0
0
1
0
0
0
1
0
0
0.0885082942092719
0
0
0
1
0.757060142757072
6.08265348923109e-05
0
1
1
1
0
0.901202938110258
1
1
0
0
1
1
0
0.094491961665976
1
1
0
0
1
1
0.583826044821052
0
1
1
1
0
1
1
1
0
1
1
0.649873142674757
0
1
0.393712006495083
0
0
0.999997171272447
0
0.0870120203672689
0
0
0
1
0
0
0
0.0834928521045135
0
0
0
0
0
0
0.293496202329476
0
0.49893171446893
0
1
0
0.984096681727796
0
1
0.000170684734844939
0
0
1
1
0
0.00229158206298175
1
1
0
1
1
1
0.124681831818996
1
1
1
1
1
0.10760854162535
1
0.409525915161643
0.998940224787537
0
1
0
0.141041794398838
0
0.698652731413948
0
0
0
0
0
0
0
0
0
0
0
0
0.0391625822452899
0
0
0
0.970280718566632
0
0
0
0
0
0.185220887201095
0
0
0
1
0
0
0
0.992246995563824
0
0
0.826548427481523
0
0.673701448285372
0
1
0
1
0.0929550693320483
1
0
1
1
1
0
1
1
1
0
1
1
1
0
1
1
1
0
1
1
1
0
1
1
1
0
0.708134327744679
1
1
0
0
1
1
0
0
1
1
0
0
0.771894270430455
0.955963725021845
0
0.790364656517285
0
0
0.0010193559252354
1
0
0
1
0.999772254586048
0
0
1
0
0
0
1
0
0
0.116075891880373
1
0
0.923162629309483
1
1
0
1
0.0650943133289616
1
0
1
1
1
0
1
1
1
0
0.153996912461926
0.233083969668322
1
0
0
0
1
0
0
0
1
0
0
0
1
0
0
0
1
7.81740686520149e-05
0
0.0654718187665347
1
1
0
1
1
1
0.449449876155595
1
1
0.286797740657769
1
1
1
1
1
1
0.83615476767293
1
1
1
0
1
0.999867828858462
1
0
1
0
0.354691467220861
0
1
0
0
0
1
0.000825952406327587
0
0
1
1
0
0
1
1
0
0
1
1
0
0
0
0.999924413874019
0
0.881727483756438
0
3.64402721744761e-06
0.814780350897766
0.113765230592878
0
0
1
0
0
0
1
0
0
0
1
0
0
0
1
0.952996667126613
0
0
0.0333414447817893
1
0.0530733042550931
0
0
1
1
0
0
1
1
0
0
1
1
0
0
1
1
0.482729180637128
0
0.000893933988422996
1
1
0
0
0.927868218253605
1
0
0
0
1
0
0
0
1
0
0
0
0.236371682833131
0.821707202801059
0
0
0
1
0
0
0
1
0
0
0
1
0.158764456757939
0
0
1
1
1
0
1
1
1
0.0897009337349476
1
1
1
1
1
0.0337929085441259
1
1
1
0
1
1
1
0
1
1
1
0
0.000967286878682527
0.352807437084822
1
0
0
0
1
0
0
0
1
0.966271411711984
0
0
0.940048808112649
1
0
0
0
1
0
0
0
1
0
0
0
1
0
0
1
1
0.286228612928993
0
1
1
1
0
1
1
1
0
0.0280312297741467
1
1
0.507757682374596
0
1
1
1
0
1
1
1
0
1
0.946523904045646
1
0
1
0
1
0
1
0
1
0
1
0
1
0
1
0
0.675856376752552
0
1
0
0
0
0.329817448827631
0
0
0
0
0.527457722408475
0
0.149372272515652
0
1
0
1
0
1
0
0.937516579201482
0
1
0
0.0151902604003144
0
1
0
0
0
1
0
0
0.0955065218662433
0.997429188007769
0
0
1
4.30030530937375e-06
0
0
1
0
0.668625622221497
0
1
0
1
0
1
0
1
0
0.948988705719249
0
1
0
0
0.306437386666177
1
0.908858474397248
0
1
0.98061205208671
1
0
1
0
1
0
1
0
1
0.00335565743806403
1
0
1
1
1
0
1
1
0.970658659547943
0
0.414918179294739
1
0
0
0
1
0
0
0
1
0
0
0
0.222004874711361
0
0
0
0
0
1
0
0
0
1
0
0
0
1
0.742213708386365
0
0.99604827604953
1
1
0.0555738256056216
1
1
1
1
1
1
1
1
1
1
1
1
1
0.139120967576359
1
1
1
0
1
1
0.354075659619126
0
0.624372829142185
1
0
0
0
0.440622926892302
0
0
0
0
0
0
0
0
0
0
0
0
0.0187232865113876
0.324197361032463
0
0
