0.00350104	0.0266011	0.0104989	0.00216451	0.000428458	0.00219166	0.0221352	0.0235577	
0.00356214	0.0271566	0.0106463	0.0021916	0.000443384	0.00222679	0.0224182	0.0238777	
0.00419755	0.0328993	0.0121706	0.00247557	0.000615763	0.00258384	0.0253376	0.0272009	
0.0147935	0.0938852	0.0382672	0.0084071	0.00801499	0.00723955	0.0776004	0.0900425	
0.00377396	0.0128755	0.0256745	0.00701532	0.0634284	0.00631969	0.00494801	0.0164526	
0.0284607	0.00349592	0.0580461	0.0227667	0.0363738	0.031374	0.163491	0.10899	
0.00312278	0.0170189	0.0367869	0.0107747	0.0874069	0.0215064	0.128945	0.121007	
0.0676904	0.0658273	0.101785	0.0404788	0.0336617	0.0529434	0.310804	0.3611	
0.0613852	0.0569749	0.116438	0.0348754	0.0559158	0.0574328	0.295813	0.244	
0.092565	0.092095	0.219345	0.0469797	0.0371791	0.0649409	0.423435	0.442106	
0.0440845	0.0529736	0.0424201	0.0218875	0.0610416	0.0498556	0.13693	0.150218	
0.115034	0.177495	0.216165	0.0636058	0.0402948	0.0831385	0.423498	0.494615	
0.0954699	0.0813704	0.190759	0.0431714	0.0642724	0.0746581	0.360962	0.342051	
0.183157	0.184895	0.27666	0.0695431	0.0467542	0.0895196	0.511673	0.527776	
0.213544	0.218462	0.281192	0.0761494	0.0443975	0.0928382	0.514281	0.544223	
0.129196	0.157968	0.309916	0.0889272	0.0477791	0.153419	0.484462	0.477072	
0.230133	0.239086	0.320237	0.0911606	0.0471042	0.120548	0.537741	0.544504	
0.185446	0.177115	0.175615	0.0630629	0.0439831	0.0761833	0.423699	0.483461	
0.329133	0.288485	0.318085	0.0977674	0.0464453	0.112696	0.550167	0.569392	
0.113721	0.0646701	0.198413	0.062531	0.0280756	0.196456	0.435295	0.227291	
0.321799	0.266884	0.346051	0.102915	0.0440071	0.143127	0.563718	0.552326	
0.358072	0.312984	0.327973	0.107567	0.0450769	0.121911	0.559582	0.573875	
0.415785	0.322048	0.364816	0.114301	0.0450747	0.141436	0.581365	0.584083	
0.462228	0.359021	0.353453	0.134761	0.0406235	0.17752	0.565042	0.57612	
0.080382	0.0394473	0.0888175	0.0389283	0.0297808	0.145615	0.338163	0.194937	
0.364881	0.292341	0.402738	0.118403	0.0398757	0.209913	0.585256	0.558183	
0.572754	0.396592	0.430535	0.145171	0.0408129	0.197341	0.608274	0.59309	
0.315455	0.365072	0.4264	0.135929	0.0441257	0.170418	0.612072	0.52651	
0.564147	0.409152	0.44716	0.148668	0.0418473	0.195153	0.618087	0.595949	
0.536763	0.388091	0.459245	0.148829	0.0412329	0.218018	0.617163	0.592179	
0.605587	0.410621	0.459101	0.151075	0.0418159	0.205782	0.621319	0.598743	
0.626826	0.437053	0.453405	0.170672	0.0423268	0.240701	0.600529	0.583984	
0.211854	0.157846	0.253608	0.0635947	0.0377712	0.207584	0.430928	0.455677	
0.594305	0.434051	0.507704	0.171403	0.0414382	0.258181	0.624116	0.594253	
0.677137	0.46199	0.515223	0.182155	0.0429021	0.254423	0.629478	0.601046	
0.515327	0.484959	0.528219	0.196507	0.0462015	0.274277	0.622998	0.590969	
0.679404	0.476601	0.525689	0.189529	0.0438645	0.261432	0.631754	0.600867	
0.0557392	0.0796306	0.0814136	0.0180286	0.0310725	0.141052	0.325984	0.112838	
0.368122	0.339801	0.462059	0.149619	0.0408431	0.300142	0.591856	0.547713	
0.689353	0.470452	0.539454	0.19264	0.0437309	0.273726	0.636549	0.60071	
0.703625	0.483244	0.542086	0.197667	0.0446175	0.273954	0.635484	0.602098	
0.674532	0.454	0.580319	0.222585	0.0476676	0.341145	0.639149	0.585949	
0.360839	0.140418	0.209282	0.135371	0.0624706	0.172142	0.422345	0.350155	
0.745223	0.506444	0.578688	0.237602	0.0517122	0.325666	0.630673	0.597261	
0.754297	0.520374	0.61521	0.243938	0.0499822	0.345811	0.64581	0.60486	
0.757283	0.526586	0.617599	0.246948	0.0506126	0.346991	0.645968	0.605746	
0.7732	0.551073	0.657232	0.27735	0.0559588	0.390824	0.65435	0.609217	
0.0126665	0.0165087	0.0969255	0.042391	0.00867863	0.0921125	0.128355	0.0814425	
0.59813	0.293312	0.452448	0.20921	0.0668352	0.38456	0.524681	0.535167	
0.779405	0.554721	0.658453	0.284161	0.0582308	0.39635	0.652506	0.611539	
0.772607	0.524174	0.661647	0.285686	0.0580934	0.412967	0.656731	0.607735	
0.781085	0.555968	0.668438	0.287441	0.0582298	0.404392	0.656789	0.612212	
0.787189	0.527933	0.6508	0.31051	0.0662863	0.432841	0.644526	0.602165	
0.787701	0.563903	0.671157	0.300828	0.0621138	0.418367	0.654486	0.61258	
0.0286561	0.0291662	0.0312794	0.0406498	0.0227335	0.255724	0.35135	0.00323905	
0.467458	0.243892	0.388498	0.162045	0.0581777	0.40506	0.537626	0.367057	
0.782308	0.553773	0.682894	0.302373	0.0619818	0.432716	0.661302	0.610943	
0.79151	0.573244	0.686686	0.308842	0.0640102	0.432273	0.661026	0.616624	
0.791279	0.57627	0.710503	0.335779	0.0690413	0.487073	0.666174	0.609859	
0.00204819	0.0316865	0.0662865	0.0657633	0.122602	0.0325312	0.0291746	0.172878	
0.0371519	0.142167	0.0993011	0.180487	0.0552184	0.0320043	0.340942	0.201578	
0.588191	0.390591	0.57238	0.291427	0.090731	0.357766	0.623174	0.489602	
0.804286	0.593374	0.715873	0.343875	0.0743392	0.483192	0.670706	0.623163	
0.805719	0.595146	0.717899	0.346526	0.0743359	0.48793	0.670934	0.623686	
0.810218	0.608234	0.721021	0.373939	0.0860825	0.511606	0.677046	0.626428	
0.031603	0.0323599	0.0413911	0.0118405	0.157427	0.393947	0.0591163	0.0212352	
0.24649	0.261534	0.249704	0.0887018	0.0347	0.313767	0.405833	0.131238	
0.778552	0.583791	0.721706	0.354556	0.0728074	0.529681	0.668707	0.589885	
0.817051	0.613839	0.730194	0.375169	0.082111	0.524087	0.677583	0.630066	
0.821465	0.608115	0.739047	0.390055	0.0948463	0.54366	0.689195	0.628723	
0.597486	0.522368	0.578815	0.333472	0.0615917	0.548979	0.626418	0.460721	
0.825662	0.63446	0.743405	0.396799	0.0903501	0.560468	0.684735	0.629793	
0.829114	0.634568	0.745906	0.400381	0.0933194	0.559757	0.688867	0.633375	
0.819298	0.656006	0.738273	0.412125	0.0963527	0.589678	0.685657	0.621289	
0.57594	0.380631	0.565238	0.282423	0.0847328	0.352368	0.604491	0.474664	
0.834764	0.651765	0.753479	0.422577	0.102024	0.586253	0.699787	0.637277	
0.837755	0.659194	0.753325	0.424579	0.102124	0.590618	0.698366	0.637212	
0.838739	0.668689	0.757522	0.44017	0.110726	0.605583	0.708045	0.641566	
0.0705254	0.00901758	0.12299	0.117847	0.0433436	0.140022	0.320144	0.108086	
0.682717	0.449253	0.736541	0.41777	0.109946	0.59801	0.699103	0.540216	
0.84013	0.671703	0.759788	0.444484	0.110945	0.614291	0.709509	0.64044	
0.843352	0.675906	0.759548	0.447348	0.113647	0.612823	0.711867	0.64296	
0.84268	0.679257	0.759795	0.449807	0.113756	0.619049	0.712342	0.642789	
0.79218	0.621028	0.713638	0.428067	0.129578	0.562025	0.706734	0.605986	
0.843743	0.678883	0.761538	0.454214	0.117522	0.619503	0.716229	0.644485	
0.228595	0.309537	0.266232	0.171669	0.0951705	0.402758	0.511293	0.316561	
0.835354	0.684482	0.7556	0.454762	0.116883	0.627479	0.71404	0.642639	
0.844044	0.683888	0.761958	0.456596	0.117406	0.625729	0.716226	0.645775	
0.83236	0.676696	0.744912	0.471953	0.135006	0.628556	0.721242	0.639615	
0.844326	0.685958	0.761407	0.46687	0.126101	0.631393	0.720818	0.646986	
0.0709055	0.208845	0.0644318	0.145866	0.0902749	0.200681	0.347793	0.188158	
0.774736	0.639584	0.680333	0.437234	0.116474	0.620104	0.706303	0.624229	
0.84494	0.691969	0.767669	0.470104	0.124874	0.639293	0.722909	0.650781	
0.814886	0.680188	0.745413	0.489442	0.141349	0.649914	0.718548	0.654666	
0.842667	0.698176	0.764698	0.479569	0.133446	0.645416	0.723647	0.654003	
0.186338	0.149381	0.213416	0.177418	0.0664235	0.283229	0.439645	0.287895	
0.820339	0.677386	0.74877	0.472842	0.128258	0.654615	0.728191	0.651597	
0.846151	0.701615	0.769741	0.480845	0.132149	0.651613	0.728945	0.656695	
0.839785	0.692258	0.764636	0.476375	0.148387	0.649925	0.730077	0.651351	
0.847847	0.705633	0.772996	0.486194	0.140337	0.65541	0.7327	0.658787	
0.121992	0.211501	0.133869	0.114135	0.123575	0.299164	0.390623	0.228152	
0.832043	0.701438	0.742282	0.464811	0.139633	0.661399	0.728038	0.642475	
0.849436	0.712177	0.771033	0.492613	0.140652	0.662906	0.735014	0.66072	
0.839097	0.690768	0.749824	0.467289	0.152299	0.641468	0.717132	0.624601	
0.852053	0.71239	0.774243	0.493719	0.144981	0.667148	0.739873	0.6606	
0.549987	0.563814	0.454615	0.277075	0.143272	0.411629	0.560825	0.444207	
0.851028	0.719723	0.770121	0.501685	0.148372	0.670296	0.741265	0.662111	
0.855461	0.7178	0.775807	0.503623	0.150722	0.673903	0.745129	0.663085	
0.855549	0.72265	0.774631	0.508206	0.153163	0.676691	0.74667	0.664528	
0.848259	0.71665	0.775181	0.521929	0.172198	0.68643	0.744957	0.66246	
0.434901	0.616635	0.528933	0.416051	0.137484	0.504771	0.585892	0.505529	
0.860227	0.732442	0.778158	0.530227	0.175093	0.694019	0.755089	0.67157	
0.861632	0.731933	0.781049	0.532105	0.175939	0.695565	0.756122	0.672438	
0.851725	0.741364	0.777624	0.549273	0.190342	0.706229	0.759842	0.671594	
0.00867662	0.00140854	0.004462	0.0443658	0.00273353	0.0323278	0.0788925	0.0277141	
0.422606	0.265749	0.524238	0.402996	0.126277	0.414057	0.589229	0.536272	
0.860178	0.733597	0.787934	0.548298	0.190609	0.706999	0.761462	0.677842	
0.861911	0.740873	0.786285	0.550735	0.193977	0.709533	0.762201	0.677194	
0.861832	0.734373	0.787046	0.562597	0.210247	0.713157	0.765893	0.680533	
0.676432	0.54404	0.653185	0.474888	0.215366	0.601042	0.692763	0.582215	
0.863223	0.746107	0.789144	0.564794	0.212923	0.719021	0.766731	0.681508	
0.863932	0.746716	0.789469	0.566673	0.214814	0.720074	0.767702	0.681635	
0.863097	0.749979	0.793337	0.57866	0.231453	0.729756	0.770989	0.685137	
0.279406	0.185201	0.272272	0.196055	0.0945766	0.24541	0.404359	0.258647	
0.822869	0.69455	0.741822	0.554821	0.246036	0.697693	0.751556	0.652186	
0.86428	0.751265	0.792278	0.581404	0.235729	0.730378	0.771797	0.683494	
0.721449	0.610156	0.694309	0.517989	0.234174	0.681005	0.706331	0.672274	
0.86295	0.751072	0.793835	0.582485	0.237899	0.731273	0.772165	0.687304	
0.864013	0.752979	0.791446	0.585696	0.242899	0.732909	0.77224	0.684294	
0.863896	0.752935	0.794124	0.585883	0.243606	0.733378	0.773387	0.687532	
0.864689	0.753945	0.793446	0.587471	0.246192	0.734346	0.773584	0.686753	
0.859395	0.756174	0.793341	0.598024	0.267049	0.741015	0.776386	0.692458	
0.0312278	0.0198305	0.00662693	0.246211	0.0025055	0.133336	0.0643096	0.122479	
0.526857	0.648134	0.545992	0.530599	0.258456	0.709837	0.602411	0.52705	
0.863226	0.759049	0.791014	0.600544	0.272972	0.743112	0.775941	0.689731	
0.864093	0.758676	0.793801	0.600842	0.273139	0.743426	0.777539	0.692283	
0.85719	0.763562	0.788914	0.610506	0.295647	0.749617	0.776409	0.691426	
0.039111	0.124756	0.182094	0.064797	0.0283505	0.0925718	0.254922	0.156894	
0.50946	0.575522	0.49235	0.504241	0.218621	0.665127	0.63107	0.602981	
0.85727	0.759259	0.792625	0.609929	0.292872	0.74928	0.780703	0.697197	
0.862979	0.76388	0.795431	0.612944	0.298204	0.750517	0.780475	0.695416	
0.863774	0.766909	0.796948	0.621517	0.314713	0.754308	0.782144	0.698474	
0.65336	0.37017	0.59107	0.426539	0.331775	0.595805	0.67555	0.611141	
0.861877	0.760558	0.79612	0.624714	0.335068	0.75563	0.784557	0.699535	
0.837142	0.593365	0.725207	0.47573	0.310651	0.708831	0.735804	0.697756	
0.864913	0.76862	0.79842	0.630421	0.336272	0.758553	0.784052	0.703755	
0.865114	0.769224	0.798778	0.632284	0.338816	0.758837	0.784558	0.703147	
0.865009	0.772295	0.798007	0.639517	0.358555	0.762183	0.785519	0.707228	
0.065284	0.000958173	0.354523	0.0647217	0.068207	0.161566	0.14885	0.21502	
0.775694	0.543742	0.703773	0.473765	0.336542	0.67015	0.727928	0.648845	
0.865653	0.77317	0.799889	0.642497	0.362975	0.762989	0.787157	0.706252	
0.866004	0.773924	0.800417	0.643461	0.364457	0.763429	0.787349	0.707618	
0.859403	0.768346	0.79167	0.648981	0.391539	0.764827	0.785647	0.704179	
0.652051	0.60185	0.634579	0.515649	0.3216	0.70714	0.717278	0.661783	
0.863528	0.777128	0.802812	0.652012	0.38869	0.766462	0.789557	0.711259	
0.865855	0.778681	0.80298	0.653517	0.392122	0.767354	0.789292	0.710425	
0.864454	0.780992	0.803475	0.65847	0.408015	0.769824	0.788838	0.710132	
0.159292	0.22932	0.297285	0.226298	0.15074	0.420891	0.46757	0.311812	
0.806133	0.74519	0.761168	0.636959	0.398873	0.755725	0.782929	0.706533	
0.86492	0.781346	0.805515	0.658411	0.408184	0.770074	0.790247	0.711919	
0.865639	0.781864	0.804868	0.659244	0.41149	0.770457	0.790429	0.711344	
0.854125	0.777119	0.803644	0.659093	0.426891	0.769879	0.79114	0.71533	
0.722961	0.629983	0.621122	0.563226	0.417254	0.717273	0.74354	0.65116	
0.866202	0.784229	0.806734	0.664583	0.435251	0.771912	0.793758	0.71408	
0.864086	0.784744	0.809341	0.668071	0.450404	0.774383	0.792418	0.717467	
0.214254	0.0955466	0.244183	0.132482	0.225721	0.369953	0.379784	0.268536	
0.844239	0.677019	0.741932	0.602775	0.460407	0.757906	0.777603	0.693068	
0.865304	0.786104	0.809878	0.669009	0.454554	0.774428	0.794136	0.716468	
0.812826	0.754142	0.796825	0.65864	0.454692	0.767641	0.789427	0.715746	
0.865314	0.785375	0.811832	0.669855	0.455996	0.774882	0.795121	0.717881	
0.865787	0.786388	0.80957	0.670236	0.462844	0.774324	0.795045	0.716713	
0.865841	0.785961	0.813099	0.671182	0.46207	0.774973	0.795959	0.718454	
0.866627	0.786819	0.812788	0.671524	0.464818	0.774942	0.79599	0.718141	
0.865778	0.786173	0.818031	0.67395	0.477954	0.775626	0.798665	0.720527	
0.172025	0.254441	0.164829	0.360966	0.298945	0.514313	0.432449	0.372394	
0.835301	0.770043	0.775743	0.66934	0.498708	0.770549	0.788645	0.710922	
0.866716	0.787735	0.816824	0.674629	0.482893	0.775454	0.798224	0.720122	
0.828916	0.717297	0.755225	0.636216	0.468403	0.76116	0.788787	0.715071	
0.866116	0.787614	0.818891	0.675185	0.483703	0.776065	0.798908	0.721869	
0.866334	0.78834	0.817769	0.675331	0.490069	0.775716	0.798667	0.721143	
0.866309	0.788763	0.820208	0.676167	0.489403	0.776439	0.799444	0.722787	
0.866593	0.789408	0.820182	0.676442	0.492257	0.776472	0.799447	0.722713	
0.865044	0.788539	0.823454	0.677994	0.505249	0.777398	0.801043	0.727396	
0.166153	0.0332988	0.18672	0.139715	0.153941	0.252357	0.174655	0.222623	
0.717076	0.434758	0.542548	0.496812	0.419926	0.655402	0.713941	0.640998	
0.867208	0.790559	0.822708	0.678211	0.510943	0.777858	0.801534	0.727085	
0.866925	0.791953	0.824992	0.679682	0.511256	0.778323	0.8019	0.728185	
0.867389	0.791593	0.826401	0.68105	0.524721	0.779731	0.803043	0.731032	
0.380594	0.220952	0.258383	0.135467	0.246988	0.384705	0.482803	0.270299	
0.847415	0.735506	0.790969	0.65726	0.51698	0.77158	0.794026	0.724533	
0.867273	0.792318	0.828607	0.682282	0.525275	0.78006	0.803541	0.73177	
0.86757	0.792893	0.828548	0.682417	0.527371	0.780289	0.803633	0.732044	
0.866947	0.791659	0.832091	0.684491	0.541211	0.781683	0.805618	0.734902	
0.209071	0.0622046	0.077925	0.181011	0.0901802	0.327848	0.194158	0.20261	
0.792449	0.650457	0.640368	0.630379	0.517908	0.728598	0.764601	0.682846	
0.868861	0.794984	0.831618	0.685542	0.544869	0.782059	0.805986	0.735497	
0.868752	0.794863	0.832735	0.685928	0.546287	0.782212	0.806334	0.735724	
0.870005	0.794762	0.833356	0.688607	0.561469	0.782645	0.807986	0.738556	
0.415266	0.274865	0.236585	0.162149	0.348331	0.387327	0.490443	0.267698	
0.854941	0.768908	0.79941	0.675893	0.559464	0.772875	0.803381	0.730758	
0.869545	0.795434	0.835345	0.689505	0.562595	0.782828	0.808678	0.739353	
0.868174	0.790059	0.802039	0.687717	0.582328	0.776782	0.808269	0.740673	
0.870297	0.796222	0.833226	0.689957	0.569333	0.782615	0.809215	0.741275	
0.626625	0.599807	0.506006	0.494837	0.519608	0.639906	0.672114	0.471215	
0.867698	0.794822	0.834365	0.691331	0.572402	0.78265	0.809776	0.739499	
0.870066	0.795305	0.8367	0.691732	0.576162	0.783186	0.810388	0.743832	
0.870304	0.797678	0.837208	0.692833	0.578212	0.784068	0.811027	0.743625	
0.865439	0.792113	0.838193	0.694883	0.594733	0.782663	0.811759	0.748855	
0.575215	0.704946	0.761962	0.675914	0.575402	0.736447	0.769473	0.663839	
0.870633	0.800468	0.838315	0.696508	0.59577	0.785539	0.813483	0.748466	
0.871047	0.800285	0.838833	0.696852	0.597335	0.785492	0.813666	0.748757	
0.871583	0.802084	0.839872	0.700438	0.610442	0.786906	0.815804	0.75045	
0.302215	0.193316	0.406626	0.481998	0.500834	0.398486	0.546951	0.590478	
0.849063	0.775911	0.837594	0.700552	0.622614	0.780196	0.81234	0.755602	
0.871594	0.801266	0.840973	0.700913	0.613817	0.786789	0.815751	0.752544	
0.622762	0.732175	0.783916	0.701257	0.629571	0.760735	0.795409	0.693369	
0.871181	0.803511	0.840514	0.702076	0.617219	0.787503	0.816674	0.751384	
0.87144	0.802089	0.842117	0.702597	0.620136	0.78737	0.816633	0.753629	
0.872067	0.804201	0.841665	0.703449	0.622401	0.78803	0.817406	0.752786	
0.833916	0.786907	0.837056	0.702741	0.63902	0.779778	0.810424	0.748071	
0.871317	0.803319	0.843331	0.704452	0.627232	0.78835	0.817588	0.75475	
0.488429	0.573887	0.543542	0.46604	0.581618	0.622819	0.665012	0.442044	
0.870085	0.80378	0.841433	0.704658	0.631594	0.787975	0.81835	0.750733	
0.872435	0.804645	0.843668	0.705238	0.629522	0.789032	0.818556	0.754522	
0.842947	0.697478	0.768964	0.666611	0.624081	0.7783	0.800412	0.742781	
0.872662	0.804859	0.843229	0.705869	0.631651	0.789422	0.818535	0.755196	
0.871881	0.804629	0.844585	0.706345	0.632392	0.789756	0.819084	0.755267	
0.872704	0.805703	0.844126	0.70698	0.634157	0.790104	0.819003	0.755876	
0.872592	0.805973	0.844779	0.707366	0.634811	0.790279	0.819246	0.756	
0.8725	0.807352	0.844983	0.710119	0.642625	0.791981	0.819917	0.757602	
0.413976	0.180843	0.241012	0.150678	0.276384	0.394984	0.465766	0.46253	
0.846294	0.751681	0.819218	0.683286	0.632003	0.787064	0.811576	0.749832	
0.872398	0.807725	0.846158	0.710566	0.643179	0.792043	0.820331	0.757824	
0.872051	0.792317	0.835967	0.704258	0.645747	0.792661	0.818886	0.756771	
0.873083	0.807713	0.845855	0.711062	0.644719	0.792686	0.820566	0.758417	
0.814583	0.682012	0.781355	0.648097	0.628079	0.770835	0.799279	0.739062	
0.872305	0.80792	0.847236	0.711714	0.646842	0.792665	0.82091	0.758885	
0.873346	0.808745	0.846568	0.712354	0.648276	0.793358	0.821135	0.759026	
0.873008	0.808983	0.847503	0.712962	0.649852	0.793366	0.821421	0.759332	
0.870986	0.798949	0.83398	0.709602	0.657767	0.793742	0.819683	0.756695	
0.873903	0.809389	0.846239	0.713934	0.653507	0.794301	0.821637	0.759827	
0.598678	0.49651	0.499295	0.367852	0.498247	0.615059	0.642622	0.519717	
0.869088	0.806094	0.845138	0.712007	0.654979	0.791533	0.820876	0.759165	
0.873511	0.810021	0.848256	0.714702	0.65484	0.79417	0.822114	0.760443	
0.875242	0.812413	0.847315	0.717383	0.665064	0.79576	0.82308	0.762747	
0.244927	0.162337	0.179492	0.188203	0.386897	0.323946	0.42	0.236686	
0.83382	0.772524	0.798353	0.690367	0.657111	0.775858	0.804536	0.7467	
0.875357	0.81283	0.850038	0.71823	0.66725	0.79613	0.823404	0.763618	
0.87659	0.809608	0.843812	0.716961	0.672937	0.795981	0.824278	0.762386	
0.876548	0.813128	0.849597	0.718925	0.670499	0.796717	0.824325	0.764437	
0.523338	0.496732	0.49737	0.391909	0.529644	0.613728	0.633576	0.442883	
0.872873	0.81005	0.848723	0.718673	0.67459	0.794008	0.82239	0.761395	
0.876478	0.813903	0.851192	0.720145	0.673012	0.796822	0.824384	0.764899	
0.872455	0.804558	0.851749	0.720338	0.679645	0.79657	0.823382	0.767653	
0.876673	0.812814	0.852597	0.720973	0.676183	0.797596	0.824703	0.767023	
0.32016	0.488643	0.481566	0.53851	0.499347	0.6214	0.596472	0.412627	
0.84723	0.811672	0.844507	0.723312	0.681708	0.79563	0.823171	0.759601	
0.877253	0.815412	0.852503	0.722071	0.67815	0.797885	0.82501	0.766306	
0.873989	0.812153	0.855835	0.726213	0.686351	0.797594	0.824393	0.768583	
0.635374	0.796054	0.811959	0.720016	0.681556	0.792297	0.821533	0.750362	
0.879174	0.816382	0.855218	0.727021	0.68812	0.798351	0.825443	0.767768	
0.875064	0.818139	0.854183	0.729466	0.693584	0.799047	0.827377	0.767117	
0.848834	0.792134	0.85048	0.720841	0.69194	0.788237	0.81498	0.758286	
0.879617	0.818393	0.857288	0.731663	0.696889	0.798573	0.826805	0.769156	
0.84806	0.817451	0.851641	0.738471	0.70886	0.797046	0.827888	0.76607	
0.877547	0.82038	0.856807	0.733894	0.700725	0.798588	0.827598	0.768727	
0.493805	0.445022	0.679987	0.660423	0.626032	0.716735	0.70598	0.715415	
0.870325	0.813492	0.858333	0.734337	0.701102	0.797695	0.826438	0.772673	
0.880143	0.81938	0.85804	0.734258	0.701234	0.798571	0.827481	0.770372	
0.872956	0.823567	0.857294	0.739094	0.713711	0.799877	0.829467	0.771029	
0.0337175	0.107975	0.0968513	0.0936835	0.290337	0.27311	0.376323	0.572816	
0.693439	0.705762	0.786417	0.665041	0.674052	0.778614	0.79577	0.778364	
0.881304	0.822744	0.859071	0.738956	0.715372	0.799958	0.829017	0.774865	
0.881421	0.823192	0.859346	0.740595	0.716219	0.800228	0.829925	0.774562	
0.874266	0.802767	0.847999	0.716018	0.719461	0.795657	0.823857	0.77211	
0.881795	0.823463	0.859797	0.740395	0.71871	0.80051	0.829752	0.775242	
0.760465	0.562004	0.71319	0.515604	0.575692	0.701571	0.743244	0.682581	
0.881657	0.821322	0.859205	0.740369	0.719397	0.801034	0.830266	0.774621	
0.882084	0.823606	0.860119	0.741492	0.719423	0.80104	0.830273	0.775327	
0.881119	0.822977	0.861878	0.743098	0.726948	0.804514	0.830075	0.778019	
0.168025	0.0358136	0.0390467	0.222483	0.154234	0.293696	0.176423	0.248849	
0.815371	0.707042	0.771674	0.692424	0.70755	0.774043	0.793001	0.736099	
0.882684	0.8244	0.862012	0.744765	0.729183	0.805203	0.830579	0.778335	
0.880977	0.824039	0.861137	0.745269	0.730453	0.810419	0.832271	0.780069	
0.872667	0.813999	0.79659	0.740814	0.735805	0.798379	0.827151	0.765732	
0.883079	0.824432	0.864537	0.746779	0.733682	0.809568	0.832577	0.779741	
0.870592	0.817612	0.859865	0.740565	0.733827	0.802905	0.825312	0.776104	
0.883293	0.824737	0.865229	0.747616	0.734794	0.809191	0.832484	0.780065	
0.860057	0.768759	0.73019	0.730884	0.734385	0.802873	0.812577	0.754701	
0.883856	0.824619	0.864616	0.748218	0.736921	0.809829	0.832434	0.779979	
0.883541	0.825191	0.866239	0.748387	0.736863	0.809739	0.832654	0.780799	
0.884	0.825133	0.866144	0.74883	0.738346	0.810251	0.832665	0.780785	
0.879676	0.822514	0.855304	0.747369	0.740843	0.808869	0.831531	0.780959	
0.883597	0.82594	0.867309	0.749404	0.739807	0.810418	0.832979	0.781636	
0.733554	0.539165	0.492134	0.644389	0.658439	0.740138	0.761485	0.676432	
0.885192	0.822791	0.865115	0.749149	0.743049	0.8111	0.832274	0.781584	
0.884857	0.825457	0.868172	0.749739	0.741564	0.810948	0.832919	0.781968	
0.79535	0.825423	0.855347	0.744084	0.741577	0.807919	0.832406	0.771655	
0.883737	0.827338	0.868372	0.749999	0.743252	0.811307	0.833491	0.781656	
0.721531	0.679245	0.821032	0.736802	0.709633	0.790794	0.802658	0.773531	
0.884947	0.824655	0.869866	0.750448	0.743287	0.811114	0.832957	0.783753	
0.884517	0.827756	0.869105	0.750478	0.745502	0.811807	0.833799	0.782279	
0.885981	0.827078	0.870053	0.750684	0.745506	0.811749	0.833618	0.783332	
0.884037	0.830475	0.871114	0.751441	0.751389	0.812924	0.834686	0.783489	
0.0637577	0.177759	0.351047	0.234967	0.139437	0.226576	0.338502	0.214799	
0.806879	0.749086	0.848243	0.744886	0.72798	0.799828	0.810291	0.777663	
0.887422	0.828751	0.872651	0.752051	0.75164	0.812868	0.834258	0.785539	
0.887391	0.829408	0.872748	0.752308	0.752504	0.813026	0.834434	0.785408	
0.887766	0.828953	0.875593	0.755108	0.75846	0.813744	0.834065	0.788329	
0.364162	0.266997	0.365475	0.135362	0.295509	0.257628	0.347264	0.158154	
0.797628	0.816688	0.839051	0.740271	0.73917	0.801832	0.827603	0.753998	
0.888373	0.831103	0.875233	0.755528	0.759575	0.813745	0.834922	0.787598	
0.886115	0.829422	0.872201	0.75258	0.759987	0.815137	0.835728	0.786473	
0.888491	0.831253	0.874975	0.756503	0.761049	0.814873	0.835474	0.787703	
0.658156	0.461245	0.586351	0.309854	0.548065	0.538078	0.67442	0.595819	
0.885441	0.827367	0.874079	0.750695	0.761441	0.809573	0.83448	0.787509	
0.888355	0.831785	0.875761	0.757177	0.7624	0.814431	0.83565	0.788167	
0.888253	0.831427	0.87567	0.760499	0.768934	0.814839	0.836	0.788171	
0.313523	0.0915895	0.195041	0.137468	0.389902	0.355819	0.444685	0.449617	
0.869794	0.758364	0.823578	0.728711	0.757654	0.795505	0.825539	0.781131	
0.888462	0.832909	0.877148	0.760949	0.769756	0.814155	0.836466	0.78911	
0.888488	0.830548	0.873232	0.758257	0.768152	0.812319	0.835797	0.790292	
0.889174	0.833114	0.877177	0.760756	0.770477	0.814372	0.836853	0.790216	
0.754062	0.737538	0.742067	0.639941	0.671267	0.739284	0.79037	0.689801	
0.888047	0.833478	0.877003	0.761629	0.772026	0.81317	0.837498	0.789334	
0.889328	0.832985	0.877906	0.761908	0.772565	0.814009	0.836776	0.791525	
0.88953	0.834232	0.877905	0.762383	0.77337	0.814017	0.837329	0.790927	
0.889082	0.833106	0.878723	0.764067	0.777133	0.813664	0.836817	0.793715	
0.421732	0.263228	0.513943	0.284596	0.326912	0.415615	0.271337	0.105586	
0.624824	0.805247	0.786106	0.752802	0.721988	0.803879	0.830043	0.744524	
0.89005	0.836074	0.878471	0.764508	0.77822	0.814063	0.83788	0.791895	
0.890618	0.835554	0.878764	0.764749	0.778605	0.814	0.837682	0.792493	
0.890166	0.837123	0.879147	0.766974	0.782694	0.814069	0.838174	0.791875	
0.477522	0.315856	0.671606	0.649167	0.578951	0.69846	0.583915	0.666111	
0.880795	0.827555	0.878025	0.76734	0.781453	0.812654	0.836348	0.794923	
0.891208	0.836322	0.879823	0.767302	0.783219	0.814002	0.838267	0.793081	
0.877008	0.839535	0.876944	0.770205	0.790105	0.813408	0.841165	0.790266	
0.889695	0.838491	0.879759	0.768591	0.786774	0.814068	0.839744	0.792318	
0.396338	0.478928	0.622175	0.670807	0.605295	0.722462	0.625032	0.655569	
0.882875	0.832641	0.878384	0.770436	0.787034	0.813442	0.837347	0.796945	
0.891217	0.837652	0.88073	0.769563	0.788007	0.81419	0.839397	0.794559	
0.886602	0.827244	0.869403	0.765028	0.793151	0.814711	0.844071	0.792628	
0.891365	0.837806	0.88067	0.770382	0.79041	0.814751	0.840888	0.794482	
0.359113	0.23849	0.202475	0.243863	0.469817	0.607551	0.651576	0.657134	
0.881571	0.811274	0.8685	0.747149	0.784153	0.811889	0.837283	0.796495	
0.891286	0.838429	0.881968	0.770235	0.791122	0.814773	0.840759	0.79529	
0.885737	0.820056	0.856656	0.762483	0.775514	0.816674	0.837027	0.793442	
0.891431	0.838531	0.881654	0.770523	0.791232	0.81536	0.840683	0.795743	
0.886179	0.829751	0.875487	0.766691	0.79096	0.813311	0.840492	0.795765	
0.891139	0.838608	0.88216	0.770633	0.791874	0.815353	0.840989	0.796068	
0.870395	0.80792	0.81183	0.749008	0.763806	0.812064	0.824084	0.779058	
0.891278	0.838914	0.881638	0.770778	0.792284	0.816218	0.840856	0.796706	
0.891098	0.839094	0.882384	0.77123	0.792792	0.815866	0.841188	0.796816	
0.89121	0.83928	0.882252	0.771321	0.793086	0.816373	0.841159	0.797228	
0.888852	0.839094	0.881069	0.77161	0.795531	0.814956	0.841301	0.798504	
0.890686	0.839726	0.882803	0.772049	0.79459	0.816131	0.841523	0.79815	
0.394347	0.288769	0.300635	0.383805	0.243454	0.599704	0.521144	0.475505	
0.886558	0.830086	0.86733	0.761034	0.784912	0.816991	0.834589	0.793091	
0.89125	0.840121	0.882817	0.772434	0.794902	0.817067	0.841492	0.798564	
0.891858	0.841532	0.883188	0.773876	0.797888	0.818045	0.841352	0.800117	
0.848976	0.785974	0.852162	0.752215	0.77348	0.788874	0.791469	0.784339	
0.891932	0.842118	0.884459	0.774208	0.800591	0.817045	0.840532	0.802381	
0.408554	0.423917	0.472594	0.503972	0.278131	0.44672	0.302603	0.266633	
0.86005	0.820338	0.873892	0.769761	0.780771	0.812963	0.818652	0.780328	
0.89214	0.843043	0.88417	0.774927	0.800898	0.818461	0.841744	0.801864	
0.891622	0.842911	0.883168	0.776164	0.802624	0.820426	0.840133	0.803241	
0.855176	0.821262	0.869528	0.75372	0.769422	0.793973	0.829954	0.778245	
0.892245	0.845007	0.885108	0.776847	0.804491	0.819776	0.841774	0.80357	
0.890254	0.842327	0.882891	0.775612	0.805297	0.820767	0.841822	0.803258	
0.89276	0.845351	0.885018	0.777359	0.805186	0.820321	0.842127	0.803477	
0.787975	0.637195	0.818327	0.615442	0.72642	0.743428	0.791856	0.757956	
0.891923	0.844202	0.885964	0.776035	0.80563	0.818115	0.842503	0.804028	
0.892781	0.845841	0.885558	0.777415	0.805715	0.819753	0.842415	0.803819	
0.893363	0.844947	0.884687	0.777737	0.805597	0.821128	0.841237	0.805762	
0.87429	0.813632	0.87208	0.748148	0.775871	0.787128	0.830539	0.781711	
0.893785	0.847154	0.886113	0.779084	0.808527	0.820961	0.842602	0.805799	
0.893207	0.848857	0.886497	0.780481	0.811034	0.821273	0.84319	0.806002	
0.441756	0.413332	0.674387	0.674807	0.501756	0.658897	0.597614	0.63737	
0.883506	0.842109	0.883903	0.779867	0.805819	0.820413	0.83879	0.810221	
0.89394	0.848376	0.886452	0.780599	0.811585	0.821459	0.842721	0.807477	
0.885547	0.840423	0.87915	0.769195	0.799302	0.809369	0.836233	0.792124	
0.893927	0.848803	0.886556	0.780711	0.8124	0.821526	0.843326	0.807015	
0.874807	0.779985	0.855573	0.73105	0.749904	0.798401	0.810318	0.788395	
0.894248	0.848525	0.886167	0.781335	0.811898	0.822684	0.842659	0.80764	
0.893991	0.848959	0.886831	0.781008	0.813236	0.821784	0.843607	0.807662	
0.894251	0.849185	0.886664	0.781579	0.813193	0.822416	0.843397	0.807839	
0.894426	0.850326	0.887161	0.78238	0.81526	0.823038	0.844447	0.808223	
0.577868	0.231208	0.44634	0.335142	0.307822	0.617096	0.495117	0.563559	
0.890634	0.82811	0.875218	0.767812	0.803034	0.823312	0.835557	0.805359	
0.894696	0.850292	0.886992	0.782791	0.81532	0.823603	0.844175	0.808525	
0.894195	0.849121	0.887825	0.781576	0.816411	0.823325	0.844678	0.809675	
0.882824	0.777913	0.865901	0.758621	0.796101	0.822558	0.829726	0.802611	
0.895283	0.851647	0.887703	0.783165	0.817187	0.824415	0.844562	0.809941	
0.895459	0.850833	0.887602	0.784117	0.819221	0.824561	0.844734	0.809556	
0.891233	0.839268	0.88693	0.777819	0.816557	0.822245	0.843723	0.811211	
0.895561	0.852438	0.888186	0.783978	0.819307	0.824313	0.845208	0.810149	
0.895752	0.84949	0.884811	0.780535	0.816415	0.825324	0.841714	0.811643	
0.896018	0.852287	0.888093	0.784026	0.819468	0.824915	0.844899	0.810958	
0.841453	0.725427	0.839427	0.68644	0.766711	0.797606	0.812737	0.784024	
0.895189	0.852284	0.888275	0.783592	0.819602	0.82423	0.845756	0.810875	
0.895839	0.852742	0.888326	0.784145	0.819707	0.824706	0.845361	0.810997	
0.896827	0.852307	0.888437	0.78528	0.821805	0.825139	0.845053	0.811828	
0.244175	0.181444	0.339685	0.183011	0.524884	0.48611	0.510146	0.545786	
0.869904	0.793758	0.874631	0.752779	0.804643	0.815657	0.839776	0.807145	
0.896919	0.853586	0.889189	0.785567	0.821915	0.824906	0.845835	0.812201	
0.897637	0.853887	0.8886	0.786514	0.822686	0.826081	0.845579	0.813253	
0.261222	0.389317	0.445889	0.228285	0.387147	0.624107	0.603915	0.465078	
0.88685	0.843146	0.883708	0.774759	0.81489	0.820185	0.844507	0.806328	
0.897655	0.854404	0.889305	0.78691	0.823455	0.825722	0.846042	0.8132	
0.899035	0.845732	0.888303	0.786683	0.826763	0.826569	0.843429	0.813007	
0.898202	0.854049	0.889303	0.78745	0.824458	0.826045	0.845494	0.813222	
0.881945	0.78282	0.868763	0.746297	0.812592	0.813527	0.840732	0.802983	
0.897969	0.854498	0.889514	0.787467	0.824834	0.825884	0.846182	0.813309	
0.898506	0.854473	0.889355	0.787933	0.825238	0.826221	0.845806	0.813678	
0.898379	0.8549	0.889483	0.788043	0.82549	0.826198	0.846223	0.813673	
0.89934	0.852307	0.887494	0.789127	0.827699	0.826332	0.845631	0.815212	
0.873366	0.817368	0.862716	0.764928	0.806177	0.816104	0.839354	0.797893	
0.899305	0.855936	0.889472	0.790104	0.828468	0.826847	0.846738	0.814724	
0.897362	0.850973	0.888796	0.790485	0.827793	0.82671	0.847094	0.817009	
0.899502	0.855816	0.889656	0.790491	0.828567	0.826901	0.847044	0.815501	
0.662625	0.700281	0.760931	0.745886	0.736583	0.793186	0.807148	0.784543	
0.897946	0.856603	0.888073	0.790321	0.82962	0.827493	0.846828	0.814309	
0.899667	0.856612	0.889445	0.790553	0.829156	0.827189	0.847074	0.815146	
0.89851	0.855261	0.890234	0.792036	0.831577	0.82763	0.846748	0.816271	
0.805991	0.839451	0.8396	0.785208	0.808009	0.822128	0.842768	0.806104	
0.900621	0.857666	0.889973	0.792074	0.832277	0.828325	0.847393	0.81567	
0.899993	0.859614	0.888684	0.792031	0.834107	0.828767	0.848151	0.815803	
0.877779	0.842278	0.887575	0.787628	0.829435	0.823832	0.843276	0.8167	
0.901348	0.859114	0.890094	0.792617	0.834826	0.828779	0.848041	0.81639	
0.900057	0.860313	0.887395	0.793597	0.836569	0.830656	0.849304	0.816038	
0.832389	0.814799	0.844576	0.777566	0.806044	0.808292	0.825846	0.816105	
0.902021	0.859973	0.890494	0.794066	0.837869	0.830255	0.849017	0.817158	
0.89655	0.862118	0.88866	0.794665	0.838564	0.830015	0.849208	0.816708	
0.90189	0.861218	0.890379	0.79442	0.838411	0.830334	0.849247	0.817138	
0.706404	0.671622	0.791773	0.756627	0.751231	0.80356	0.787501	0.788064	
0.900985	0.858331	0.890592	0.794552	0.838136	0.830387	0.848173	0.818873	
0.902597	0.860632	0.890803	0.794578	0.838629	0.830431	0.849022	0.817877	
0.899194	0.855324	0.888392	0.790999	0.8368	0.829843	0.849531	0.815951	
0.902338	0.861057	0.890943	0.79474	0.838906	0.830765	0.849625	0.817815	
0.847505	0.548205	0.780224	0.638259	0.715391	0.784463	0.777775	0.769046	
0.903002	0.857192	0.889826	0.79367	0.838428	0.831727	0.847933	0.81843	
0.902668	0.861081	0.89092	0.795031	0.839096	0.831163	0.849316	0.818129	
0.901831	0.859067	0.891361	0.795632	0.839229	0.832136	0.849941	0.819576	
0.892614	0.802769	0.877735	0.777635	0.82539	0.831444	0.841459	0.815557	
0.902904	0.860954	0.891583	0.796073	0.839708	0.832735	0.849619	0.819453	
0.902298	0.861241	0.891253	0.796119	0.840962	0.833075	0.850614	0.818763	
0.901838	0.857683	0.891781	0.796161	0.839467	0.833657	0.849751	0.820666	
0.902961	0.861564	0.891874	0.796536	0.840767	0.833426	0.850455	0.819583	
0.900415	0.836237	0.886363	0.78322	0.836628	0.83565	0.847533	0.818284	
0.903186	0.861398	0.891851	0.796716	0.840893	0.833908	0.85042	0.81969	
0.892498	0.831942	0.886721	0.777619	0.834142	0.831484	0.847777	0.817499	
0.903088	0.861495	0.892219	0.796808	0.840915	0.833972	0.850566	0.819789	
0.903275	0.861455	0.89207	0.796896	0.841122	0.834399	0.850618	0.819819	
0.90323	0.861636	0.892339	0.797007	0.841179	0.834392	0.850743	0.819901	
0.903145	0.859674	0.891503	0.796042	0.841877	0.836583	0.851309	0.820053	
0.90341	0.861389	0.892205	0.797008	0.84165	0.835432	0.851076	0.820066	
0.619597	0.468743	0.640378	0.410319	0.652542	0.674646	0.724121	0.668785	
0.899178	0.854535	0.890983	0.790164	0.838954	0.831589	0.850282	0.818502	
0.903355	0.861876	0.892864	0.797289	0.841978	0.835092	0.851223	0.820121	
0.903534	0.862084	0.893305	0.797518	0.842826	0.836152	0.851885	0.820969	
0.889376	0.841086	0.876484	0.782872	0.834683	0.82689	0.846904	0.821962	
0.903823	0.862	0.893916	0.798038	0.843867	0.836251	0.852134	0.821687	
0.487326	0.508728	0.405384	0.428798	0.422135	0.545082	0.675234	0.657634	
0.897196	0.859208	0.885468	0.790038	0.838959	0.836103	0.850705	0.821071	
0.903675	0.862939	0.894151	0.7981	0.844414	0.837013	0.852247	0.821897	
0.897536	0.857102	0.877926	0.79587	0.83817	0.839935	0.849328	0.819767	
0.903999	0.862717	0.894039	0.798333	0.844682	0.8377	0.852083	0.822199	
0.863166	0.826973	0.839519	0.755746	0.79057	0.822082	0.838452	0.799475	
0.90338	0.863142	0.894625	0.798185	0.844927	0.837353	0.852245	0.822077	
0.903923	0.863356	0.893865	0.798337	0.845008	0.838523	0.85224	0.822247	
0.903863	0.86352	0.894587	0.798442	0.845458	0.838256	0.852298	0.822317	
0.903873	0.864161	0.894311	0.798654	0.84634	0.839766	0.852273	0.82271	
0.278271	0.395348	0.37162	0.293903	0.338655	0.550168	0.589926	0.400425	
0.884554	0.846074	0.872777	0.784075	0.822894	0.828922	0.846957	0.814603	
0.90373	0.864355	0.895266	0.798767	0.846716	0.839281	0.852394	0.82285	
0.90383	0.864494	0.895114	0.798835	0.846773	0.839465	0.852468	0.822875	
0.903632	0.865324	0.895686	0.799446	0.847795	0.839321	0.85296	0.823122	
0.627043	0.356126	0.38612	0.48963	0.326118	0.703846	0.6469	0.621686	
0.901231	0.85488	0.883419	0.793585	0.836522	0.840219	0.850785	0.820898	
0.903975	0.865384	0.895533	0.799617	0.847866	0.839704	0.853053	0.823176	
0.90358	0.865247	0.896505	0.800296	0.848751	0.839843	0.853034	0.824164	
0.402844	0.191641	0.266542	0.378707	0.27379	0.663658	0.654094	0.651832	
0.891167	0.834493	0.880462	0.79228	0.839451	0.839549	0.850972	0.820462	
0.904167	0.866317	0.896152	0.800711	0.849077	0.840244	0.853156	0.823984	
0.903467	0.867195	0.892652	0.801229	0.84952	0.839459	0.854002	0.824142	
0.904081	0.866698	0.896236	0.800976	0.849442	0.840059	0.853556	0.824145	
0.86784	0.807294	0.795262	0.767043	0.782395	0.826337	0.829396	0.8079	
0.904378	0.866343	0.895804	0.800881	0.849212	0.840719	0.853419	0.824418	
0.904325	0.866691	0.89632	0.801034	0.849514	0.840418	0.85356	0.824326	
0.90037	0.857844	0.896046	0.796635	0.846034	0.838224	0.85409	0.822701	
0.904068	0.867118	0.89666	0.801155	0.849576	0.840332	0.853832	0.824315	
0.902809	0.839986	0.891045	0.79524	0.844691	0.840632	0.850025	0.823873	
0.904436	0.866985	0.896529	0.801473	0.849868	0.840617	0.853862	0.824576	
0.894686	0.8346	0.892449	0.785766	0.842931	0.830969	0.85036	0.820407	
0.904195	0.86763	0.896862	0.80161	0.849964	0.840565	0.854308	0.824776	
0.883277	0.843208	0.874203	0.795218	0.838681	0.836713	0.844271	0.821119	
0.90446	0.867314	0.896947	0.802058	0.850035	0.84083	0.854327	0.8252	
0.903842	0.868592	0.896482	0.802026	0.850323	0.840718	0.85492	0.824727	
0.904558	0.867729	0.897175	0.80241	0.850394	0.840864	0.854744	0.825438	
0.904581	0.86818	0.897188	0.802425	0.850502	0.840884	0.854931	0.825307	
0.904912	0.868693	0.897617	0.803154	0.851175	0.840909	0.855715	0.826025	
0.705341	0.717284	0.667277	0.755792	0.791447	0.810058	0.81728	0.794262	
0.902725	0.869829	0.895371	0.803477	0.851408	0.84114	0.856098	0.82504	
0.904871	0.869544	0.897404	0.803409	0.851377	0.84107	0.85594	0.82578	
0.820539	0.825222	0.852293	0.802525	0.839906	0.83575	0.850293	0.829574	
0.904621	0.867985	0.897579	0.803805	0.851647	0.8411	0.85585	0.826726	
0.905258	0.868946	0.897734	0.8036	0.851546	0.841099	0.855915	0.826221	
0.900893	0.871468	0.895552	0.803976	0.85135	0.841157	0.857836	0.824958	
0.905001	0.870076	0.897612	0.803829	0.85176	0.841191	0.85666	0.825946	
0.775278	0.773158	0.790645	0.758689	0.768091	0.807272	0.799272	0.796552	
0.9051	0.868652	0.897298	0.804066	0.851515	0.841819	0.855825	0.826714	
0.905632	0.869708	0.89787	0.80409	0.851977	0.841568	0.856466	0.82639	
0.903325	0.867304	0.897063	0.800065	0.849968	0.838329	0.854774	0.82465	
0.905638	0.869868	0.898339	0.804156	0.852437	0.841261	0.856867	0.826572	
0.850681	0.738483	0.815942	0.689325	0.766662	0.823604	0.813015	0.798253	
0.906043	0.868815	0.89694	0.803775	0.851843	0.842647	0.856625	0.827171	
0.905986	0.869888	0.898059	0.804356	0.852416	0.84193	0.856895	0.826917	
0.906017	0.867854	0.898796	0.804408	0.852936	0.841469	0.857916	0.827903	
0.898261	0.791308	0.87887	0.782606	0.844319	0.842415	0.850057	0.826555	
0.906623	0.870556	0.898695	0.805095	0.853406	0.842418	0.857775	0.828372	
0.906252	0.869807	0.898403	0.805448	0.853995	0.84292	0.858657	0.828441	
0.903137	0.846964	0.895888	0.800794	0.850859	0.83976	0.858432	0.828369	
0.906728	0.871472	0.899018	0.805625	0.853834	0.842489	0.858893	0.828571	
0.906732	0.867973	0.897433	0.804896	0.852357	0.843717	0.858271	0.829861	
0.907065	0.87107	0.899087	0.805838	0.853721	0.842983	0.858918	0.829105	
0.856838	0.71979	0.840641	0.744752	0.830099	0.823372	0.843043	0.816912	
0.906808	0.870409	0.899102	0.805753	0.853703	0.842252	0.859293	0.828926	
0.907107	0.871394	0.899277	0.805976	0.853782	0.842776	0.859091	0.829075	
0.907454	0.871297	0.899692	0.806648	0.854548	0.843131	0.859881	0.829382	
0.729842	0.454222	0.742968	0.604784	0.783463	0.787031	0.79889	0.795908	
0.905819	0.862569	0.899061	0.804767	0.853442	0.841608	0.860733	0.829493	
0.907487	0.871825	0.900072	0.80679	0.854514	0.842912	0.860205	0.829495	
0.905376	0.871105	0.897979	0.805789	0.852488	0.844204	0.860356	0.828868	
0.907613	0.872105	0.899797	0.807201	0.85451	0.843492	0.860425	0.829603	
0.833752	0.781278	0.861723	0.717093	0.811829	0.805623	0.833946	0.794553	
0.90751	0.871653	0.900772	0.806453	0.855362	0.84248	0.860956	0.829365	
0.907776	0.872209	0.900383	0.807155	0.855109	0.843137	0.860758	0.829598	
0.907327	0.872187	0.899401	0.808211	0.854775	0.844067	0.860263	0.830094	
0.885761	0.852069	0.882543	0.776534	0.837784	0.82899	0.851908	0.812436	
0.908195	0.873628	0.900924	0.808497	0.856699	0.843564	0.862049	0.830476	
0.905719	0.870566	0.902084	0.809707	0.856628	0.842222	0.861831	0.832469	
0.908291	0.87296	0.901549	0.80911	0.857094	0.843264	0.862039	0.831114	
0.680653	0.825429	0.815743	0.787411	0.739795	0.822134	0.850986	0.80512	
0.906187	0.875042	0.900126	0.808731	0.856724	0.843776	0.86289	0.830288	
0.908307	0.873901	0.901246	0.809023	0.85721	0.843498	0.862386	0.830879	
0.907642	0.873116	0.901864	0.810023	0.857722	0.844252	0.862111	0.832615	
0.841042	0.865615	0.874871	0.795858	0.836231	0.832697	0.856075	0.814751	
0.908681	0.874548	0.901881	0.809946	0.858101	0.844131	0.863196	0.832214	
0.907842	0.876647	0.900933	0.810657	0.85753	0.844783	0.864019	0.832099	
0.900954	0.865122	0.897297	0.806596	0.855522	0.840385	0.860886	0.832405	
0.909013	0.87558	0.90206	0.810809	0.858442	0.844692	0.864263	0.832771	
0.90793	0.874156	0.902114	0.810953	0.857305	0.844721	0.86096	0.833508	
0.909158	0.875696	0.902278	0.811233	0.85856	0.844907	0.86389	0.833198	
0.824953	0.831549	0.83937	0.732775	0.749875	0.77258	0.770761	0.745995	
0.908246	0.876088	0.901612	0.810732	0.85861	0.843579	0.864802	0.832471	
0.909094	0.876039	0.902221	0.811299	0.858975	0.844683	0.86452	0.833185	
0.908871	0.875109	0.902225	0.812998	0.858887	0.844733	0.863949	0.834443	
0.886793	0.865384	0.884032	0.790964	0.840872	0.830221	0.858433	0.820144	
0.909295	0.876996	0.90272	0.813187	0.860492	0.844458	0.865324	0.83446	
0.908241	0.878624	0.901667	0.813551	0.86042	0.844358	0.86652	0.834693	
0.89663	0.8688	0.897979	0.814015	0.856398	0.842002	0.858408	0.833437	
0.909461	0.878042	0.90281	0.814158	0.861194	0.844462	0.866656	0.835568	
0.908879	0.877749	0.900866	0.814459	0.859562	0.844964	0.864652	0.835896	
0.909581	0.878301	0.90268	0.814525	0.861508	0.844801	0.866498	0.835848	
0.816481	0.741853	0.810935	0.730633	0.820034	0.815968	0.827507	0.817154	
0.90917	0.876748	0.902285	0.813932	0.861507	0.844196	0.867149	0.836593	
0.9097	0.87824	0.902859	0.814581	0.86166	0.844664	0.866856	0.836167	
0.909475	0.873989	0.901201	0.813931	0.862128	0.845737	0.86623	0.836978	
0.909925	0.878222	0.902693	0.814786	0.861947	0.845035	0.86685	0.836474	
0.877883	0.777272	0.876362	0.777939	0.846619	0.833681	0.858276	0.835156	
0.910047	0.878083	0.902862	0.814555	0.861961	0.844727	0.867476	0.837027	
0.910254	0.878598	0.902663	0.814989	0.862286	0.845336	0.867289	0.837045	
0.910395	0.878753	0.902837	0.815031	0.862315	0.845218	0.867543	0.837304	
0.910822	0.878611	0.902285	0.815412	0.863109	0.846455	0.868202	0.838652	
0.27772	0.176831	0.321624	0.208636	0.611034	0.468799	0.464038	0.392948	
0.882227	0.791853	0.87423	0.771865	0.844452	0.829664	0.857071	0.829235	
0.911304	0.879611	0.90285	0.81551	0.863074	0.845902	0.868833	0.8389	
0.911285	0.879732	0.902867	0.815765	0.863205	0.84614	0.868739	0.839013	
0.91124	0.881091	0.902763	0.816306	0.863578	0.846134	0.869804	0.839461	
0.221617	0.0428479	0.228759	0.294311	0.233666	0.526301	0.28917	0.422927	
0.863365	0.830276	0.8764	0.793387	0.837447	0.840224	0.849141	0.832378	
0.911756	0.880589	0.90305	0.816934	0.863666	0.84665	0.869356	0.84004	
0.911811	0.881173	0.902935	0.816808	0.863812	0.846709	0.869656	0.839857	
0.911535	0.880187	0.903029	0.817487	0.8638	0.84786	0.869354	0.84092	
0.874399	0.879014	0.891386	0.811869	0.854104	0.844636	0.8699	0.833824	
0.912515	0.88155	0.903028	0.817311	0.864094	0.847929	0.869927	0.840445	
0.912805	0.882251	0.903343	0.817807	0.864366	0.848238	0.870168	0.840845	
0.830826	0.830283	0.872321	0.802428	0.841431	0.853267	0.862268	0.836393	
0.912823	0.88113	0.903222	0.817823	0.864546	0.849599	0.870575	0.841594	
0.900001	0.882521	0.8996	0.817271	0.863899	0.848919	0.870815	0.83919	
0.913619	0.88259	0.903318	0.817935	0.864622	0.849571	0.870731	0.841241	
0.90903	0.878069	0.901533	0.819563	0.859673	0.846815	0.868473	0.843243	
0.913663	0.88237	0.903724	0.818364	0.864787	0.849395	0.870575	0.841779	
0.841757	0.875521	0.877444	0.812973	0.852571	0.844252	0.871764	0.831273	
0.913441	0.883401	0.903411	0.818281	0.86496	0.849434	0.871078	0.841311	
0.913902	0.882521	0.903883	0.818563	0.864956	0.849655	0.870813	0.842012	
0.914027	0.883116	0.9038	0.818512	0.865096	0.849675	0.87107	0.84179	
0.914593	0.883103	0.904349	0.819131	0.865237	0.850289	0.871397	0.842744	
0.372291	0.542142	0.348968	0.324327	0.402563	0.545241	0.612148	0.414946	
0.891469	0.879977	0.888454	0.807536	0.857447	0.843597	0.870256	0.833183	
0.914759	0.883862	0.904343	0.819008	0.865863	0.850154	0.871823	0.842403	
0.915084	0.879999	0.903427	0.81759	0.865901	0.852283	0.871663	0.842961	
0.914985	0.883717	0.904294	0.818934	0.865974	0.850841	0.871876	0.842616	
0.850561	0.632945	0.852933	0.666996	0.819396	0.821511	0.83693	0.818197	
0.914722	0.881616	0.904193	0.817573	0.8658	0.850257	0.872331	0.842406	
0.915059	0.884133	0.904399	0.818977	0.866063	0.850742	0.872084	0.842616	
0.915539	0.884592	0.904576	0.819222	0.866443	0.851624	0.872119	0.842805	
0.785766	0.55615	0.833094	0.569231	0.773569	0.791624	0.790514	0.802476	
0.914233	0.878297	0.904144	0.815168	0.86577	0.851034	0.872068	0.843281	
0.915563	0.884756	0.904661	0.81923	0.866549	0.851624	0.872283	0.842971	
0.914181	0.882444	0.903739	0.817524	0.864894	0.851945	0.871231	0.842836	
0.915601	0.884863	0.904607	0.819653	0.866608	0.851854	0.872192	0.843081	
0.904418	0.859352	0.894204	0.789874	0.854267	0.844471	0.868084	0.837399	
0.915676	0.88509	0.90462	0.819486	0.866988	0.851781	0.872598	0.843173	
0.915656	0.885043	0.904577	0.820074	0.866858	0.852288	0.872326	0.843476	
0.915731	0.885438	0.904588	0.819937	0.867236	0.852202	0.872675	0.843336	
0.911086	0.882263	0.901727	0.820028	0.864704	0.853381	0.871122	0.844817	
0.915703	0.885121	0.904635	0.820387	0.867216	0.852627	0.872531	0.843854	
0.841999	0.879474	0.852365	0.798954	0.839855	0.839472	0.870977	0.82284	
0.915405	0.886198	0.904262	0.820109	0.867658	0.852406	0.873154	0.843192	
0.91579	0.885185	0.904672	0.820681	0.867495	0.852892	0.872759	0.844239	
0.915959	0.88576	0.904626	0.820599	0.867747	0.852878	0.873002	0.84396	
0.916191	0.885744	0.904779	0.821215	0.86823	0.853753	0.873271	0.845021	
0.513181	0.696084	0.389134	0.537973	0.42901	0.686373	0.779375	0.620285	
0.893177	0.887562	0.894947	0.817655	0.864533	0.852072	0.874428	0.839479	
0.916374	0.886389	0.904701	0.82114	0.868425	0.853757	0.873536	0.844692	
0.916567	0.886181	0.905045	0.821756	0.868558	0.854603	0.87366	0.846182	
0.392057	0.687002	0.398501	0.548531	0.309503	0.645798	0.75381	0.540328	
0.900544	0.887158	0.898386	0.816828	0.861199	0.853459	0.874156	0.838846	
0.917086	0.887058	0.905012	0.821454	0.869144	0.854801	0.873987	0.845611	
0.917242	0.886689	0.904315	0.821496	0.868465	0.854892	0.873758	0.845368	
0.917417	0.887302	0.904948	0.82184	0.869253	0.855003	0.873997	0.845589	
0.914495	0.883356	0.903086	0.818961	0.86739	0.853992	0.874264	0.84548	
0.917374	0.887481	0.905114	0.821869	0.869554	0.85504	0.874273	0.845743	
0.917808	0.887069	0.905072	0.821963	0.870264	0.855686	0.874523	0.845811	
0.329922	0.186769	0.411279	0.335638	0.633716	0.597005	0.605853	0.739935	
0.899035	0.811026	0.886817	0.803347	0.863997	0.849542	0.871999	0.845756	
0.917837	0.887772	0.905142	0.822099	0.870156	0.855545	0.874882	0.846044	
0.917935	0.887884	0.905187	0.82221	0.870158	0.855702	0.874854	0.846034	
0.918167	0.887722	0.905094	0.82254	0.870161	0.856041	0.875487	0.846564	
0.66528	0.208931	0.570654	0.405523	0.704923	0.761519	0.716657	0.741089	
0.914608	0.863716	0.900344	0.813182	0.868604	0.856061	0.873494	0.844899	
0.918405	0.888259	0.905104	0.822624	0.870182	0.856186	0.875493	0.846501	
0.918824	0.888686	0.905093	0.822264	0.871393	0.856048	0.87589	0.846392	
0.916727	0.883674	0.900083	0.81321	0.858198	0.856	0.872578	0.844971	
0.919025	0.888717	0.905037	0.822849	0.871168	0.856495	0.87587	0.846822	
0.919426	0.888437	0.904935	0.823723	0.870746	0.856921	0.876288	0.847833	
0.566344	0.324368	0.622175	0.576267	0.715848	0.773632	0.800169	0.761796	
0.915415	0.878518	0.901609	0.820385	0.871616	0.857363	0.875255	0.845375	
0.919751	0.889255	0.904903	0.823797	0.871297	0.857222	0.876267	0.8475	
0.919453	0.886544	0.903725	0.814558	0.869706	0.853706	0.875159	0.845906	
0.919911	0.889225	0.905025	0.823763	0.871783	0.857058	0.876452	0.847601	
0.906452	0.87125	0.886492	0.778957	0.820404	0.846059	0.854034	0.834295	
0.919889	0.889395	0.904836	0.82414	0.871181	0.857538	0.876205	0.847882	
0.92005	0.889543	0.904969	0.824051	0.872076	0.85717	0.876676	0.847673	
0.920093	0.889583	0.904976	0.824311	0.871945	0.857401	0.876602	0.847882	
0.92048	0.890041	0.905094	0.824672	0.872632	0.857549	0.87715	0.848207	
0.774251	0.672548	0.717215	0.56036	0.507529	0.751581	0.68893	0.720998	
0.919023	0.887949	0.902695	0.820247	0.867435	0.858232	0.874655	0.847508	
0.92057	0.890116	0.905029	0.824951	0.872547	0.857844	0.87708	0.848341	
0.920102	0.889189	0.90357	0.821567	0.872532	0.857046	0.877846	0.847858	
0.920763	0.890391	0.905004	0.824863	0.872789	0.857762	0.877402	0.848411	
0.886112	0.836372	0.873452	0.774172	0.828944	0.851585	0.854696	0.833755	
0.92096	0.889703	0.904982	0.825273	0.872339	0.858356	0.877009	0.848955	
0.921059	0.890658	0.905003	0.825245	0.872988	0.8581	0.877555	0.84863	
0.921316	0.890495	0.905139	0.825523	0.872915	0.858246	0.877435	0.848945	
0.922069	0.890983	0.905144	0.825898	0.873553	0.858699	0.877869	0.849477	
0.441843	0.213421	0.452429	0.410752	0.48006	0.676362	0.579839	0.60426	
0.910452	0.872785	0.898433	0.8162	0.863923	0.858236	0.87153	0.848934	
0.922319	0.89085	0.905291	0.826329	0.873383	0.858967	0.877623	0.84988	
0.922926	0.891135	0.905283	0.826865	0.873556	0.859212	0.878001	0.850409	
0.465197	0.244997	0.525048	0.396868	0.235	0.630554	0.485206	0.605697	
0.916234	0.869137	0.900626	0.813842	0.859361	0.85698	0.868751	0.847838	
0.923249	0.891219	0.905464	0.827221	0.873649	0.85947	0.877852	0.850694	
0.923581	0.891712	0.904642	0.826135	0.873791	0.858925	0.878426	0.851023	
0.923582	0.891637	0.905394	0.827067	0.873774	0.859321	0.878118	0.850915	
0.880376	0.82274	0.850883	0.761947	0.82789	0.849176	0.851159	0.825386	
0.923797	0.890859	0.905321	0.827662	0.873097	0.859874	0.877288	0.851255	
0.923809	0.891503	0.905525	0.827543	0.873611	0.859582	0.877844	0.851127	
0.920271	0.892742	0.903356	0.825699	0.87332	0.859409	0.878695	0.848801	
0.923716	0.892102	0.90535	0.827494	0.873925	0.859681	0.878162	0.85083	
0.874111	0.868425	0.88487	0.82339	0.860569	0.857302	0.8715	0.852557	
0.92378	0.891377	0.905468	0.82794	0.873649	0.859883	0.877912	0.85163	
0.923438	0.892718	0.905222	0.827833	0.874164	0.859837	0.878159	0.850719	
0.924162	0.892178	0.905497	0.827966	0.87403	0.859935	0.878078	0.851296	
0.923877	0.893306	0.905183	0.828205	0.874643	0.860098	0.878434	0.851072	
0.506926	0.398839	0.560677	0.720832	0.678739	0.764799	0.78264	0.765907	
0.89376	0.879895	0.897223	0.828415	0.869806	0.859408	0.876771	0.855101	
0.924605	0.892687	0.905487	0.828422	0.87445	0.8602	0.878344	0.851781	
0.92464	0.892855	0.905491	0.82846	0.874542	0.860233	0.878362	0.851724	
0.925148	0.892676	0.905762	0.828994	0.874838	0.860708	0.878291	0.852671	
0.628377	0.7204	0.582093	0.675303	0.656903	0.790042	0.810132	0.743814	
0.917454	0.893314	0.902237	0.826817	0.874413	0.860863	0.879098	0.849922	
0.92519	0.893161	0.905703	0.828888	0.875113	0.86085	0.878563	0.852378	
0.925136	0.89268	0.90563	0.829973	0.874336	0.862074	0.879168	0.85379	
0.859217	0.880596	0.875122	0.814706	0.854703	0.853796	0.875911	0.83819	
0.926021	0.893586	0.905936	0.829798	0.875347	0.862194	0.87932	0.853209	
0.92583	0.894725	0.905754	0.830459	0.876072	0.863323	0.87966	0.853031	
0.335516	0.548345	0.480059	0.68533	0.576258	0.708489	0.716887	0.746886	
0.911411	0.887051	0.900144	0.82826	0.8698	0.861418	0.878347	0.855911	
0.926332	0.894307	0.906023	0.830477	0.875998	0.863368	0.879803	0.853661	
0.926177	0.889926	0.901547	0.830011	0.871049	0.86507	0.878718	0.85356	
0.926508	0.894414	0.905863	0.830802	0.87561	0.863854	0.879852	0.853891	
0.914577	0.854678	0.883739	0.787827	0.856431	0.852724	0.868256	0.85022	
0.926746	0.894236	0.905822	0.830209	0.875814	0.864022	0.880051	0.854381	
0.926738	0.89445	0.906071	0.830983	0.875561	0.864256	0.879877	0.854318	
0.926852	0.894577	0.906018	0.830845	0.875722	0.864433	0.880048	0.854481	
0.927395	0.89464	0.906131	0.831414	0.875274	0.865459	0.879779	0.855146	
0.192421	0.239662	0.314772	0.117268	0.398789	0.373286	0.420784	0.307113	
0.912275	0.85469	0.886791	0.755036	0.836949	0.840502	0.861793	0.837802	
0.927522	0.89509	0.906014	0.831185	0.875877	0.865488	0.880307	0.855284	
0.927588	0.895092	0.906155	0.831544	0.875849	0.865639	0.880188	0.855369	
0.927844	0.895516	0.906263	0.83178	0.876364	0.865796	0.880441	0.855596	
0.612083	0.422953	0.626751	0.477564	0.498724	0.67641	0.586352	0.694017	
0.924756	0.888632	0.903555	0.826732	0.870069	0.862919	0.876357	0.854472	
0.927918	0.895607	0.906385	0.832274	0.876351	0.8658	0.880394	0.855722	
0.928362	0.895853	0.906415	0.832891	0.876889	0.865966	0.880791	0.856324	
0.67462	0.799794	0.866516	0.73461	0.847615	0.834661	0.850046	0.832403	
0.925047	0.89617	0.906366	0.832594	0.876561	0.866109	0.880703	0.856051	
0.928344	0.896226	0.906499	0.833086	0.876871	0.866092	0.880834	0.856315	
0.916245	0.879281	0.903564	0.827325	0.875492	0.865259	0.880832	0.859431	
0.928543	0.896126	0.906583	0.833096	0.876843	0.866134	0.880981	0.85678	
0.918079	0.871593	0.899723	0.823663	0.87261	0.865777	0.877611	0.853287	
0.928641	0.896426	0.906695	0.833317	0.876863	0.866461	0.880989	0.856664	
0.921932	0.876025	0.892383	0.806551	0.860764	0.859141	0.875164	0.855103	
0.928881	0.896591	0.906584	0.833181	0.87687	0.866408	0.881322	0.857084	
0.928868	0.89662	0.906865	0.833613	0.87682	0.866678	0.880872	0.8571	
0.929023	0.896846	0.906733	0.833511	0.876926	0.866753	0.881391	0.857265	
0.929092	0.896832	0.906846	0.833668	0.876978	0.866813	0.881295	0.857349	
0.929642	0.897446	0.906764	0.834069	0.877013	0.867449	0.881826	0.858012	
0.47209	0.425672	0.36196	0.41532	0.355666	0.589773	0.570635	0.580634	
0.914349	0.89094	0.892456	0.823595	0.857098	0.863256	0.87303	0.853751	
0.929743	0.897302	0.907087	0.834456	0.877049	0.867601	0.881473	0.858187	
0.92984	0.897394	0.907	0.83444	0.877097	0.867621	0.881721	0.858237	
0.930024	0.897242	0.907072	0.835218	0.87677	0.868208	0.88158	0.858834	
0.910519	0.891855	0.880972	0.806336	0.853771	0.858326	0.879678	0.847833	
0.930382	0.897598	0.907136	0.835265	0.877302	0.868034	0.882206	0.858934	
0.93062	0.897803	0.907177	0.835662	0.877654	0.868513	0.882364	0.85928	
0.528352	0.509507	0.540434	0.400837	0.652238	0.754682	0.784121	0.757851	
0.925367	0.889937	0.899113	0.826338	0.875112	0.865649	0.88296	0.859017	
0.930734	0.898035	0.907247	0.835651	0.877765	0.868337	0.882597	0.859427	
0.930429	0.897745	0.906835	0.835815	0.875742	0.869797	0.882133	0.859742	
0.930847	0.898009	0.907289	0.835936	0.877409	0.868944	0.882537	0.859618	
0.876396	0.869605	0.855057	0.76124	0.801894	0.843638	0.857882	0.83192	
0.930658	0.898299	0.906858	0.83521	0.877256	0.8688	0.883046	0.859512	
0.930935	0.8982	0.907276	0.835859	0.877587	0.868958	0.882799	0.859649	
0.931426	0.897982	0.907374	0.836367	0.877452	0.869717	0.882996	0.860143	
0.596764	0.420213	0.541271	0.479456	0.368186	0.652796	0.666732	0.667851	
0.924497	0.888832	0.901659	0.829041	0.869027	0.868526	0.881631	0.856534	
0.931587	0.898593	0.907263	0.836196	0.877621	0.869978	0.883297	0.860016	
0.932067	0.899044	0.906842	0.836487	0.877966	0.870225	0.883235	0.859721	
0.925926	0.894361	0.888928	0.819095	0.875365	0.868893	0.882313	0.859382	
0.932065	0.899159	0.907145	0.836814	0.878069	0.870248	0.883642	0.860131	
0.932262	0.897607	0.906868	0.837353	0.877681	0.87081	0.884174	0.860554	
0.929546	0.893232	0.901772	0.835847	0.877443	0.870583	0.882354	0.860006	
0.932206	0.899192	0.906975	0.837176	0.87806	0.870831	0.884245	0.860575	
0.93191	0.899527	0.905503	0.835521	0.877203	0.871554	0.883165	0.859017	
0.932424	0.899385	0.90704	0.837521	0.877993	0.871052	0.8841	0.860351	
0.929049	0.89616	0.901271	0.834388	0.876838	0.870251	0.883562	0.860804	
0.932403	0.899564	0.90702	0.83746	0.878212	0.871058	0.884222	0.860588	
0.920802	0.873988	0.886036	0.820356	0.86198	0.869343	0.878321	0.85443	
0.932546	0.899477	0.90714	0.837739	0.878087	0.871416	0.884255	0.860513	
0.932603	0.899795	0.907107	0.837651	0.878349	0.871366	0.884368	0.860741	
0.932697	0.899799	0.907222	0.837822	0.878332	0.87148	0.884417	0.860786	
0.93304	0.900143	0.907268	0.837639	0.878943	0.871724	0.88482	0.861681	
0.173078	0.028296	0.125782	0.215112	0.129437	0.386067	0.314003	0.337896	
0.879175	0.739608	0.831038	0.751659	0.785708	0.838714	0.849758	0.833026	
0.933084	0.899754	0.907645	0.838136	0.878554	0.872282	0.884967	0.861657	
0.933296	0.900583	0.907725	0.838281	0.879032	0.872227	0.885083	0.8618	
0.933621	0.900812	0.907864	0.838621	0.878939	0.872772	0.885288	0.862325	
0.790305	0.695297	0.762852	0.560078	0.76187	0.796342	0.819179	0.786708	
0.932104	0.899833	0.906128	0.835339	0.878828	0.871508	0.88526	0.861512	
0.933655	0.901161	0.907845	0.838636	0.879178	0.872672	0.885416	0.862314	
0.933547	0.900702	0.907925	0.839015	0.879121	0.873064	0.885234	0.86378	
0.889682	0.892258	0.89044	0.818666	0.863578	0.864916	0.882075	0.850366	
0.934067	0.901839	0.907925	0.839134	0.87967	0.873233	0.885872	0.863273	
0.934245	0.901898	0.90754	0.838658	0.879836	0.873239	0.886388	0.86379	
0.933323	0.897061	0.907293	0.835141	0.878044	0.873361	0.884663	0.863666	
0.934359	0.902217	0.907924	0.839634	0.879814	0.873526	0.88633	0.864027	
0.932981	0.902824	0.907448	0.839181	0.879162	0.874602	0.886795	0.863275	
0.934229	0.902631	0.907995	0.839643	0.879958	0.874005	0.886563	0.863854	
0.713795	0.74364	0.768571	0.814863	0.779076	0.830358	0.85203	0.846566	
0.931568	0.899955	0.907389	0.839945	0.878838	0.873403	0.886104	0.865571	
0.934494	0.90232	0.9082	0.839771	0.879992	0.87397	0.886533	0.864308	
0.934305	0.903027	0.90751	0.839076	0.880572	0.874519	0.887444	0.864542	
0.904131	0.882212	0.89818	0.828994	0.874608	0.872125	0.881246	0.862743	
0.935112	0.902709	0.908178	0.839842	0.880407	0.874755	0.887193	0.865109	
0.934652	0.901658	0.90813	0.840432	0.880396	0.875232	0.887036	0.865855	
0.931511	0.875785	0.903096	0.833025	0.875616	0.873883	0.884812	0.863108	
0.935049	0.902858	0.908378	0.840439	0.880681	0.875514	0.887421	0.865805	
0.935374	0.903551	0.908227	0.836956	0.880884	0.874684	0.888417	0.865579	
0.935326	0.903186	0.90838	0.840132	0.880936	0.875344	0.887851	0.86597	
0.926151	0.890741	0.893158	0.804875	0.869256	0.873913	0.882132	0.861999	
0.93541	0.902987	0.908397	0.840462	0.880657	0.875771	0.88762	0.866217	
0.935349	0.903153	0.908218	0.840085	0.881187	0.87545	0.887953	0.866166	
0.935487	0.903323	0.908504	0.840535	0.880997	0.875766	0.887906	0.866287	
0.935507	0.90337	0.90851	0.840553	0.881049	0.875785	0.887932	0.866324	
0.935734	0.903769	0.908713	0.840749	0.881393	0.876114	0.888157	0.866521	
0.911256	0.895477	0.895474	0.82902	0.872339	0.87642	0.885244	0.866634	
0.935692	0.903702	0.909025	0.841162	0.881624	0.876698	0.888273	0.8669	
0.484062	0.526253	0.198042	0.385139	0.351709	0.448395	0.712527	0.666345	
0.909858	0.901008	0.889485	0.833581	0.877736	0.874869	0.88852	0.861615	
0.936122	0.904224	0.908965	0.841259	0.882005	0.876893	0.888506	0.866494	
0.935707	0.903338	0.908353	0.841473	0.880886	0.877978	0.888048	0.866719	
0.936193	0.904121	0.909076	0.841361	0.882059	0.877357	0.888483	0.866672	
0.8648	0.73561	0.757877	0.690264	0.770139	0.833018	0.849978	0.82033	
0.935639	0.902919	0.90734	0.839407	0.881878	0.876728	0.888862	0.8663	
0.936225	0.904318	0.909112	0.841263	0.882293	0.877304	0.88864	0.866675	
0.936218	0.904104	0.908999	0.841424	0.882179	0.878168	0.88895	0.866495	
0.9343	0.896128	0.907314	0.834893	0.882326	0.877496	0.888878	0.866641	
0.936317	0.904613	0.909068	0.841536	0.882362	0.878126	0.889034	0.866588	
0.936227	0.904163	0.909141	0.842161	0.881971	0.878332	0.888689	0.867139	
0.93537	0.904312	0.907387	0.838593	0.882105	0.878195	0.889536	0.865799	
0.936464	0.904538	0.909281	0.841939	0.882567	0.878525	0.889102	0.866952	
0.934882	0.895046	0.906723	0.836922	0.881072	0.879025	0.888484	0.865949	
0.936594	0.904585	0.909304	0.842154	0.882495	0.878629	0.889099	0.866889	
0.936403	0.903767	0.908301	0.839976	0.882596	0.878395	0.889762	0.8666	
0.936612	0.904748	0.909359	0.842031	0.882701	0.878633	0.889324	0.866888	
0.922972	0.848568	0.86516	0.797729	0.85466	0.874323	0.878498	0.856286	
0.936636	0.90445	0.909334	0.842365	0.882232	0.879253	0.889133	0.866853	
0.936665	0.904764	0.909469	0.842334	0.882556	0.878941	0.889264	0.866902	
0.936894	0.905203	0.909695	0.842596	0.882399	0.879239	0.890028	0.867167	
0.532515	0.318347	0.32357	0.44219	0.43341	0.624836	0.64547	0.610106	
0.93014	0.891966	0.891671	0.830561	0.871833	0.877924	0.885357	0.862916	
0.937007	0.905172	0.909961	0.842938	0.882325	0.879673	0.889877	0.867261	
0.937271	0.90557	0.909849	0.84317	0.882741	0.879505	0.890229	0.867684	
0.81409	0.599721	0.754476	0.605805	0.805921	0.807107	0.826964	0.805764	
0.93587	0.901281	0.909577	0.840353	0.88107	0.880318	0.889202	0.867078	
0.937278	0.905536	0.910111	0.843346	0.882577	0.879815	0.890162	0.867697	
0.936391	0.905322	0.909227	0.842055	0.882046	0.879459	0.890452	0.866877	
0.937295	0.905679	0.91007	0.843347	0.882802	0.879892	0.890274	0.867624	
0.923554	0.89435	0.904042	0.83093	0.871179	0.87633	0.885175	0.866869	
0.937302	0.90555	0.910355	0.843571	0.882495	0.880148	0.890072	0.867991	
0.937215	0.905943	0.91019	0.843486	0.882852	0.880143	0.890392	0.867697	
0.937415	0.905747	0.910377	0.843679	0.882688	0.880251	0.890229	0.868052	
0.93412	0.906591	0.909134	0.843193	0.882531	0.880309	0.891008	0.866887	
0.937308	0.906132	0.910317	0.84368	0.88286	0.880349	0.89045	0.867875	
0.903148	0.886535	0.896269	0.840578	0.869278	0.877185	0.883872	0.868361	
0.937419	0.905765	0.910529	0.843993	0.882605	0.88052	0.890146	0.868384	
0.937358	0.906376	0.910405	0.843869	0.882912	0.880565	0.890584	0.867951	
0.937559	0.906223	0.910551	0.844045	0.882852	0.88066	0.890427	0.868221	
0.937417	0.907052	0.910426	0.844319	0.88317	0.881218	0.891085	0.867913	
0.43589	0.315578	0.462627	0.506263	0.476132	0.63562	0.480993	0.604574	
0.912788	0.891087	0.896768	0.836758	0.866763	0.876789	0.883252	0.866448	
0.937818	0.906796	0.910826	0.844604	0.883183	0.8814	0.890746	0.86839	
0.937837	0.906865	0.910793	0.844634	0.883264	0.881461	0.890874	0.868358	
0.937963	0.906774	0.911003	0.845106	0.883613	0.882078	0.891082	0.868756	
0.583861	0.67283	0.558597	0.491997	0.379045	0.692847	0.754596	0.615725	
0.930631	0.905236	0.905061	0.839275	0.879713	0.879817	0.891783	0.864308	
0.938109	0.907078	0.910876	0.845044	0.883948	0.882104	0.891421	0.868562	
0.938259	0.906936	0.910251	0.845154	0.88296	0.882856	0.891854	0.868478	
0.938277	0.907241	0.910855	0.845198	0.883747	0.88247	0.891687	0.868608	
0.811371	0.629051	0.659443	0.687248	0.766156	0.837901	0.802588	0.793869	
0.936618	0.904068	0.907644	0.84355	0.883307	0.882335	0.891393	0.868045	
0.938212	0.907477	0.911018	0.845208	0.883947	0.882525	0.891803	0.868634	
0.938541	0.907394	0.911093	0.845604	0.884039	0.882998	0.892106	0.868756	
0.792577	0.731866	0.683821	0.783039	0.598186	0.715853	0.768883	0.795663	
0.935745	0.906618	0.908639	0.845116	0.882845	0.879909	0.891284	0.868405	
0.938355	0.907732	0.911197	0.845655	0.88442	0.882793	0.892178	0.868872	
0.938507	0.907856	0.909154	0.845976	0.883919	0.884021	0.891917	0.868343	
0.938729	0.907865	0.911083	0.845839	0.884323	0.883272	0.892147	0.868768	
0.822528	0.863122	0.739177	0.825609	0.866153	0.865515	0.88106	0.861894	
0.937409	0.907311	0.910238	0.845971	0.884294	0.883169	0.89238	0.869685	
0.938629	0.907824	0.911386	0.845942	0.884367	0.883293	0.892268	0.869128	
0.937303	0.907499	0.910256	0.846859	0.88426	0.883957	0.892723	0.868104	
0.938687	0.908222	0.911284	0.846314	0.884457	0.883558	0.892494	0.868829	
0.793912	0.712098	0.834765	0.827086	0.834369	0.862558	0.850673	0.856299	
0.937182	0.905648	0.911405	0.846566	0.883961	0.883327	0.891738	0.870167	
0.938888	0.908121	0.91156	0.846439	0.884469	0.883563	0.892379	0.86925	
0.937949	0.908445	0.911241	0.846346	0.884587	0.883787	0.893674	0.868553	
0.938723	0.908448	0.911646	0.846492	0.884703	0.883702	0.892994	0.869057	
0.722323	0.785561	0.76014	0.697629	0.755658	0.842119	0.838927	0.787627	
0.936802	0.907254	0.910744	0.846495	0.882641	0.884409	0.891017	0.868935	
0.938974	0.908427	0.911779	0.846994	0.884647	0.883977	0.892637	0.869246	
0.938907	0.907487	0.912018	0.846584	0.885329	0.883756	0.89321	0.86943	
0.931507	0.887485	0.908542	0.83596	0.873235	0.880906	0.88602	0.864239	
0.939188	0.90846	0.912022	0.847615	0.885039	0.884602	0.893246	0.869591	
0.938818	0.907882	0.91198	0.84802	0.884635	0.88544	0.893228	0.869663	
0.939109	0.908477	0.912044	0.847886	0.884883	0.884997	0.893292	0.869681	
0.91249	0.837543	0.902818	0.773962	0.861012	0.85471	0.875832	0.84481	
0.93906	0.908098	0.912084	0.847053	0.885485	0.884446	0.893543	0.869617	
0.939164	0.908565	0.912085	0.847782	0.88516	0.884887	0.893432	0.869728	
0.939151	0.908304	0.911974	0.848081	0.884428	0.885878	0.89274	0.86902	
0.939242	0.908588	0.912209	0.848057	0.885138	0.885326	0.893308	0.86962	
0.893678	0.8543	0.855674	0.730017	0.769075	0.826676	0.850442	0.78843	
0.938851	0.908172	0.911988	0.846871	0.884654	0.884601	0.893972	0.869319	
0.939254	0.908617	0.912281	0.848003	0.885346	0.88528	0.89362	0.869724	
0.939612	0.908711	0.912533	0.848531	0.885539	0.885635	0.893872	0.869532	
0.77693	0.537144	0.828112	0.592664	0.593312	0.74771	0.689261	0.678128	
0.936819	0.901384	0.912845	0.844648	0.88101	0.884346	0.89196	0.867796	
0.939473	0.908825	0.912748	0.84851	0.885887	0.885739	0.894011	0.869619	
0.93873	0.908376	0.912751	0.848455	0.885551	0.885155	0.892417	0.869911	
0.939477	0.908807	0.912876	0.848971	0.886033	0.885794	0.893691	0.869769	
0.916506	0.898858	0.882599	0.78964	0.86135	0.873623	0.891253	0.851731	
0.939257	0.909088	0.912562	0.848486	0.886248	0.885702	0.894477	0.869643	
0.939509	0.908889	0.912813	0.849416	0.886144	0.886067	0.893779	0.869889	
0.939511	0.909081	0.912839	0.849311	0.886301	0.886004	0.894097	0.869892	
0.939655	0.909305	0.91281	0.850247	0.886451	0.886463	0.894212	0.87024	
0.778444	0.838871	0.66467	0.523107	0.754194	0.826692	0.86336	0.768083	
0.937362	0.909372	0.908866	0.844813	0.886395	0.88547	0.895981	0.868145	
0.939641	0.9095	0.912754	0.850128	0.886677	0.886438	0.894566	0.870168	
0.938215	0.906709	0.907471	0.848925	0.882756	0.886816	0.892572	0.870304	
0.939851	0.909341	0.912917	0.850347	0.886552	0.886551	0.894415	0.870405	
0.930311	0.909738	0.903416	0.836969	0.878395	0.884124	0.896293	0.866096	
0.939786	0.90963	0.912943	0.850136	0.886773	0.886614	0.894801	0.870325	
0.925133	0.903066	0.906598	0.840899	0.873856	0.883932	0.890003	0.869628	
0.939966	0.909387	0.913102	0.850457	0.886628	0.886743	0.894642	0.87072	
0.939944	0.909702	0.913164	0.850243	0.886735	0.886917	0.895017	0.870489	
0.940064	0.909563	0.913279	0.850495	0.886652	0.886984	0.894902	0.870806	
0.937653	0.910484	0.913101	0.84935	0.885518	0.887197	0.896168	0.869867	
0.939934	0.909941	0.913383	0.850391	0.886695	0.887261	0.895332	0.870636	
0.766806	0.832463	0.854228	0.752007	0.745398	0.808282	0.842712	0.838068	
0.938238	0.908576	0.913534	0.850369	0.884605	0.886606	0.89451	0.871779	
0.94013	0.909747	0.913566	0.850639	0.886642	0.887319	0.895229	0.871004	
0.93971	0.910156	0.913662	0.851065	0.886401	0.88818	0.89598	0.871437	
0.617678	0.611417	0.438841	0.671444	0.482993	0.772659	0.637596	0.706872	
0.933281	0.90394	0.902531	0.848494	0.87177	0.887401	0.888712	0.866446	
0.94007	0.909985	0.914003	0.851179	0.886426	0.88831	0.895869	0.871475	
0.939363	0.910707	0.913207	0.851591	0.886826	0.888147	0.896865	0.871038	
0.928502	0.901374	0.909355	0.845811	0.876555	0.888795	0.893297	0.870582	
0.9401	0.910427	0.913878	0.852085	0.886613	0.888612	0.89664	0.871426	
0.939661	0.910108	0.913675	0.852579	0.886682	0.888771	0.896556	0.871826	
0.938639	0.90882	0.913725	0.852004	0.885249	0.888577	0.89719	0.87161	
0.940111	0.910478	0.913864	0.852815	0.886746	0.888891	0.896965	0.871907	
0.935129	0.910446	0.912773	0.851984	0.884537	0.888933	0.897571	0.869907	
0.940027	0.910765	0.913922	0.852824	0.886864	0.889013	0.897187	0.871721	
0.92982	0.900223	0.911502	0.853751	0.883508	0.888914	0.896558	0.873026	
0.94008	0.910632	0.913964	0.85317	0.886776	0.889133	0.897207	0.871922	
0.928162	0.88847	0.908036	0.84643	0.882452	0.888627	0.895773	0.870069	
0.940117	0.910779	0.914059	0.853266	0.886831	0.889353	0.897293	0.871816	
0.939917	0.910969	0.913872	0.853273	0.887141	0.889215	0.897568	0.871858	
0.940155	0.910881	0.913998	0.853621	0.886829	0.889583	0.897333	0.871972	
0.940073	0.911042	0.91405	0.853616	0.887042	0.88948	0.897517	0.871947	
0.940222	0.911142	0.913967	0.854292	0.887071	0.890055	0.897604	0.872291	
0.658318	0.809399	0.380306	0.417356	0.662157	0.770686	0.827054	0.691891	
0.933381	0.91062	0.888157	0.845455	0.886312	0.887212	0.898635	0.869418	
0.940084	0.91132	0.914034	0.854207	0.887352	0.889947	0.897858	0.872247	
0.940206	0.911299	0.914084	0.854333	0.887264	0.890052	0.897788	0.872286	
0.939965	0.911843	0.913691	0.854249	0.887847	0.890213	0.898281	0.872313	
0.934491	0.903166	0.889236	0.844212	0.878047	0.889595	0.892402	0.870269	
0.940365	0.911678	0.914143	0.85464	0.887694	0.890405	0.898054	0.872479	
0.940272	0.911682	0.914169	0.854942	0.887852	0.890823	0.898107	0.872872	
0.708474	0.366576	0.663366	0.590255	0.730811	0.841921	0.784369	0.840372	
0.937859	0.899413	0.910735	0.851696	0.884084	0.890124	0.896251	0.872649	
0.940573	0.911966	0.91423	0.855042	0.88776	0.890833	0.898093	0.872896	
0.939244	0.912753	0.911094	0.852929	0.886991	0.890639	0.898487	0.872759	
0.940534	0.912155	0.914176	0.85497	0.887857	0.890898	0.898239	0.872957	
0.938992	0.907748	0.909322	0.849533	0.883372	0.889989	0.89466	0.871849	
0.940665	0.912146	0.91433	0.855154	0.887847	0.890984	0.898092	0.872992	
0.938403	0.912348	0.911091	0.850782	0.886548	0.890488	0.898617	0.872764	
0.940621	0.912399	0.914198	0.855068	0.888061	0.891026	0.898276	0.873087	
0.927054	0.90369	0.908613	0.846796	0.877161	0.890034	0.893941	0.87153	
0.940823	0.912131	0.91442	0.855409	0.887824	0.891298	0.898103	0.873246	
0.940699	0.912622	0.914274	0.855253	0.888233	0.891217	0.898344	0.873115	
0.940916	0.912401	0.914434	0.855487	0.888096	0.891355	0.898228	0.873297	
0.938729	0.913631	0.913202	0.854601	0.888221	0.891398	0.898986	0.872873	
0.940757	0.912888	0.914281	0.85542	0.888389	0.891444	0.898484	0.873245	
0.814657	0.84687	0.853648	0.808629	0.828648	0.86879	0.876449	0.85751	
0.940025	0.911405	0.914283	0.855909	0.887247	0.891827	0.897901	0.873852	
0.941029	0.912591	0.914467	0.855719	0.888236	0.891619	0.898363	0.873469	
0.941	0.913277	0.914428	0.855922	0.888769	0.891667	0.898787	0.873799	
0.636042	0.576085	0.671948	0.621438	0.560847	0.723335	0.720727	0.743338	
0.934521	0.906738	0.910339	0.851447	0.881668	0.89122	0.89586	0.873434	
0.941314	0.913039	0.914555	0.856139	0.888535	0.891989	0.898712	0.874062	
0.940847	0.912731	0.914657	0.855718	0.889024	0.891367	0.899077	0.874135	
0.941234	0.91306	0.914708	0.856161	0.888823	0.891824	0.898887	0.874195	
0.921126	0.836335	0.881327	0.802812	0.853463	0.884158	0.878591	0.86092	
0.941463	0.912417	0.914663	0.855767	0.88849	0.892233	0.898744	0.874297	
0.941379	0.91303	0.914783	0.856204	0.888793	0.892	0.898892	0.874272	
0.941208	0.912704	0.914605	0.856449	0.888992	0.891544	0.899094	0.874602	
0.941367	0.913214	0.914771	0.856417	0.888928	0.891844	0.899022	0.874442	
0.895573	0.757725	0.877189	0.78408	0.849015	0.871994	0.861835	0.864844	
0.941204	0.911843	0.915127	0.855597	0.888573	0.892401	0.898614	0.874787	
0.941425	0.913202	0.914995	0.856389	0.888916	0.892088	0.898985	0.874584	
0.940742	0.913803	0.914949	0.855822	0.888702	0.891737	0.899785	0.874249	
0.941337	0.913516	0.915088	0.85641	0.88903	0.892041	0.899354	0.874536	
0.887615	0.876552	0.859931	0.811837	0.814622	0.873869	0.852786	0.852154	
0.941309	0.912876	0.915084	0.85649	0.888018	0.892713	0.898358	0.875094	
0.941472	0.913385	0.915235	0.856598	0.888965	0.892336	0.899132	0.8748	
0.940984	0.913953	0.914958	0.856399	0.888546	0.892225	0.899964	0.874539	
0.941389	0.913682	0.91543	0.856603	0.889016	0.892343	0.899541	0.874782	
0.871064	0.847309	0.721464	0.783403	0.784154	0.864029	0.857357	0.833385	
0.941248	0.912708	0.913874	0.856441	0.887706	0.893155	0.898704	0.87538	
0.941542	0.913552	0.915554	0.856778	0.888923	0.892633	0.899408	0.875073	
0.940705	0.913143	0.915332	0.857334	0.888818	0.891938	0.899699	0.875429	
0.941522	0.913657	0.915582	0.857064	0.888994	0.892435	0.899616	0.87526	
0.886059	0.815506	0.876556	0.828346	0.84959	0.885437	0.871043	0.86008	
0.941394	0.913258	0.915359	0.856836	0.888912	0.893196	0.899453	0.875028	
0.941645	0.91377	0.915599	0.857064	0.889054	0.892752	0.899637	0.875212	
0.941021	0.913359	0.916012	0.857109	0.889684	0.892051	0.900197	0.875596	
0.93682	0.89195	0.904227	0.851293	0.880844	0.890719	0.895424	0.873633	
0.94153	0.914193	0.916012	0.857545	0.889598	0.892915	0.900212	0.875807	
0.940907	0.913439	0.915783	0.857478	0.890187	0.893371	0.900407	0.875691	
0.941483	0.914341	0.916011	0.857541	0.889865	0.89313	0.900306	0.875761	
0.883645	0.807471	0.893606	0.853556	0.878581	0.886777	0.890127	0.875706	
0.941426	0.913407	0.915917	0.857915	0.889623	0.893323	0.900168	0.876228	
0.941655	0.914303	0.916038	0.857707	0.889798	0.893226	0.900278	0.875955	
0.941166	0.914053	0.915877	0.857593	0.890914	0.89346	0.900483	0.876011	
0.928101	0.887357	0.909821	0.855289	0.882722	0.892614	0.890071	0.871478	
0.941952	0.914558	0.916294	0.858187	0.89084	0.894107	0.900367	0.87631	
